0.0,0.0,0.0,0.0,0.0,0.0,0.0
0.15898501427020534,-0.03888105673063732,-0.1672239355212784,-0.0928491149727076,-0.15597665602892044,0.17747079723670958,-0.21668972376296144
0.3020721468680521,-0.10327303591285814,-0.3177072634931758,-0.2724386316212904,-0.2963556464549489,0.33719456630570455,-0.4117202715033125
0.430855602130833,-0.1810111500962569,-0.45317671688328076,-0.5016039148548738,-0.4226967378383745,0.4809457793614362,-0.5872429567196705
0.5467545511102881,-0.24671577917792953,-0.5750987279993223,-0.708935427204352,-0.5364037200834576,0.6103211243430595,-0.7452063095564821
0.6510629682916727,-0.3022517270989749,-0.6848622882475519,-0.8955303360579158,-0.6387400041040323,0.7267584108659733,-0.8873561834962993
0.7449427622153543,-0.34873302706720943,-0.7836664701616902,-1.0634645233686453,-0.7308426597225496,0.8315523565997354,-1.0152848195031008
0.8294355119692082,-0.38609141064517394,-0.8725925495489519,-1.2146052986051978,-0.8137350497792151,0.925867116617733,-1.1304202769214267
0.9054785653227433,-0.413169472937982,-0.9526235563414389,-1.3506321567285153,-0.8883382008302141,1.010750312065889,-1.234043051130391
0.9739167383915308,-0.4278237115376414,-1.0246494192300548,-1.4730564066187357,-0.9554810367761132,1.0871450667103963,-1.3273040866997368
1.0355093915070972,-0.42703362001769474,-1.0894698130800964,-1.5832382606344262,-1.0159097349929067,1.1559006080914873,-1.4112392199228108
1.0909417723307409,-0.40703726953161967,-1.1478080105578896,-1.6824019292485477,-1.070295717515582,1.2177810350965712,-1.4867805996990002
1.140827065566233,-0.36352067332655613,-1.2003119640526292,-1.771649231001257,-1.1192435406553007,1.2734748281337744,-1.5547671117311765
1.1857029721476957,-0.291857815631936,-1.2475641839959728,-1.8519718025786955,-1.1632980411037062,1.3236054255676637,-1.615952292689839
1.2259531337011016,-0.1873406426267395,-1.29008850902981,-1.92426211699839,-1.2029507839066245,1.3687540118367676,-1.6710099510218615
1.2629520275721393,-0.07294586186401035,-1.34190997471798,-1.9371493573003298,-1.2340558342462136,1.4095013710792144,-1.7217799979314516
1.287769014043401,0.06277555726706131,-1.3935154204968774,-1.9749574235736203,-1.2655138531132808,1.4457388361645,-1.7665215860898733
1.3177204701741574,0.22108555898611792,-1.4500789986145721,-2.034950351205064,-1.294060631935051,1.4791778038575225,-1.8066793928705531
1.3417138161428939,0.3737746875565338,-1.472551540868652,-2.0889428107621217,-1.3205465063314075,1.5069358932130206,-1.8425724765461353
1.3671480795467292,0.5111717887860784,-1.4925487596820108,-2.137536024363474,-1.3445163982984005,1.5342991626810938,-1.8750076308393497
1.3895375028063734,0.634832902612325,-1.510575137165456,-2.1812699166046907,-1.366060788686175,1.5585006812557494,-1.9041773095902472
1.4095818960386757,0.7461286724029925,-1.5268029955231648,-2.2206304196217856,-1.385434997745785,1.580143302951904,-1.9304256122584602
1.427610249742696,0.8462949171936059,-1.5414082356850358,-2.256054872337171,-1.4028687412542193,1.5996016236769868,-1.9540488224595267
1.4438351397221663,0.9364445420988842,-1.5545529621743934,-2.287936879781018,-1.418558967821399,1.6171130425503069,-1.9753096841016704
1.4584375686414177,1.0175792115735054,-1.566383236262763,-2.3166306864804804,-1.4326803230444325,1.6328736949094511,-1.9944444072951326
1.4715794812520846,1.0906004141572545,-1.5770304748831645,-2.3424551125099966,-1.4453894293711285,1.6470576600933116,-2.0116656571640346
1.4834071558595727,1.1563194997592334,-1.586612992498257,-2.365697095936561,-1.4568276661219042,1.6598232365014833,-2.0271647541344153
1.4940521765215726,1.215466686514906,-1.5952372723318673,-2.386614881020469,-1.467122311267808,1.6713128440273963,-2.041113855189772
1.503632582675217,1.2686991540900598,-1.6029991051136383,-2.405440887595986,-1.4763874428112451,1.6816531071764538,-2.053668028610673
1.5122549309686053,1.3166083789630956,-1.6099847207160585,-2.4223842935139515,-1.484726155825836,1.6909590881214571,-2.0649666873953554
1.5200151266723965,1.359726694058812,-1.616271678106895,-2.4376333588401202,-1.4922313444151396,1.699333911021147,-2.075135181035071
1.5269990846605352,1.3985331647041013,-1.621929904218195,-2.451357517633672,-1.4989856754879072,1.7068700501692533,-2.0842869133010438
1.533284543211774,1.43345898136837,-1.6270222849337064,-2.463709260547869,-1.5050643954854588,1.7136518849470002,-2.092523514700899
1.538941407679958,1.4648922127198687,-1.6316054124373758,-2.4748258291706464,-1.510535149449509,1.719755124777006,-2.099936475267841
1.544032822824645,1.4931821493327198,-1.6357299330092523,-2.484830740931146,-1.515459604772922,1.7252455372461206,-2.106607354592314
1.5486150704734416,1.518643089159926,-1.6394419944380083,-2.4938351615155954,-1.5198915244493847,1.7301865986140454,-2.11261117878616
1.55273908130968,1.5415579328032405,-1.6427828493825078,-2.5019391400416,-1.523880185910062,1.7346334006375626,-2.118014654186191
1.5564506850802566,1.5621812903243972,-1.6457896237243619,-2.509232720715004,-1.5274699269367145,1.7386354762484066,-2.122877818632019
1.5597911242716929,1.5807423105037488,-1.6484957297743437,-2.515796943321068,-1.5307006447297662,1.7422373743757205,-2.1272547072005286
1.562797514953672,1.5974472271063564,-1.6509312377480065,-2.5217047436665254,-1.5336082433750597,1.745479167700049,-2.1311939513555727
1.565502911533793,1.6124816141791227,-1.6531236308266688,-2.527021763977437,-1.5362240750665708,1.748400848372344,-2.1347403543952415
1.5679377684559077,1.626012562544613,-1.6550967845974596,-2.531807082257257,-1.5385783235889425,1.7510303609773605,-2.137932117130931
1.5701291396858161,1.6381904160735545,-1.6568726229911666,-2.5361138687090956,-1.5406971472590874,1.7533969223218315,-2.1408047035930404
1.5721013737927385,1.6491504842496023,-1.6584708775454988,-2.5399899765157503,-1.5426040885622263,1.755526827531819,-2.1433900314089303
1.5738763844889725,1.6590145456080456,-1.6599093066443946,-2.5434784735417395,-1.5443203357350583,1.7574437422207794,-2.1457168264432243
1.5754738941155864,1.6678922008306447,-1.6612038928333988,-2.5466181208651295,-1.545864958190612,1.7591689654408234,-2.147810941974084
1.5769116527795413,1.6758820905309841,-1.6623690204035009,-2.549443803456181,-1.5472551184006138,1.76072166633885,-2.149695645951854
1.5782056355771021,1.6830729912612896,-1.663417635216592,-2.5519869177881267,-1.5485062625896169,1.7621190971470684,-2.1513918795318463
1.579370220094908,1.6895448019185646,-1.664361388548374,-2.5542757206868782,-1.5496322923597199,1.7633767848744655,-2.1529184897538394
1.5804183461609336,1.695369431510112,-1.6652107665469782,-2.5563356432957547,-1.5506457191528118,1.7645087038291292,-2.1542924389536346
1.5813616596203564,1.7006115981425047,-1.665975206745723,-2.558189573643743,-1.5515578032665924,1.765527430888337,-2.155528993233453
1.5822106417338362,1.705329548111658,-1.6666632029245947,-2.559858110956933,-1.5523786789689922,1.7664442852416389,-2.156641892085293
1.582974725635967,1.7095757030838958,-1.667282399485581,-2.561359794538804,-1.5531174671011483,1.7672694541596279,-2.1576435010519535
1.5836624011478835,1.7133972425589097,-1.6678396763904706,-2.562711309762488,-1.5537823764200847,1.7680121061858378,-2.158544949121952
1.5842813091086065,1.716836628086422,-1.6683412256048733,-2.563927673463803,-1.554380794807123,1.7686804930094477,-2.1593562523849563
1.5848383262732557,1.7199320750611828,-1.668792619897838,-2.565022400794987,-1.5549193713554532,1.7692820411507189,-2.160086425321665
1.585339641721438,1.7227179773384675,-1.6691988747615085,-2.566007655393052,-1.5554040902489454,1.7698234344778854,-2.1607435809647084
1.5857908256248001,1.7252252893880236,-1.6695645041388143,-2.5668943845313112,-1.5558403372530838,1.7703106884723578,-2.1613350210434525
1.586196891137824,1.7274818702326238,-1.6698935705783917,-2.5676924407557444,-1.5562329595568036,1.7707492170674053,-2.1618673171143277
1.5865623500995434,1.7295127929927638,-1.6701897303740136,-2.5684106913577343,-1.5565863196301468,1.7711438928029697,-2.1623463835781203
1.586891263165089,1.7313406234768898,-1.6704562741900755,-2.569057116899525,-1.5569043436961514,1.7714991009649985,-2.1627775433955385
1.5871872849240785,1.7329856709126028,-1.6706961636245332,-2.5696388998871367,-1.5571905653555513,1.7718187883108445,-2.16316558723122
1.587453704507167,1.7344662136047444,-1.670912064115547,-2.570162504575987,-1.5574481648490073,1.772106506922125,-2.1635148266833375
1.587693482131945,1.7357987020276717,-1.6711063745574615,-2.5706337487959523,-1.5576800043931138,1.772365453672295,-2.1638291421902474
1.5879092819942435,1.7369979416083061,-1.6712812539551862,-2.5710578685939214,-1.5578886599828061,1.772598505747465,-2.1641120261464706
1.5881035018703107,1.7380772572308771,-1.67143864541314,-2.5714395764120934,-1.5580764500135258,1.7728082526151336,-2.164366621707075
1.5882782997587697,1.7390486412911907,-1.6715802977253,-2.5717831134484483,-1.5582454610411705,1.77299702479605,-2.164595757711622
1.5884356178583814,1.739922886945473,-1.6717077848062454,-2.5720922967811677,-1.5583975709660478,1.7731669197588884,-2.164801980115718
1.5885772041480308,1.740709708034327,-1.6718225231790975,-2.572370561780615,-1.5585344698984347,1.7733198252254554,-2.164987580279407
1.5887046318087141,1.7414178470142954,-1.6719257877146656,-2.572621000280118,-1.5586576789375806,1.773457440145377,-2.1651546204267302
1.588819316703328,1.742055172096267,-1.6720187257966779,-2.5728463949296705,-1.5587685670728095,1.7735812935733173,-2.165304956559323
1.5889225331084795,1.7426287646700411,-1.67210237007049,-2.5730492501142677,-1.5588683663945135,1.773692761658473,-2.1654402590786592
1.589015427873115,1.743144997986438,-1.6721776499169219,-2.573231819780405,-1.5589581857840453,1.773793082935122,-2.165562031346064
1.5890990331612862,1.743609607971195,-1.6722454017787114,-2.5733961324799286,-1.5590390232346223,1.7738833720841143,-2.1656716263867297
1.5891742779206395,1.7440277569574762,-1.6723063784543226,-2.5735440139095,-1.55911177694014,1.7739646323182148,-2.1657702619233308
1.5892419982040569,1.7444040910451293,-1.6723612574623734,-2.573677107196114,-1.5591772552751044,1.774037766528912,-2.1658590339062735
1.5893029464591317,1.744742791724017,-1.6724106485696197,-2.5737968911540667,-1.559236185776571,1.7741035873185456,-2.1659389286909234
1.5893577998886985,1.745047622335016,-1.672455100566142,-2.573904696716224,-1.5592892232278899,1.7741628260292213,-2.1660108339971096
1.5894071679753081,1.745321969884915,-1.6724951073630128,-2.5740017217221656,-1.5593369569340758,1.7742161408688346,-2.166075548772678
1.5894515992532563,1.745568882679824,-1.6725311134801968,-2.574089044227513,-1.559379917269642,1.7742641242244912,-2.166133792070691
1.5894915874034092,1.745791104195242,-1.672563518985663,-2.574167634482326,-1.559418581571651,1.7743073092445862,-2.1661862110389034
1.5895275767385466,1.7459911035591182,-1.6725926839405827,-2.5742383657116577,-1.5594533794434582,1.7743461757626755,-2.1662333881102955
1.58955996714017,1.746171102986607,-1.672618932400011,-2.574302023818056,-1.5594846975280838,1.7743811556289593,-2.1662758474745494
1.5895891185016304,1.7463331024713467,-1.6726425560134968,-2.5743593161138145,-1.5595128838042462,1.7744126375086178,-2.1663140609023785
1.5896153547269447,1.7464789020076124,-1.6726638172656343,-2.574410879179997,-1.559538251452792,1.774440971200313,-2.1663484529874255
1.5896389673297273,1.7466101215902514,-1.6726829523925582,-2.5744572859395616,-1.5595610823364825,1.7744664715228415,-2.1663794058639683
1.5896602186722315,1.7467282192146265,-1.67270017400679,-2.5744990520231696,-1.5595816301318035,1.7744894218131193,-2.1664072634528573
1.589679344880485,1.746834507076564,-1.6727156734595987,-2.5745366414984168,-1.559600123147592,1.7745100770743714,-2.166432335282858
1.5896965584679128,1.746930166152308,-1.672729622967127,-2.574570472026139,-1.5596167668618013,1.7745286668095002,-2.1664548999298585
1.5897120506965978,1.7470162593204774,-1.6727421775239024,-2.5746009195010893,-1.5596317462045892,1.7745453975711176,-2.1664752081121597
1.5897259937024142,1.7470937431718299,-1.6727534766250005,-2.5746283222285444,-1.559645227613098,1.7745604552565748,-2.166493485476231
1.5897385424076487,1.7471634786380472,-1.672763645815989,-2.574652984683254,-1.5596573608807558,1.7745740071734877,-2.1665099351038957
1.5897498362423597,1.7472262405576426,-1.6727727980878786,-2.5746751808924926,-1.5596682808216475,1.7745862038987106,-2.166524739768794
1.5897600006935995,1.7472827262852786,-1.6727810351325796,-2.5746951574808072,-1.5596781087684497,1.7745971809514123,-2.166538063967203
1.5897691486997152,1.747333563440151,-1.6727884484728104,-2.5747131364102906,-1.5596869539205716,1.7746070602988449,-2.1665500557457715
1.5897773819052192,1.7473793168795362,-1.6727951204790183,-2.5747293174468258,-1.559694914557481,1.774615951711535,-2.166560848346483
1.5897847917901728,1.7474204949749828,-1.6728011252846056,-2.574743880379707,-1.5597020791306992,1.774623953982957,-2.1665705616871236
1.589791460686631,1.7474575552608846,-1.6728065296096342,-2.574756987019301,-1.5597085272465956,1.7746311560272374,-2.1665793036937004
1.5897974626934432,1.7474909095181963,-1.67281139350216,-2.574768782994935,-1.5597143305509023,1.7746376378670905,-2.1665871714996197
1.589802864499574,1.7475209283497768,-1.6728157710054332,-2.5747793993730053,-1.559719553524778,1.7746434715229589,-2.166594252524947
1.5898077261250918,1.7475479452981992,-1.672819710758379,-2.5747889541132687,-1.5597242542012661,1.774648721813241,-2.166600625447742
1.5898121015880577,1.7475722605517796,-1.6728232565360306,-2.574797553379506,-1.5597284848101054,1.7746534470744952,-2.1666063610782573
1.5898160395047272,1.7475941442800018,-1.672826447735917,-2.5748052927191196,-1.5597322923580605,1.7746576998096246,-2.1666115231457215
1.5898195836297295,1.7476138396354017,-1.6728293198158146,-2.574812258124772,-1.55973571915122,1.7746615272712414,-2.166616169006439
1.5898227733422317,1.7476315654552617,-1.6728319046877227,-2.574818526989859,-1.5597388032650636,1.774664971986697,-2.166620350281085
1.5898256440834835,1.7476475186931357,-1.67283423107244,-2.574824168968437,-1.5597415789675229,1.7746680722306072,-2.1666241134282664
1.5898282277506102,1.7476618766072223,-1.6728363248186855,-2.5748292467491574,-1.559744077099736,1.7746708624501266,-2.16662750026073
1.5898305530510242,1.7476747987299002,-1.6728382091903065,-2.5748338167518057,-1.5597463254187278,1.7746733736476943,-2.166630548409947
1.5898326458213967,1.7476864286403104,-1.6728399051247653,-2.5748379297541892,-1.5597483489058204,1.7746756337255056,-2.166633291744242
1.589834529314732,1.7476968955596797,-1.6728414314657785,-2.5748416314563345,-1.5597501700442036,1.774677667795536,-2.166635760745108
1.5898362244587336,1.7477063157871118,-1.6728428051726902,-2.5748449629882653,-1.5597518090687486,1.7746794984585634,-2.1666379828458875
1.5898377500883352,1.7477147939918007,-1.6728440415089108,-2.574847961367003,-1.5597532841908388,1.7746811460552883,-2.166639982736589
1.5898391231549764,1.7477224243760208,-1.6728451542115093,-2.5748506599078667,-1.5597546118007202,1.7746826288923407,-2.1666417826382203
1.5898403589149537,1.7477292917218188,-1.672846155643848,-2.574853088594644,-1.5597558066496133,1.7746839634456881,-2.1666434025496883
1.589841471098933,1.7477354723330372,-1.672847056932953,-2.574855274412744,-1.5597568820136172,1.774685164543701,-2.1666448604700097
1.5898424720645146,1.7477410348831337,-1.6728478680931473,-2.574857241649034,-1.5597578498412206,1.7746862455319126,-2.1666461725982993
1.589843372933538,1.7477460411782204,-1.6728485981373222,-2.5748590121616948,-1.5597587208860635,1.7746872184213032,-2.16664735351376
1.589844183715659,1.7477505468437986,-1.6728492551770797,-2.5748606056230896,-1.5597595048264221,1.7746880940217549,-2.1666484163376745
1.5898449134195678,1.747754601942819,-1.6728498465128614,-2.5748620397383446,-1.559760210372745,1.7746888820621614,-2.1666493728791973
1.5898455701530858,1.7477582515319372,-1.672850378715065,-2.5748633304420743,-1.5597608453644356,1.7746895912985272,-2.166650233766568
1.589846161213252,1.7477615361621437,-1.6728508576970482,-2.574864492075431,-1.5597614168569571,1.7746902296112566,-2.1666510085652018
1.5898466931674016,1.7477644923293294,-1.6728512887808331,-2.574865537545452,-1.5597619312002264,1.7746908040927132,-2.166651705883972
1.5898471719261362,1.7477671528797967,-1.6728516767562396,-2.574866478468471,-1.5597623941091687,1.7746913211260242,-2.166652333470865
1.5898476028089974,1.747769547375217,-1.6728520259341053,-2.5748673252991883,-1.5597628107272168,1.7746917864560041,-2.166652898299069
1.5898479906035723,1.7477717024210955,-1.6728523401941846,-2.5748680874468337,-1.5597631856834602,1.774692205252986,-2.1666534066444525
1.5898483396186898,1.7477736419623862,-1.6728526230282559,-2.5748687733797144,-1.5597635231440792,1.77469258217027,-2.1666538641552977
1.5898486537322956,1.7477753875495476,-1.67285287757892,-2.574869390719307,-1.5597638268586362,1.7746929213958254,-2.1666542759150587
1.5898489364345407,1.747776958577993,-1.6728531066745178,-2.5748699463249407,-1.5597641002017375,1.7746932266988253,-2.166654646498843
1.5898491908665613,1.7477783725035938,-1.6728533128605558,-2.574870446370011,-1.5597643462105286,1.7746935014715253,-2.1666549800242496
1.5898494198553799,1.7477796450366345,-1.67285349842799,-2.574870896410574,-1.5597645676184406,1.7746937487669552,-2.1666552801971153
1.5898496259453165,1.7477807903163711,-1.6728536654386807,-2.5748713014470805,-1.5597647668855614,1.7746939713328422,-2.1666555503526945
1.5898498114262596,1.7477818210681342,-1.6728538157483024,-2.5748716659799364,-1.5597649462259702,1.7746941716421405,-2.1666557934927155
1.5898499783591082,1.7477827487447208,-1.672853951026962,-2.574871994059507,-1.559765107632338,1.774694351920509,-2.1666560123187346
1.5898501285986721,1.7477835836536488,-1.6728540727777557,-2.5748722893311204,-1.559765252898069,1.7746945141710406,-2.1666562092621517
1.5898502638142797,1.7477843350716842,-1.67285418235347,-2.5748725550755727,-1.559765383637227,1.7746946601965192,-2.166656386511227
1.5898503855083266,1.7477850113479159,-1.6728542809716127,-2.5748727942455796,-1.5597655013024692,1.77469479161945,-2.166656546035395
1.5898504950329686,1.7477856199965245,-1.6728543697279412,-2.5748730094985857,-1.5597656072011872,1.7746949099000877,-2.1666566896071457
1.5898505936051464,1.7477861677802722,-1.6728544496086368,-2.574873203226291,-1.5597657025100333,1.7746950163526616,-2.1666568188217217
1.5898506823201064,1.7477866607856452,-1.672854521501263,-2.574873377581226,-1.559765788287995,1.774695112159978,-2.16665693511484
1.5898507621635705,1.7477871044904807,-1.6728545862046265,-2.5748735345006675,-1.5597658654881603,1.7746951983865629,-2.1666570397786464
1.5898508340226882,1.7477875038248327,-1.6728546444376535,-2.5748736757281647,-1.5597659349683093,1.7746952759904893,-2.1666571339760723
1.5898508986958941,1.7477878632257495,-1.6728546968473779,-2.5748738028329123,-1.5597659975004432,1.774695345834023,-2.166657218753756
1.5898509569017794,1.7477881866865748,-1.6728547440161299,-2.574873917227185,-1.5597660537793638,1.7746954086932034,-2.1666572950536707
1.5898510092870761,1.7477884778013175,-1.6728547864680068,-2.5748740201820306,-1.5597661044303923,1.7746954652664657,-2.166657363723594
1.5898510564338433,1.747788739804586,-1.672854824674696,-2.5748741128413917,-1.559766150016318,1.7746955161824018,-2.1666574255265254
1.5898510988659336,1.7477889756075276,-1.6728548590607162,-2.5748741962348167,-1.559766191043651,1.7746955620067444,-2.1666574811491635
1.589851137054815,1.747789187830175,-1.6728548900081344,-2.5748742712888992,-1.559766227968251,1.7746956032486527,-2.1666575312095375
1.5898511714248083,1.7477893788305576,-1.6728549178608108,-2.5748743388375734,-1.5597662612003906,1.77469564036637,-2.1666575762638742
1.5898512023578022,1.747789550730902,-1.6728549429282196,-2.5748743996313803,-1.5597662911093164,1.7746956737723159,-2.1666576168127776
1.5898512301974967,1.747789705441212,-1.6728549654888873,-2.5748744543458066,-1.5597663180273496,1.774695703837667,-2.1666576533067903
1.5898512552532218,1.747789844680491,-1.6728549857934885,-2.57487450358879,-1.5597663422535795,1.774695730896483,-2.1666576861514018
1.5518382502316213,1.7413182084610188,-1.6769551413829118,-2.526481978300276,-1.5560649481590307,1.7718280369636663,-2.181193383201953
1.5520243893243206,1.7419654973983167,-1.6765451440982353,-2.526955140430239,-1.556435109372048,1.7721148307113495,-2.179739843057204
1.554987271011092,1.7424578098110226,-1.6762655332234513,-2.5308210736198804,-1.5567042394915267,1.7723359148581268,-2.178547624727687
1.5568382325087997,1.7428100391065813,-1.67610252757763,-2.533373071176038,-1.5568825121932321,1.7724974913501494,-2.1775958756875458
1.5576925147100862,1.7430355910504496,-1.6760437276863245,-2.5347411748381514,-1.556979084924381,1.7726051426979665,-2.17686573926402
1.557653691589712,1.7431465324235051,-1.676077977421901,-2.5350423653705842,-1.5570022005300916,1.7726638938707775,-2.1763401586042996
1.5568148404949067,1.743153724824243,-1.676195239485974,-2.53438186880794,-1.5569592787109134,1.77267826805475,-2.1760037001347383
1.5552595951951695,1.7430669451106688,-1.6763864833289872,-2.532854331983711,-1.5568569981867364,1.7726523367241014,-2.1758423945840506
1.5530630935192713,1.7428949937734743,-1.6766435843118535,-2.5305448805160746,-1.5567013708529445,1.772589764846332,-2.1758435937410967
1.550292830038734,1.7426457924876178,-1.6769592329411938,-2.5275300709135515,-1.5564978084003966,1.7724938514873203,-2.1759958414554883
1.5470094233180531,1.7423264719160034,-1.6773268531799348,-2.523878747407376,-1.5562511822187102,1.7723675663192617,-2.1762887574482157
1.5432673063398148,1.7419434507136466,-1.677740528953033,-2.5196528131011027,-1.5559658774726404,1.7722135825899574,-2.1767129326053656
1.5391153477139465,1.7415025066476406,-1.6781949379908077,-2.5149079239221623,-1.555645841639423,1.7720343067065667,-2.1772598346811907
1.5345974106462683,1.7410088405996667,-1.6786852922987348,-2.5096941131466406,-1.555294628239646,1.771831904893886,-2.177921723332694
1.5297515300912452,1.7404671072676658,-1.6792075770576387,-2.5040573215314996,-1.5549155550524996,1.771608220040644,-2.1786893417260185
1.52461454362575,1.739881551815239,-1.6797575904156554,-2.498036932681678,-1.55451136776708,1.7713651275702027,-2.179558803595709
1.5192180859149624,1.7392559674617278,-1.6803318530494291,-2.4916692696784217,-1.5540846634371568,1.771104205944794,-2.1805242770197966
1.5135905308337811,1.7385937684412809,-1.6809272321998097,-2.484986966822894,-1.5536377768203158,1.7708268765830066,-2.1815804724720187
1.5077573071232822,1.7378980280377168,-1.6815409097503755,-2.4780193363009624,-1.553172809751435,1.770534419042851,-2.1827225804845938
1.5017411948107444,1.737171512585644,-1.6821703506197683,-2.470792699925693,-1.552691654351984,1.7702279851772222,-2.1839462260204923
1.495562591806731,1.7364167120804441,-1.682813274333742,-2.46333068766773,-1.5521960139547335,1.7699086118712115,-2.185247427265083
1.4892397537429896,1.7356358677241814,-1.683467629442328,-2.4556545062851063,-1.5516874219254588,1.7695772325020844,-2.186622558487041
1.4827890097296839,1.73483099671455,-1.684131570497547,-2.447783181042891,-1.5511672585954355,1.7692346872504432,-2.1880683165637262
1.4762249564435388,1.7340039145556174,-1.6848034373363028,-2.43973377321664,-1.550636766507447,1.7688817323817678,-2.1895816908050763
1.4695606327160178,1.733156255136663,-1.6854817364374748,-2.431521575799237,-1.5500970641381415,1.7685190485994677,-2.191159935750425
1.4628076765732454,1.7322894887997609,-1.686165124144901,-2.4231602895874453,-1.5495491582387453,1.7681472485588154,-2.1928005466460063
1.4559764664850718,1.731404938598967,-1.6868523915699805,-2.4146621816113787,-1.5489939549402996,1.7677668836281202,-2.19450123733639
1.4490762484049664,1.7305037949344448,-1.6875424510066368,-2.4060382276746233,-1.5484322697583195,1.7673784499762069,-2.1962599203290356
1.4421152500222199,1.7295871287190518,-1.6882343237058106,-2.397298240587684,-1.5478648365863439,1.7669823940466622,-2.1980746888214675
1.4350790480693665,1.7286439675968521,-1.6889278633367348,-2.3884663796882615,-1.5471008136178546,1.7666434175875376,-2.1999652236318434
1.4279735673219438,1.7276694115961158,-1.6896089071836078,-2.3795557515293417,-1.5460976440865406,1.7663041106711646,-2.201801067417734
1.4208291773784114,1.726682762719278,-1.6902884192481766,-2.3705507182844037,-1.5451110877664513,1.7659376912590998,-2.203641797032651
1.4136520197742515,1.725689022041159,-1.6909699597677683,-2.36145367629174,-1.544205557669114,1.76565737888546,-2.205601561785111
1.4064470934232767,1.7246863382024478,-1.6916490742992913,-2.3522722966087146,-1.5433459310973843,1.7653912552578237,-2.20759858113498
1.399218032717555,1.7236737975155303,-1.692324528809232,-2.343013428947244,-1.5425043897878368,1.765093048561943,-2.2095908157202833
1.391966819610432,1.7226511841202785,-1.692996030567116,-2.3336817313871134,-1.5416721027776412,1.7647625679595709,-2.2115656237306465
1.384705141447196,1.7216268006733582,-1.693666286580302,-2.324272779374462,-1.5409698708102628,1.7644760476775485,-2.2137004460833283
1.3774275731281547,1.720593804411007,-1.6943322406078383,-2.3147983960269527,-1.5402786085515832,1.7641766524828792,-2.215849996010068
1.3701368170246213,1.7195544835382202,-1.6949913663752232,-2.305258717117687,-1.5396170326996446,1.7638981284157262,-2.2180461169575607
1.362841977285996,1.7185140891841402,-1.6956489781866997,-2.295651057203803,-1.5390757342453607,1.76363573166732,-2.2204175431253637
1.3555364586524374,1.7174663280618363,-1.6963045847205767,-2.2859851948253924,-1.5385424730637962,1.7633366484203914,-2.222820760936721
1.3482200697690814,1.7164090441742805,-1.6969534644941744,-2.2762656382105813,-1.5379944902094695,1.7630148989534309,-2.225223710128741
1.3409009476763194,1.715349355754046,-1.697608964904374,-2.2664834176159654,-1.537527775812057,1.7625781996861212,-2.2277636082558674
1.3335501375105692,1.7142693781758118,-1.6982559811736742,-2.25666804943486,-1.5368594865332843,1.762238918602386,-2.230201078324726
1.326190450388479,1.7131798724317044,-1.698888989397222,-2.246802971884096,-1.5362070253847768,1.761882552474789,-2.232670629118378
1.3188260233126632,1.712083663411865,-1.699515278246257,-2.2368866836976586,-1.5355730916520725,1.7614904514900598,-2.2351791388118776
1.3114554298375587,1.7109797850050112,-1.700134726441309,-2.226921296372943,-1.5349390368873168,1.7610785348588314,-2.2376903062167246
1.304091846019585,1.7098773904660987,-1.7007543825582156,-2.2168986158739092,-1.534404421756584,1.7606297081329025,-2.240364906391291
1.2967266713786745,1.7087693330200402,-1.7013673066926227,-2.206828094424658,-1.53388287274738,1.760123233652354,-2.243092753091843
1.2893573715966133,1.707656156630126,-1.7019794737514407,-2.196708250356412,-1.5333710741212552,1.7595986333457156,-2.2458789705226136
1.2819802680358552,1.7065345813595039,-1.702583351139668,-2.186542305073598,-1.5328455193392876,1.7590697352854416,-2.2486694253722233
1.27460512202641,1.7054124736051381,-1.7031968643271962,-2.1763224789831743,-1.532363227033347,1.7584582017630788,-2.251558661127998
1.2672195593159608,1.7042811741291755,-1.7037995568734348,-2.1660553107422587,-1.5318613448264036,1.7578729907426822,-2.2544658493595575
1.2598337552321954,1.703146756722354,-1.7044018605317148,-2.1557372433338045,-1.5313912420272544,1.7572250991998373,-2.2574476808957855
1.2524437701799027,1.7020068732905418,-1.70499946887997,-2.145370541371658,-1.5309320903543377,1.7565423256318664,-2.260482321659857
1.2450472106737658,1.700860346497309,-1.7055909393217565,-2.1349560396480216,-1.5304728181684404,1.755837039700669,-2.2635568984479404
1.2376401721860886,1.6997063526671816,-1.7061743201317685,-2.1244942400556943,-1.5299989139474885,1.7551451657691284,-2.266660749176533
1.2302224125758106,1.6985443585270201,-1.7067495138304203,-2.113985032825079,-1.5295125016077886,1.754465211173976,-2.26979478977434
1.2227935969294839,1.697374502406728,-1.7073165953427079,-2.1034276792727833,-1.5290148687059124,1.7537955872949946,-2.2729598745697897
1.215353321441619,1.696196905216404,-1.7078756296789388,-2.0928213823634656,-1.5285071684326748,1.7531348603360886,-2.2761568006388724
1.2079011185142616,1.6950116702917375,-1.7084266719195262,-2.0821652902163628,-1.5279904344195328,1.7524817367357741,-2.2793863158988508
1.200436866407231,1.6938178899162921,-1.708968974924849,-2.0714592419484936,-1.5274673719888932,1.7518338207540731,-2.2826484014595563
1.1937181439698141,1.6927433443424824,-1.7094571668259382,-2.0618237985074113,-1.5269948974652074,1.7512536918750152,-2.2855858861039855
1.1876713902161713,1.691776260999539,-1.7098963678701071,-2.0531518994104374,-1.5265698411566442,1.7507311071882248,-2.2882294433632513
1.182229561395476,1.6909059406954787,-1.7102919649638124,-2.045347190223161,-1.5261877896456417,1.7502601077164899,-2.2906082093376403
1.1773320598047243,1.6901226948743537,-1.7106484226321315,-2.038322951954612,-1.525844250811879,1.749835976100095,-2.2927488540692638
1.1729243083782692,1.6894177736359512,-1.7109692345274063,-2.032001137512918,-1.5255350658709859,1.749454257626684,-2.294675434318349
1.1689573321000795,1.688783344522042,-1.7112579652263094,-2.026311504515393,-1.5252567994343316,1.7491107109808663,-2.2964093565324837
1.1653870534556374,1.6882123583202087,-1.7115178228479577,-2.021190834817621,-1.5250063596519892,1.7488015189790713,-2.297969886514653
1.1621738026817705,1.6876984707392635,-1.7117516946996905,-2.0165822320896263,-1.5247809638588345,1.7485232461564217,-2.2993743634877317
1.1592818769915239,1.6872359719171257,-1.7119621793582431,-2.0124344896344306,-1.5245781076560823,1.7482728005948356,-2.3006383927524796
1.1566791438765494,1.6868197229779127,-1.712151615542801,-2.0087015214247548,-1.5243955370846713,1.7480473995683112,-2.301776019079734
1.1543366840792564,1.6864450989333215,-1.712322108100742,-2.0053418500360465,-1.5242312235813158,1.7478445386236805,-2.302799882763381
1.1522284702677486,1.6861079372938723,-1.712475551394805,-2.0023181457862087,-1.5240833414389487,1.7476619637532858,-2.3037213600680277
1.1503310778432663,1.6858044918190278,-1.7126136503515377,-1.999596811961355,-1.5239502475211224,1.7474976463503906,-2.304550689631911
1.1486234246668845,1.6855313908923,-1.7127379394049018,-1.9971476115189866,-1.5238304630049664,1.7473497606690516,-2.305297086229513
1.1470865368135401,1.6852856000588468,-1.7128497995455172,-1.994943331120855,-1.5237226569498483,1.7472166635380069,-2.3059688431579173
1.1457033377506545,1.6850643883093082,-1.712950473664983,-1.9929594787625367,-1.5236256315091656,1.747096876103179,-2.3065734243845357
1.1444584585988935,1.6848652977352592,-1.7130410803657674,-1.99117401164005,-1.5235383086209566,1.7469890673959325,-2.307117547480059
1.1433380673668498,1.6846861162191167,-1.7131226263901105,-1.9895670912298122,-1.5234597180294476,1.7468920395445073,-2.307607258258119
1.142329715262256,1.6845248528550563,-1.7131960178060386,-1.9881208628605982,-1.5233889865044437,1.746804714464316,-2.308047997950984
1.1414221983720747,1.6843797158278364,-1.7132620700747774,-1.9868192573283054,-1.5233253281387782,1.7467261218792118,-2.308444663667687
1.1406054331745792,1.684249092503741,-1.7133215171114264,-1.985647812349242,-1.523268035616016,1.7466553885406346,-2.308801662806346
1.1398703445002258,1.6841315315124266,-1.7133750194395674,-1.9845935118680849,-1.5232164723513844,1.7465917285248438,-2.309122962025247
1.1392087646964368,1.6840257266205856,-1.713423171530411,-1.9836446414350435,-1.5231700654186098,1.7465344345004306,-2.3094121313168263
1.1386133428759053,1.6839305022182427,-1.7134665084080323,-1.9827906580453063,-1.5231282991840704,1.7464828698690815,-2.3096723836742536
1.1380774632400694,1.6838448002564221,-1.7135055115940823,-1.9820220729945428,-1.5230907095775323,1.7464364616922663,-2.309906610791356
1.137595171570238,1.683767668491047,-1.7135406144580283,-1.9813303464488556,-1.5230568789358105,1.7463946943252586,-2.310117415192552
1.137161109069603,1.68369824990245,-1.713572207032373,-1.9807077925577372,-1.5230264313620645,1.7463571036877557,-2.3103071391497925
1.1367704528210525,1.6836357731729321,-1.7136006403463493,-1.9801474940557307,-1.5229990285491637,1.746323272107437,-2.3104778907078085
1.1364188621991993,1.683579544116566,-1.7136262303262482,-1.9796432254039247,-1.522974366020715,1.7462928236791673,-2.310631567106833
1.1361024306412089,1.683528937966018,-1.7136492613057135,-1.9791893836172993,-1.5229521697479884,1.7462654200882797,-2.310769875863051
1.1358176422405428,1.6834833924306902,-1.7136699891850065,-1.9787809260093365,-1.52293219310515,1.7462407568515312,-2.3108943537410074
1.135561332681329,1.6834424014490452,-1.7136886442743453,-1.97841331416217,-1.5229142141289707,1.7462185599339628,-2.3110063838287704
1.135330654079294,1.6834055095657006,-1.7137054338529103,-1.97808246349972,-1.5228980330525639,1.7461985827040731,-2.3111072109055812
1.1351230433386028,1.6833723068708137,-1.7137205444719485,-1.9777846979035152,-1.522883470085751,1.7461806031934752,-2.3111979552727386
1.134936193673014,1.6833424244455273,-1.713734144027568,-1.9775167088669308,-1.5228703634173888,1.7461644216305878,-2.311279625201393
1.1347680289749198,1.6833155302628704,-1.7137463836262523,-1.9772755187340048,-1.5228585674174646,1.7461498582209571,-2.3113531281355644
1.1346166807474818,1.6832913254985706,-1.7137573992638246,-1.9770584476143713,-1.5228479510189818,1.7461367511495463,-2.3114192807748544
1.1344804673435533,1.6832695412107834,-1.713767313336514,-1.9768630836067014,-1.5228383962616578,1.7461249547827957,-2.3114788181488914
1.13435787528071,1.6832499353518495,-1.7137762360009166,-1.9766872559997983,-1.5228297969812505,1.7461143380504778,-2.311532401784328
1.1342475424247764,1.6832322900788765,-1.7137842663979581,-1.9765290111535856,-1.522822057629954,1.7461047829893659,-2.31158062705514
1.1341482428550014,1.6832164093332618,-1.7137914937544636,-1.9763865907919942,-1.5228150922147534,1.7460961834325357,-2.311624029797894
1.134058873242714,1.6832021166622635,-1.713797998374567,-1.9762584124665619,-1.5228088233419452,1.7460884438297366,-2.311663092265491
1.1339784405921156,1.6831892532584145,-1.7138038525319814,-1.9761430519736727,-1.5228031813572052,1.7460814781857268,-2.311698248485533
1.1339060512069927,1.6831776761949953,-1.713809121273042,-1.9760392275300724,-1.5227981035716494,1.7460752091047729,-2.3117298890828524
1.133840900760757,1.6831672568379583,-1.7138138631394435,-1.9759457855308322,-1.52279353356529,1.7460695669307011,-2.311758365619792
1.133782265359483,1.6831578794166615,-1.7138181308187062,-1.975861687731516,-1.5227894205601444,1.7460644889729422,-2.311783994502454
1.133729493498641,1.683149439737527,-1.7138219717295926,-1.9757859997121314,-1.5227857188560343,1.7460599188099726,-2.3118070604963226
1.1336819988241582,1.6831418440263357,-1.713825428548985,-1.9757178804946853,-1.5227823873228048,1.7460558056624105,-2.31182781989033
1.1336392536173714,1.6831350078862901,-1.7138285396860722,-1.975656573198984,-1.5227793889433217,1.746052103828803,-2.3118465033445084
1.1336007829314865,1.6831288553602732,-1.713831339709121,-1.9756013966328527,-1.5227766904021682,1.746048772177834,-2.3118633184528834
1.133566159314391,1.6831233180868796,-1.7138338597295677,-1.9755517377233345,-1.522774261715474,1.7460457736913106,-2.3118784520500735
1.1335349980591867,1.683118334540845,-1.713836127747702,-1.975507044704768,-1.522772075897759,1.746043075052853,-2.311892072287231
1.133506952929666,1.6831138493494313,-1.7138381689637818,-1.9754668209880584,-1.5227701086620944,1.746040646277713,-2.3119043305003912
1.1334817123132443,1.6831098126771749,-1.713840006058036,-1.9754306196430196,-1.5227683381502475,1.7460384603796109,-2.311915362891981
1.1334589957585974,1.6831061796721583,-1.713841659442669,-1.9753980384324847,-1.5227667446898117,1.7460364930708903,-2.3119252920441826
1.1334385508595346,1.6831029099676562,-1.7138431474886624,-1.9753687153430033,-1.5227653105756234,1.7460347224926556,-2.311934228280958
1.1334201504504855,1.683099967233616,-1.7138444867298974,-1.9753423245624702,-1.5227640198730374,1.7460331289718967,-2.3119422708938706
1.1334035900824382,1.68309731877299,-1.7138456920468659,-1.9753185728599902,-1.5227628582408754,1.7460316948029004,-2.3119495092453244
1.1333886857512827,1.6830949351584361,-1.7138467768320087,-1.9752971963277584,-1.5227618127720786,1.746030404050522,-2.3119560237614825
1.1333752718533212,1.683092789905346,-1.7138477531385212,-1.9752779574487496,-1.5227608718502954,1.7460292423731274,-2.3119618868258893
1.1333631993452264,1.6830908591775726,-1.713848631814278,-1.9752606424576418,-1.5227600250208113,1.7460281968632436,-2.3119671635837333
1.133352334088005,1.6830891215225834,-1.713849422622365,-1.9752450589656447,-1.5227592628743842,1.7460272559041425,-2.311971912665683
1.1333425553565628,1.6830875576330993,-1.7138501343495587,-1.9752310338228474,-1.5227585769426977,1.7460264090407662,-2.3119761868393387
1.1333337544983164,1.683086150132569,-1.7138507749039567,-1.9752184111943296,-1.522757959604268,1.7460256468635607,-2.31198003359554
1.133325833725941,1.6830848833820966,-1.7138513514028462,-1.9752070508286637,-1.5227574039997605,1.7460249609039256,-2.311983495676041
1.133318705030845,1.683083743306676,-1.7138518702517849,-1.9751968264995643,-1.5227569039557751,1.7460243435401188,-2.3119866115484196
1.1333122892052963,1.6830827172388017,-1.7138523372157741,-1.975187624603375,-1.5227564539162526,1.746023787912571,-2.3119894158334953
1.1333065149623363,1.6830817937777183,-1.7138527574833142,-1.9751793428968045,-1.5227560488807401,1.7460232878476685,-2.311991939690005
1.1333013181437028,1.6830809626627465,-1.7138531357240554,-1.9751718893608912,-1.522755684348831,1.7460228377891576,-2.311994211160811
1.13329664100696,1.683080214659275,-1.7138534761406818,-1.975165181178569,-1.5227553562701597,1.746022432736409,-2.311996255484489
1.1332924315839163,1.6830795414561532,-1.713853782515609,-1.9751591438144793,-1.5227550609993976,1.7460220681888552,-2.3119980953757566
1.1332886431031992,1.683078935573346,-1.7138540582530106,-1.9751537101867984,-1.5227547952557496,1.746021740095985,-2.311999751277859
1.1332852334705739,1.6830783902788216,-1.7138543064166425,-1.9751488199218856,-1.5227545560865008,1.746021444812337,-2.3120012415897166
1.133282164801229,1.6830778995137516,-1.7138545297638845,-1.9751444186834641,-1.5227543408342075,1.7460211790569955,-2.3120025828703574
1.133279402998835,1.6830774578251904,-1.7138547307763783,-1.975140457568885,-1.5227541471071713,1.7460209398771358,-2.312003790022906
1.1332769173766948,1.6830770603054868,-1.7138549116876012,-1.9751368925657635,-1.5227539727528636,1.7460207246152148,-2.3120048764601746
1.1332746803167817,1.683076702537755,-1.7138550745076824,-1.9751336840629543,-1.522753815834009,1.7460205308794434,-2.3120058542536936
1.1332726669628719,1.6830763805467979,-1.7138552210457378,-1.9751307964104259,-1.5227536746070602,1.746020356517211,-2.3120067342678405
1.1332708549443635,1.6830760907549374,-1.713855352929972,-1.9751281975231505,-1.5227535475028244,1.7460201995911673,-2.312007526280554
1.1332692241277156,1.683075829942264,-1.7138554716257688,-1.9751258585246025,-1.5227534331090287,1.746020058357697,-2.31200823909198
1.1332677563927411,1.683075595210859,-1.7138555784519731,-1.9751237534259094,-1.5227533301546272,1.746019931247546,-2.3120088806222485
1.1332664354312718,1.6830753839525951,-1.7138556745955453,-1.9751218588370856,-1.5227532374956791,1.746019816848385,-2.3120094579994768
1.1332652465659565,1.6830751938201585,-1.71385576112475,-1.975120153707144,-1.5227531541026378,1.7460197138891174,-2.31200997763897
1.133264176587179,1.683075022700966,-1.713855839001025,-1.9751186190901968,-1.5227530790489112,1.7460196212257562,-2.312010445314503
1.1332632136062848,1.6830748686936936,-1.7138559090896641,-1.9751172379349442,-1.522753011500567,1.7460195378287129,-2.3120108662224728
1.1332623469234853,1.683074730087149,-1.7138559721694318,-1.9751159948952168,-1.5227529507070658,1.7460194627713574,-2.312011245039637
1.1332615669089703,1.6830746053412593,-1.713856028941216,-1.9751148761594624,-1.5227528959929226,1.7460193952197227,-2.312011585975077
1.1332608648959108,1.683074493069959,-1.7138560800358156,-1.9751138692972832,-1.5227528467502007,1.7460193344232382,-2.3120118928169657
1.133260233084161,1.6830743920257891,-1.7138561260209497,-1.975112963121322,-1.5227528024317574,1.74601927970639,-2.3120121689746593
1.1332596644535895,1.6830743010860367,-1.7138561674075656,-1.975112147562957,-1.5227527625451642,1.7460192304612159,-2.3120124175165775
1.1332591526860782,1.68307421924026,-1.7138562046555155,-1.9751114135604284,-1.5227527266472354,1.7460191861405494,-2.3120126412042987
1.1332586920953207,1.683074145579061,-1.7138562381786662,-1.9751107529581526,-1.522752694339104,1.7460191462519408,-2.3120128425232434
1.1332582775636415,1.6830740792839822,-1.7138562683494982,-1.9751101584161044,-1.5227526652617902,1.7460191103521852,-2.312013023710289
1.1332579044851323,1.6830740196184115,-1.713856295503244,-1.975109623328261,-1.5227526390922113,1.746019078042398,-2.3120131867786267
1.1332575687144761,1.683073965919398,-1.7138563199416121,-1.975109141749202,-1.5227526155395936,1.7460190489635834,-2.312013333540127
1.1332572665208873,1.6830739175902862,-1.7138563419361408,-1.9751087083280487,-1.5227525943422409,1.7460190227926444,-2.312013465625474
1.1332569945466588,1.6830738740940858,-1.7138563617312144,-1.975108318249011,-1.522752575264626,1.746018999238794,-2.312013584502284
1.1332567497698547,1.6830738349475054,-1.7138563795467783,-1.975107967177877,-1.5227525580947752,1.7460189780403241,-2.3120136914914102
1.1332565294707322,1.6830737997155834,-1.713856395580784,-1.9751076512138566,-1.5227525426419115,1.746018958961697,-2.3120137877816216
1.1332563312015231,1.6830737680068535,-1.7138564100113873,-1.975107366846238,-1.5227525287343364,1.7460189417909289,-2.3120138744428096
1.1332561527592362,1.6830737394689967,-1.7138564229989288,-1.9751071109153813,-1.5227525162175206,1.746018926337234,-2.3120139524378773
1.133255992161179,1.6830737137849259,-1.7138564346877148,-1.9751068805776102,-1.522752504952388,1.7460189124289058,-2.3120140226334365
1.1332558476229282,1.683073690669262,-1.7138564452076208,-1.9751066732736162,-1.52275249481377,1.7460188999114075,-2.3120140858094382
1.1332557175385032,1.6830736698651647,-1.7138564546755353,-1.9751064867000216,-1.5227524856890151,1.7460188886456565,-2.3120141426678384
1.1332556004625214,1.6830736511414772,-1.7138564631966573,-1.9751063187837865,-1.522752477476737,1.7460188785064785,-2.3120141938403975
1.1332554950941385,1.6830736342901587,-1.713856470865666,-1.975106167659175,-1.5227524700856876,1.7460188693812162,-2.3120142398956998
1.1332554002625943,1.683073619123972,-1.7138564777677732,-1.9751060316470246,-1.5227524634337442,1.7460188611684784,-2.312014281345471
1.133255314914205,1.683073605474404,-1.7138564839796688,-1.9751059092360892,-1.522752457446996,1.7460188537770127,-2.312014318650264
1.1332552381006553,1.6830735931897929,-1.7138564895703743,-1.9751057990662473,-1.5227524520589233,1.7460188471246922,-2.312014352224577
1.133255168968461,1.6830735821336429,-1.7138564946020085,-1.9751056999133896,-1.5227524472096585,1.7460188411376025,-2.312014382441458
1.1332551067494863,1.6830735721831078,-1.7138564991304788,-1.9751056106758178,-1.522752442845321,1.7460188357492206,-2.3120144096366504
1.1332550507524095,1.6830735632276264,-1.7138565032061015,-1.975105530362003,-1.5227524389174176,1.7460188308996756,-2.3120144341123225
1.1332550003550406,1.6830735551676932,-1.7138565068741616,-1.97510545807957,-1.5227524353823052,1.7460188265350842,-2.312014456140427
1.133254954997409,1.6830735479137533,-1.7138565101754153,-1.9751053930253801,-1.5227524322007044,1.746018822606951,-2.312014475965721
1.1332549141755406,1.6830735413852074,-1.7138565131465433,-1.9751053344766092,-1.522752429337264,1.7460188190716306,-2.312014493808485
1.1332548774358593,1.683073535509516,-1.713856515820558,-1.9751052817827153,-1.5227524267601682,1.7460188158898413,-2.3120145098669718
1.1332548443701462,1.683073530221394,-1.7138565182271712,-1.9751052343582107,-1.5227524244407822,1.7460188130262304,-2.31201452431961
1.1332548146110049,1.683073525462084,-1.7138565203931226,-1.9751051916761568,-1.522752422353335,1.74601881044898,-2.312014537326984
1.1332547878277777,1.6830735211787051,-1.7138565223424786,-1.9751051532623083,-1.522752420474633,1.746018808129454,-2.3120145490336204
1.1332547637228734,1.6830735173236642,-1.713856524096899,-1.9751051186898445,-1.5227524187838013,1.7460188060418804,-2.312014559569593
1.1332547420284595,1.6830735138541273,-1.713856525675877,-1.9751050875746272,-1.522752417262053,1.7460188041630638,-2.312014569051968
1.1332547225034872,1.6830735107315442,-1.7138565270969572,-1.9751050595709316,-1.52275241589248,1.7460188024721284,-2.312014577586105
1.1332547049310122,1.6830735079212193,-1.7138565283759293,-1.9751050343676055,-1.522752414659864,1.7460188009502862,-2.3120145852668283
1.1332546891157849,1.683073505391927,-1.7138565295270038,-1.975105011684612,-1.5227524135505102,1.7460187995806278,-2.3120145921794792
1.1332546748820804,1.683073503115564,-1.713856530562971,-1.975104991269918,-1.5227524125520917,1.746018798347935,-2.312014598400865
1.1332546620717465,1.6830735010668372,-1.7138565314953411,-1.9751049728966932,-1.5227524116535152,1.7460187972385113,-2.3120146040001117
1.133254650542446,1.683073499222983,-1.713856532334474,-1.975104956360791,-1.5227524108447965,1.7460187962400298,-2.312014609039434
1.1332546401660755,1.6830734975635142,-1.7138565330896938,-1.975104941478479,-1.5227524101169498,1.7460187953413961,-2.312014613574824
1.1332546308273421,1.6830734960699925,-1.7138565337693914,-1.9751049280843982,-1.5227524094618878,1.7460187945326258,-2.3120146176566747
1.1332546224224822,1.6830734947258228,-1.7138565343811192,-1.9751049160297254,-1.522752408872332,1.7460187938047322,-2.31201462133034
1.1332546148581084,1.68307349351607,-1.7138565349316741,-1.9751049051805198,-1.522752408341732,1.7460187931496278,-2.312014624636639
1.133254608050172,1.6830734924272928,-1.7138565354271735,-1.975104895416235,-1.522752407864192,1.7460187925600337,-2.312014627612308
1.1332546019230292,1.683073491447393,-1.713856535873123,-1.9751048866283785,-1.522752407434406,1.746018792029399,-2.31201463029041
1.1332545964086007,1.6830734905654834,-1.7138565362744775,-1.9751048787193077,-1.5227524070475988,1.7460187915518277,-2.312014632700702
1.1332545914456151,1.6830734897717647,-1.7138565366356964,-1.9751048716011441,-1.5227524066994724,1.7460187911220133,-2.3120146348699646
1.1332545869789281,1.683073489057418,-1.7138565369607934,-1.9751048651947969,-1.5227524063861586,1.7460187907351803,-2.3120146368223007
1.1332545829589098,1.6830734884145058,-1.7138565372533807,-1.9751048594290843,-1.5227524061041762,1.7460187903870306,-2.312014638579403
1.1332545793408935,1.6830734878358848,-1.7138565375167092,-1.975104854239943,-1.522752405850392,1.7460187900736956,-2.3120146401607955
1.1332545760846786,1.683073487315126,-1.7138565377537047,-1.9751048495697159,-1.5227524056219863,1.7460187897916941,-2.3120146415840486
1.1332545731540853,1.6830734868464432,-1.7138565379670008,-1.9751048453665114,-1.5227524054164212,1.7460187895378927,-2.3120146428649764
1.1332545705165513,1.6830734864246286,-1.7138565381589672,-1.9751048415836274,-1.5227524052314128,1.7460187893094714,-2.312014644017811
1.1332545681427708,1.6830734860449954,-1.713856538331737,-1.9751048381790317,-1.522752405064905,1.7460187891038923,-2.3120146450553625
1.1332545660063684,1.6830734857033256,-1.7138565384872297,-1.9751048351148957,-1.5227524049150483,1.746018788918871,-2.3120146459891586
1.1332545640836063,1.6830734853958227,-1.7138565386271731,-1.9751048323571732,-1.522752404780177,1.7460187887523517,-2.3120146468295752
1.1332545623531203,1.68307348511907,-1.7138565387531222,-1.975104829875223,-1.522752404658793,1.7460187886024845,-2.31201464758595
1.133254560795683,1.6830734848699926,-1.7138565388664764,-1.9751048276414678,-1.5227524045495475,1.746018788467604,-2.3120146482666875
1.1332545593939893,1.683073484645823,-1.7138565389684952,-1.9751048256310881,-1.5227524044512264,1.7460187883462113,-2.312014648879351
1.1332545581324651,1.6830734844440705,-1.713856539060312,-1.9751048238217463,-1.5227524043627374,1.746018788236958,-2.3120146494307483
1.1332545569970933,1.683073484262493,-1.7138565391429472,-1.9751048221933387,-1.5227524042830973,1.74601878813863,-2.312014649927006
1.1332545559752587,1.6830734840990733,-1.7138565392173188,-1.975104820727772,-1.5227524042114213,1.7460187880501348,-2.3120146503736376
1.1332545550556075,1.6830734839519956,-1.7138565392842533,-1.975104819408762,-1.522752404146913,1.746018787970489,-2.3120146507756063
1.1332545542279213,1.6830734838196257,-1.7138565393444942,-1.9751048182216528,-1.5227524040888554,1.7460187878988078,-2.312014651137378
1.1332545534830039,1.6830734837004928,-1.713856539398711,-1.9751048171532546,-1.5227524040366036,1.7460187878342948,-2.3120146514629725
1.1332545528125781,1.6830734835932732,-1.7138565394475063,-1.9751048161916962,-1.522752403989577,1.746018787776233,-2.3120146517560074
1.133254552209195,1.6830734834967755,-1.713856539491422,-1.9751048153262936,-1.522752403947253,1.7460187877239775,-2.312014652019739
1.1332545516661503,1.6830734834099277,-1.7138565395309462,-1.9751048145474313,-1.5227524039091616,1.7460187876769473,-2.3120146522570977
1.13325455117741,1.6830734833317647,-1.713856539566518,-1.9751048138464553,-1.5227524038748792,1.7460187876346203,-2.31201465247072
1.1332545507375436,1.6830734832614178,-1.7138565395985326,-1.9751048132155768,-1.522752403844025,1.7460187875965258,-2.3120146526629806
1.133254550341664,1.6830734831981058,-1.7138565396273457,-1.9751048126477861,-1.5227524038162563,1.7460187875622408,-2.3120146528360146
1.1332545499853723,1.683073483141125,-1.7138565396532774,-1.9751048121367747,-1.5227524037912645,1.7460187875313844,-2.3120146529917456
1.1332545496647097,1.6830734830898422,-1.713856539676616,-1.9751048116768644,-1.5227524037687719,1.7460187875036135,-2.3120146531319032
1.1332545493761135,1.6830734830436875,-1.7138565396976209,-1.975104811262945,-1.5227524037485285,1.7460187874786197,-2.312014653258045
1.1332545491163768,1.6830734830021485,-1.713856539716525,-1.9751048108904177,-1.5227524037303095,1.7460187874561253,-2.312014653371573
1.1332545488826138,1.6830734829647633,-1.7138565397335388,-1.975104810555143,-1.5227524037139124,1.7460187874358803,-2.312014653473748
1.1332545486722272,1.6830734829311167,-1.7138565397488512,-1.9751048102533957,-1.522752403699155,1.74601878741766,-2.3120146535657056
1.133254548482879,1.6830734829008347,-1.7138565397626324,-1.9751048099818231,-1.5227524036858735,1.7460187874012616,-2.3120146536484674
1.1332545483124659,1.683073482873581,-1.7138565397750354,-1.975104809737408,-1.52275240367392,1.746018787386503,-2.312014653722953
1.133254548159094,1.6830734828490526,-1.7138565397861982,-1.9751048095174342,-1.522752403663162,1.7460187873732202,-2.31201465378999
1.1332545480210594,1.6830734828269769,-1.7138565397962446,-1.9751048093194579,-1.5227524036534796,1.7460187873612658,-2.3120146538503232
1.1332545478968281,1.6830734828071088,-1.7138565398052865,-1.9751048091412793,-1.5227524036447655,1.7460187873505069,-2.3120146539046234
1.13325454778502,1.6830734827892275,-1.7138565398134242,-1.9751048089809184,-1.5227524036369229,1.7460187873408237,-2.312014653953493
1.1332545476843927,1.6830734827731344,-1.7138565398207481,-1.9751048088365937,-1.5227524036298645,1.746018787332109,-2.312014653997476
1.1332545475938283,1.6830734827586507,-1.7138565398273395,-1.9751048087067014,-1.5227524036235118,1.7460187873242656,-2.312014654037061
1.1332545475123201,1.6830734827456153,-1.713856539833272,-1.9751048085897984,-1.5227524036177944,1.7460187873172066,-2.312014654072687
1.1332545474389628,1.6830734827338834,-1.713856539838611,-1.9751048084845857,-1.5227524036126487,1.7460187873108535,-2.312014654104751
1.1332545473729412,1.6830734827233247,-1.7138565398434162,-1.975104808389894,-1.5227524036080178,1.7460187873051356,-2.312014654133608
1.1332545473135218,1.6830734827138218,-1.713856539847741,-1.9751048083046718,-1.5227524036038498,1.7460187872999897,-2.31201465415958
1.1332545472600444,1.6830734827052694,-1.7138565398516332,-1.9751048082279716,-1.5227524036000986,1.7460187872953583,-2.312014654182954
1.1332545472119147,1.6830734826975722,-1.7138565398551362,-1.9751048081589415,-1.5227524035967226,1.74601878729119,-2.312014654203991
1.133254547168598,1.6830734826906446,-1.7138565398582888,-1.9751048080968145,-1.5227524035936841,1.7460187872874386,-2.3120146542229243
1.133254547129613,1.6830734826844098,-1.7138565398611263,-1.9751048080409002,-1.5227524035909497,1.7460187872840625,-2.312014654239964
1.1332545470945263,1.6830734826787985,-1.71385653986368,-1.9751048079905773,-1.5227524035884885,1.7460187872810238,-2.3120146542552997
1.1332545470629485,1.6830734826737483,-1.7138565398659784,-1.9751048079452866,-1.5227524035862736,1.746018787278289,-2.312014654269102
1.1332545470345283,1.683073482669203,-1.7138565398680468,-1.975104807904525,-1.52275240358428,1.7460187872758277,-2.312014654281524
1.1332545470089501,1.6830734826651124,-1.7138565398699084,-1.9751048078678397,-1.522752403582486,1.7460187872736126,-2.312014654292704
1.1332545469859299,1.6830734826614309,-1.713856539871584,-1.9751048078348228,-1.5227524035808713,1.7460187872716189,-2.3120146543027658
1.1332545469652116,1.6830734826581175,-1.7138565398730918,-1.9751048078051077,-1.522752403579418,1.7460187872698245,-2.3120146543118216
