0.0,0.0,0.0,0.0,0.0,0.0,0.0
-0.1618916688500694,-0.11820740127564681,0.14012023669371795,-0.2411863524314768,-0.1614973053685944,0.18050647656294097,-0.21397592657173942
-0.30759442709622253,-0.24123567157065356,0.2661647733745278,-0.47035199891944257,-0.3068448802003294,0.34296105211857264,-0.4065283166230501
-0.4387267668013194,-0.36771382284100124,0.3796067356135601,-0.6766007398138316,-0.437658938647182,0.4891700688352515,-0.5798276463358195
-0.556745698756764,-0.5019678750086527,0.4817045016286891,-0.8622245857986124,-0.5553913517305106,0.6207580742277479,-0.7357969534402264
-0.6629626352500972,-0.6317410114345626,0.5735924910423053,-1.0292860090348188,-0.6613505133546113,0.7391871329260884,-0.876169295128941
-0.7585577652650339,-0.7592813231327312,0.6562916815145597,-1.1796410993483608,-0.7567142038265796,0.845772868332694,-1.002504416067136
-0.84459331953894,-0.8858251590362509,0.7307209529395888,-1.3149607043408122,-0.8425414435801685,0.9416998500544033,-1.1162059708722447
-0.9220251634658886,-1.0117565005962266,0.797707297222115,-1.4367481727547844,-0.9197864914036228,1.028033424142881,-1.2185373246446463
-0.9917139037996108,-1.1367331943934338,0.8579950070763885,-1.546357153069284,-0.9893064029375066,1.105734005751902,-1.3106354770571547
-1.0544336711016458,-1.2597868757857305,0.9122539459452348,-1.645005192159609,-1.0518745867498982,1.175663993820568,-1.3935237417098811
-1.1108815692631675,-1.3794101387130568,0.9610869909271964,-1.7337886267503784,-1.1081854169935736,1.23860148280706,-1.4681231765981138
-1.1616846145487503,-1.4936368716729589,1.0050367314109618,-1.8136937268670257,-1.1588652849785044,1.2952448673757373,-1.5352626136231713
-1.2074073287993177,-1.600124108109011,1.0445914978463506,-1.8856083663415453,-1.2044771440224875,1.3462237647898505,-1.595688074749031
-1.248557881100404,-1.696236423622751,1.0801907876382006,-1.9503316491242721,-1.2455274141399857,1.392105358195905,-1.6500710434074406
-1.2855940124242737,-1.779134050778177,1.1122301484508657,-2.0085827979403046,-1.2824710265885135,1.4334020743917333,-1.6990160763302458
-1.3189265590235852,-1.8458618062474421,1.141065573182264,-2.0610087986756036,-1.315720315381895,1.4705692216902537,-1.7430666128756882
-1.3489252984658002,-1.8432094449979537,1.1857662988104156,-2.1024388024644773,-1.3456458897921633,1.5040166749696728,-1.782711733220005
-1.3759244766683987,-1.8325865278614784,1.217189276124912,-2.14547965871827,-1.3725783118753399,1.5341216322432758,-1.8183926501978775
-1.4002239172765838,-1.8230264535176657,1.2355287880889059,-2.1842159923691717,-1.396816973247274,1.5612171525755891,-1.8505055628739813
-1.4220934475298992,-1.8144224655296817,1.2520343488565002,-2.2190787001208636,-1.4186316981191895,1.5856035869944416,-1.8794072144906298
-1.4417759804343235,-1.8066788269046181,1.2668893535473353,-2.250455127174797,-1.4382650576885008,1.6075512601191255,-1.9054186737398462
-1.4594899183934062,-1.7997089713036383,1.2802588567800128,-2.27869383766578,-1.4559358554633282,1.6273014123116047,-1.9288287253130179
-1.4754324619358907,-1.793436101387561,1.2922914101108638,-2.304108677107665,-1.4718395742132724,1.6450765470742386,-1.949897770983496
-1.4897807507961816,-1.7877905185269338,1.3031207083344234,-2.326982032605361,-1.4861529215019538,1.6610741671053524,-1.9688599116792254
-1.502694210588968,-1.7827094939865946,1.3128670768622277,-2.347568052553288,-1.49903493429892,1.6754720243918801,-1.9859258380724665
-1.5143163242975919,-1.7781365719194646,1.321638808611352,-2.366095470506422,-1.5106287459576195,1.6884300954950306,-2.0012851716877536
-1.5247762265722298,-1.7740209420702424,1.329533367230713,-2.3827701466642424,-1.5210631765379898,1.700092359198989,-2.0151085718557775
-1.5338472862008057,-1.7703416637228977,1.3369559175459718,-2.3977475441887517,-1.531051176178248,1.7071980134150553,-2.026530018601928
-1.5421866109237583,-1.7670033485138468,1.3435093441215593,-2.4112714739603702,-1.5395469037125575,1.7152023774201088,-2.0389601821658165
-1.549779976389343,-1.763992871407324,1.3493210489196708,-2.4234461594198726,-1.5470607942005097,1.7232491769698375,-2.0499714472037645
-1.5566315692680597,-1.7612844102522753,1.3545330344625113,-2.4344029534384397,-1.553826499163437,1.7307762884925613,-2.059466389186242
-1.5628006792145073,-1.7588477803766176,1.359222250491457,-2.4442634053985177,-1.5599444767493427,1.7376900035896852,-2.0675875263936385
-1.5683572522780298,-1.756655884265676,1.3634396226314378,-2.453134923519286,-1.5654942214793794,1.7440745080425162,-2.074476878372702
-1.5733555190086292,-1.7546825385348375,1.367241005919341,-2.461120551409524,-1.5705053305408856,1.7498072344232054,-2.0804693492545026
-1.57785196293781,-1.7529059002088943,1.3706664020594785,-2.4683087260147554,-1.575024930479301,1.7549330288313991,-2.085702098090905
-1.5819000556784397,-1.7513067895355878,1.3737484279193628,-2.474778469633327,-1.5790963922794816,1.7595395882169702,-2.090313096837636
-1.5855439589762068,-1.749867378622635,1.3765220748790465,-2.480601726415229,-1.5827649603062808,1.763674939529288,-2.094358153543649
-1.5888265088056366,-1.74857163435038,1.37901514683466,-2.4858430602754935,-1.586064904067746,1.767411743762618,-2.097959494612135
-1.5917869669845195,-1.747405408729394,1.3812511840431017,-2.4905604191739763,-1.5890245831248426,1.7708189129870715,-2.1012423971156866
-1.594475418357699,-1.746357715345386,1.383227414017231,-2.494802471236996,-1.5916384073469476,1.7740764641770557,-2.1046678698509527
-1.5969131115211659,-1.7454185637641462,1.384972723628159,-2.4986108222213654,-1.5939748852073572,1.7771311398533036,-2.108062504072762
-1.5991133349484974,-1.7445747347506564,1.386533890838826,-2.502033963207692,-1.596074702048931,1.7799232984594957,-2.111208170819123
-1.6010935360326606,-1.7438152886385692,1.387938941328789,-2.5051147900953854,-1.5979645372071078,1.7824362412019696,-2.1140392708900952
-1.60287571700796,-1.7431317871377439,1.389203486770133,-2.5078875342943094,-1.5996653888502586,1.7846978896669192,-2.1165872609531817
-1.6044796798853524,-1.7425166357870454,1.3903415776676629,-2.5103830040733413,-1.601196155329765,1.7867333732825756,-2.118880452009289
-1.605923246474686,-1.7419629995714538,1.3913658594757126,-2.51262892687447,-1.6025738451618923,1.7885653085342645,-2.1209443239592116
-1.6072224564048136,-1.7414647269774526,1.3922877131031912,-2.514650257395486,-1.6038137660112968,1.7902140502587132,-2.122801808713649
-1.6083917453416947,-1.7410162816428776,1.3931173813681235,-2.5164694548644,-1.6049296947761829,1.7916979178089232,-2.1244735449922167
-1.6094441053846864,-1.7406126808417826,1.3938640828067368,-2.518106732586423,-1.6059340306649452,1.7930333986025526,-2.1259781076425583
-1.610391229423205,-1.7402494401208162,1.3945361141016401,-2.5195802825362437,-1.606837932965148,1.7942353313154584,-2.1273322140275446
-1.6112436410577207,-1.7399225234719629,1.395140942267185,-2.520906477491082,-1.6076514450356068,1.7953170707558832,-2.1285509097737516
-1.6120108115286529,-1.7396282984880092,1.3956852876162908,-2.5221000529504365,-1.6083836058992609,1.7962906362512205,-2.1296477359450923
-1.6127012649523769,-1.739363496002463,1.3961751984305872,-2.523174270863856,-1.609042550676761,1.797166845196105,-2.1306348794990826
-1.6133226730336276,-1.7391251737654823,1.396616118163543,-2.524141066985933,-1.609635600976697,1.7979554332456904,-2.131523308697484
-1.6138819403066647,-1.7389106837522088,1.3970129459232816,-2.5250111834958027,-1.6101693462468032,1.7986651624896013,-2.1323228949758777
-1.6143852808523198,-1.7387176427402709,1.3973700909071154,-2.5257942883546853,-1.6106497169900431,1.7993039188084872,-2.1330425226262837
-1.6148382873433405,-1.7385439058295338,1.397691521392627,-2.5264990827276796,-1.611082050659087,1.7998787994949226,-2.133690187511518
-1.6152459931851981,-1.7383875426098767,1.397980808829642,-2.5271333976633743,-1.6114711509613397,1.8003961921122154,-2.134273085908112
-1.615612928442816,-1.7382468157121909,1.3982411675230033,-2.5277042811054997,-1.6118213412334677,1.800861845467335,-2.1347976944649436
-1.6159431701746243,-1.7381201615042785,1.3984754903470715,-2.5282180762034123,-1.6121365124784721,1.8012809334865478,-2.1352698421659997
-1.6162403877332092,-1.7380061727171618,1.398686380888771,-2.5286804917915338,-1.6124201665990556,1.8016581127034872,-2.1356947750968684
-1.6165078835358977,-1.7379035828087606,1.3988761823763345,-2.529096665820843,-1.6126754553076517,1.8019975739984186,-2.136077214734577
-1.6167486297582836,-1.7378112518912028,1.3990470037151719,-2.5294712224472216,-1.6129052151454513,1.8023030891635765,-2.13642141040845
-1.6169653013584009,-1.737728154065404,1.3992007429201525,-2.529808323410962,-1.613111998999527,1.802578052811968,-2.136731186514877
-1.6171603057984796,-1.7376533660221876,1.3993391082046591,-2.5301117142783287,-1.6132981044682457,1.802825520095296,-2.1370099850106095
-1.6173358097945263,-1.7375860567832953,1.3994636369607367,-2.5303847660589587,-1.6134655993901375,1.803048240650091,-2.1372609036567223
-1.617493763390947,-1.7375254784682943,1.3995757128412258,-2.5306305126615256,-1.6136163448198801,1.803248689149227,-2.137486730438182
-1.6176359216277063,-1.7374709579847953,1.3996765811336833,-2.530851684603836,-1.6137520157066847,1.8034290927982886,-2.1376899745414586
-1.6177638640407725,-1.737421889549648,1.3997673625969105,-2.5310507393519153,-1.613874119504841,1.8035914560822999,-2.137872894234374
-1.6178790122125168,-1.737377727958017,1.399849065913829,-2.5312298886251865,-1.6139840129232106,1.8037375830377809,-2.1380375219579677
-1.617982645567073,-1.7373379825255504,1.399922598899068,-2.531391122971131,-1.6140829169997692,1.803869097297598,-2.1381856869091753
-1.618075915586161,-1.7373022116363317,1.3999887785857943,-2.5315362338824805,-1.6141719306686952,1.8039874601313293,-2.138319035365238
-1.6181598586033294,-1.7372700178360359,1.400048340303858,-2.5316668337026953,-1.6142520429707494,1.8040939866815942,-2.138439048975673
-1.618235407318771,-1.7372410434157706,1.4001019458501243,-2.5317843735408885,-1.6143241440426168,1.8041898605767488,-2.138547061225045
-1.6183034011626596,-1.7372149664375327,1.400150190841772,-2.5318901593952625,-1.6143890350073142,1.8042761470823128,-2.1386442722494623
-1.6183645956221513,-1.7371914971571194,1.4001936113342621,-2.531985366664199,-1.614447436875557,1.8043538049372527,-2.1387317621714224
-1.6184196706356866,-1.7371703748047482,1.4002326897775097,-2.532071053206242,-1.614499998556989,1.804423697006638,-2.138810503101172
-1.6184692381478618,-1.7371513646876147,1.4002678603764385,-2.5321481710940805,-1.61454730407029,1.8044865998690303,-2.1388813699379345
-1.6185138489088138,-1.7371342555821951,1.4002995139154795,-2.5322175771931352,-1.614589879032272,1.8045432124451342,-2.1389451500910095
-1.6185539985936654,-1.737118857387318,1.400328002100621,-2.5322800426822845,-1.6146281964980653,1.8045941637635836,-2.139002552228767
-1.6185901333100272,-1.737104999011929,1.4003536414672528,-2.5323362616225187,-1.6146626822172883,1.8046400199501487,-2.139054214152739
-1.6186226545547486,-1.7370925264740793,1.4003767168972252,-2.5323868586687297,-1.614693719364597,1.8046812905180214,-2.1391007098843056
-1.618651923674994,-1.737081301190015,1.4003974847842038,-2.5324323960103197,-1.6147216527971817,1.804718434029075,-2.1391425560427084
-1.6186782658832115,-1.7370711984343574,1.4004161758824876,-2.5324733796177505,-1.6147467928865145,1.8047518631889943,-2.139180217585264
-1.6187019738706043,-1.737062105954266,1.4004329978709458,-2.532510264864438,-1.6147694189669197,1.8047819494328958,-2.1392141129735585
-1.618723311059255,-1.737053922722184,1.4004481376605606,-2.532543461586457,-1.6147897824392896,1.804809027052384,-2.139244618823018
-1.6187425145290382,-1.7370465578133103,1.4004617634712162,-2.5325733386362743,-1.6148081095644273,1.8048333969099024,-2.1392720740875264
-1.6187597976518409,-1.7370399293953243,1.4004740267008082,-2.5326002279811095,-1.6148246039770553,1.80485532978165,-2.13929678382558
-1.6187753524623612,-1.737033963819137,1.4004850636074428,-2.532624428391461,-1.6148394489484243,1.8048750693662061,-2.1393190225898238
-1.6187893517918277,-1.7370285948005686,1.4004949968234157,-2.5326462087607777,-1.6148528094226597,1.8048928349922913,-2.1393390374776398
-1.618801951188346,-1.7370237626838572,1.4005039367177927,-2.5326658110931626,-1.6148648338494747,1.8049088240557543,-2.1393570508766713
-1.618813290645211,-1.737019413778817,1.4005119826227332,-2.532683453192309,-1.6148756558336108,1.8049232142128586,-2.1393732629357967
-1.6188234961563883,-1.7370154997642813,1.400519223937181,-2.532699331081541,-1.6148853956193359,1.8049361653542415,-2.1393878537890068
-1.6188326811164466,-1.7370119771511991,1.400525741120185,-2.5327136211818497,-1.6148941614264907,1.804947821381476,-2.1394009855568936
-1.618840947580498,-1.7370088067994252,1.4005316065848896,-2.5327264822721274,-1.6149020506529321,1.804958311805978,-2.1394128041479896
-1.6188483873981432,-1.7370059534828288,1.4005368855031246,-2.5327380572533773,-1.614909150956731,1.8049677531880217,-2.139423440879974
-1.6188550832340232,-1.7370033854978921,1.400541636529537,-2.5327484747365023,-1.6149155412301517,1.8049762504318538,-2.139433013938759
-1.6188611094863143,-1.7370010743114492,1.4005459124533086,-2.532757850471315,-1.6149212924762317,1.8049838979512962,-2.1394416296916634
-1.6188665331133756,-1.7369989942436506,1.4005497607847037,-2.5327662886326463,-1.6149264685977052,1.8049907807187884,-2.1394493838692763
-1.61887141437773,-1.736997122182632,1.40055322428296,-2.5327738829778443,-1.6149311271070323,1.804996975209526,-2.1394563626291268
-1.6188758075156486,-1.7369954373277152,1.400556341431391,-2.5327807178885227,-1.614935319765428,1.8050025502511853,-2.139462643512991
-1.6188797613397747,-1.7369939209582903,1.4005591468649796,-2.5327868693081332,-1.614939093157985,1.8050075677886743,-2.1394682963084675
-1.6188833197814878,-1.7369925562258077,1.4005616717552096,-2.5327924055857824,-1.6149424892112871,1.8050120835724106,-2.1394733838243956
-1.6188865223790292,-1.7369913279665736,1.400563944156417,-2.532797388235667,-1.6149455456592599,1.8050161477777698,-2.13947796258873
-1.618889404716816,-1.736990222533263,1.400565989317504,-2.532801872620563,-1.614948296462436,1.80501980556259,-2.13948208347663
-1.618891998820824,-1.7369892276432832,1.4005678299624826,-2.5328059085669694,-1.6149507721852951,1.8050230975689252,-2.1394857922757398
-1.6188943335144308,-1.7369883322423016,1.4005694865429636,-2.532809540918735,-1.614953000335869,1.8050260603746244,-2.139489130194938
-1.6188964347386767,-1.7369875263814183,1.4005709774653967,-2.5328128100353244,-1.614955005671386,1.8050287268997514,-2.1394921343222157
-1.6188983258404976,-1.7369868011066232,1.4005723192955868,-2.532815752240255,-1.6149568104733516,1.8050311267723635,-2.1394948380367653
-1.6189000278321364,-1.7369861483593076,1.4005735269427582,-2.5328184002246923,-1.6149584347951211,1.8050332866577128,-2.1394972713798595
-1.618901559624611,-1.7369855608867237,1.4005746138252124,-2.5328207834106857,-1.614959896684714,1.8050352305545254,-2.139499461388644
-1.618902938237838,-1.7369850321613982,1.4005755920194214,-2.53282292827808,-1.614961212385348,1.8050369800616552,-2.1395014323965498
-1.618904178989742,-1.7369845563086053,1.4005764723942098,-2.532824858658735,-1.614962396515919,1.8050385546180707,-2.1395032063036643
-1.6189052956664556,-1.7369841280410916,1.4005772647315193,-2.5328265960013243,-1.614963462233433,1.8050399717188435,-2.1395048028200674
-1.6189063006754978,-1.7369837426003292,1.4005779778350982,-2.5328281596096547,-1.6149644213791958,1.8050412471095378,-2.1395062396848297
-1.6189072051836355,-1.7369833957036431,1.4005786196283192,-2.532829566857152,-1.6149652846103826,1.8050423949611618,-2.1395075328631155
-1.6189080192409595,-1.7369830834966256,1.4005791972422181,-2.5328308333798994,-1.614966061518451,1.8050434280276224,-2.139508696723573
-1.618908751892551,-1.7369828025103098,1.4005797170947274,-2.532831973250372,-1.6149667607357125,1.8050443577874362,-2.139509744197984
-1.618909411278983,-1.7369825496226257,1.4005801849619857,-2.532832999133798,-1.6149673900312482,1.805045194571268,-2.139510686924954
-1.618910004726772,-1.73698232202371,1.400580606042518,-2.532833922428881,-1.6149679563972306,1.805045947676716,-2.1395115353792264
-1.618910538829782,-1.7369821171846858,1.4005809850149975,-2.5328347533944555,-1.6149684661266148,1.8050466254716184,-2.139512298988072
-1.618911019522491,-1.7369819328295641,1.400581326090229,-2.532835501263473,-1.6149689248830608,1.8050472354870302,-2.1395129862360327
-1.618911452145929,-1.7369817669099545,1.4005816330579373,-2.5328361743455883,-1.614969337763862,1.8050477845009003,-2.1395136047591974
-1.618911841507023,-1.736981617582306,1.400581909328875,-2.532836780119492,-1.6149697093565833,1.805048278613383,-2.1395141614300455
-1.6189121919320075,-1.7369814831874224,1.400582157972719,-2.532837325316006,-1.6149700437900327,1.805048723314617,-2.1395146624338084
-1.6189125073144937,-1.7369813622320271,1.4005823817521783,-2.532837815992868,-1.6149703447801371,1.8050491235457273,-2.139515113337195
-1.618912791158731,-1.7369812533721714,1.400582583153692,-2.532838257602044,-1.6149706156712311,1.8050494837537263,-2.139515519150243
-1.6189130466185448,-1.7369811553983012,1.4005827644150544,-2.5328386550503024,-1.614970859473216,1.8050498079409252,-2.139515884381986
-1.618913276532377,-1.736981067221818,1.4005829275502804,-2.532839012753735,-1.6149710788950022,1.8050500997094039,-2.139516213090555
-1.618913483454826,-1.7369809878629832,1.4005830743719838,-2.532839334686824,-1.61497127637461,1.8050503623010343,-2.1395165089282666
-1.6189136696850301,-1.7369809164400318,1.400583206511517,-2.5328396244266043,-1.614971454106257,1.8050505986335017,-2.1395167751822073
-1.6189138372922138,-1.7369808521593755,1.4005833254370967,-2.5328398851924065,-1.6149716140647392,1.8050508113327222,-2.1395170148107536
-1.6189139881386791,-1.7369807943067848,1.4005834324701187,-2.532840119881629,-1.6149717580273732,1.8050510027620204,-2.1395172304764456
-1.6189141239004978,-1.7369807422394532,1.4005835287998385,-2.5328403311019287,-1.614971887593744,1.8050511750483886,-2.139517424575568
-1.6189142460861348,-1.736980695378855,1.4005836154965863,-2.5328405212001988,-1.6149720042034776,1.80505133010612,-2.1395175992647784
-1.618914356053208,-1.7369806532043164,1.4005836935236593,-2.5328406922886417,-1.614972109152238,1.805051469658078,-2.1395177564850676
-1.618914455023574,-1.7369806152472316,1.400583763748025,-2.53284084626824,-1.6149722036061223,1.80505159525484,-2.139517897983328
-1.618914544096903,-1.7369805810858554,1.4005838269499542,-2.5328409848498787,-1.6149722886146183,1.8050517082919257,-2.1395180253317623
-1.6189146242628993,-1.7369805503406168,1.4005838838316904,-2.5328411095733534,-1.6149723651222647,1.8050518100253028,-2.139518139945353
-1.618914696412296,-1.736980522669902,1.4005839350252531,-2.532841221824481,-1.6149724339791465,1.8050519015853421,-2.1395182430975845
-1.618914761346753,-1.7369804977662586,1.4005839810994596,-2.5328413228504956,-1.61497249595034,1.8050519839893775,-2.1395183359345933
-1.6189148197877643,-1.7369804753529796,1.4005840225662454,-2.532841413773909,-1.6149725517244142,1.8050520581530092,-2.139518419487901
-1.6189148723846745,-1.7369804551810286,1.4005840598863526,-2.5328414956049805,-1.614972601921081,1.8050521249002778,-2.139518494685878
-1.6189149197218935,-1.7369804370262727,1.4005840934744491,-2.532841569252945,-1.6149726470980812,1.8050521849728194,-2.139518562364057
-1.6189149623253907,-1.7369804206869923,1.400584123703736,-2.5328416355361134,-1.6149726877573813,1.8050522390381067,-2.139518623274418
-1.6189150006685382,-1.73698040598164,1.400584150910094,-2.5328416951909647,-1.6149727243507515,1.8050522876968653,-2.139518678093743
-1.618915035177371,-1.736980392746823,1.4005841753958164,-2.532841748880331,-1.6149727572847845,1.805052331489748,-2.139518727431136
-1.6189150662353204,-1.7369803808354876,1.4005841974329665,-2.5328417972007604,-1.6149727869254145,1.8050523709033424,-2.1395187718347892
-1.618915094187475,-1.7369803701152857,1.4005842172664016,-2.532841840689147,-1.6149728136019814,1.8050524063755773,-2.1395188117980775
-1.618915119344414,-1.7369803604671041,1.4005842351164932,-2.532841879828695,-1.6149728376108916,1.8050524383005888,-2.1395188477650366
-1.655842502139879,-1.7304956687544313,1.4016386383858095,-2.484042891374555,-1.6072037721954429,1.8002201619290563,-2.1571013015572738
-1.6557344645842624,-1.7311441292423115,1.4015332141234906,-2.48454436745286,-1.607980700344493,1.8007034183037953,-2.1553430885490465
-1.652751058626013,-1.7316050282695,1.4014721110568131,-2.4884722069954255,-1.608510750521705,1.8010563863708868,-2.1539739937411952
-1.6507625538900828,-1.7318979682003675,1.4014499928992639,-2.4911035519126283,-1.6088202734438297,1.801292273407402,-2.1529586669192886
-1.64966760446877,-1.7320405555912934,1.4014620822022745,-2.492566241753756,-1.6089329526354414,1.8014229480474688,-2.1522652490111014
-1.6493750868710402,-1.7320486019359889,1.401504103887582,-2.492975285635537,-1.6088700721799092,1.8014590745416523,-2.1518650248663396
-1.6498030762142901,-1.7319363043247982,1.401572234412155,-2.492434144973304,-1.6086507575972155,1.8014102339328932,-2.1517321107839913
-1.6508779248589618,-1.731716407966588,1.4016630560435315,-2.4910358879033767,-1.6082921925879015,1.8012850330047268,-2.151843173232132
-1.6525334332599078,-1.7314003524112584,1.401773515726944,-2.488864228232547,-1.6078098140687471,1.8010912023035448,-2.1521771756460217
-1.6547107991236303,-1.7309980430510732,1.4019012733433844,-2.4859954916084503,-1.6072167697415718,1.800835610705518,-2.1527134938880375
-1.6573557416060565,-1.7305191006784484,1.4020434656373075,-2.482496287115219,-1.606526316580652,1.8005245780908135,-2.1534368680279017
-1.6604202408881978,-1.729971777744299,1.4021979293221118,-2.47842751654253,-1.605749625867158,1.8001636997856352,-2.1543318483347877
-1.6638611487842605,-1.7293634766153974,1.402362740038401,-2.473843944466702,-1.6048967271404386,1.7997579978761435,-2.1553845061933896
-1.6676397092782154,-1.7287008328383657,1.402536186235196,-2.468794809147748,-1.6039766224298977,1.7993119792530832,-2.1565822778431096
-1.6717369116100294,-1.7279799461458503,1.4027146943785247,-2.4633410158090703,-1.6028293032436634,1.7988209494319327,-2.1577224463637354
-1.6761127385530303,-1.7272070273074729,1.4029113659247217,-2.457520912716628,-1.6015244701376627,1.7982863651730554,-2.158778686637942
-1.6807349897969868,-1.7263936777734772,1.4031137457862817,-2.4513585595271357,-1.6001451342637878,1.797726985007532,-2.159910008774584
-1.6855769352673662,-1.7255456712294857,1.4033209312233312,-2.4448833026291896,-1.5987259269454137,1.7971630237901308,-2.161152914396129
-1.6906191007641194,-1.7246669749108543,1.4035308464611407,-2.4381240445300993,-1.597279033762477,1.7966658418657608,-2.162586358494618
-1.6958416361530055,-1.723765983112449,1.4037197814861995,-2.431097542532966,-1.5958044872237287,1.7961604100946702,-2.164246077904414
-1.7012228977828678,-1.72284094650744,1.403908939429012,-2.423835733837084,-1.5942942082824831,1.7956431549960008,-2.1659770281650412
-1.7067418956828788,-1.7218932531747593,1.4041094009094355,-2.4163602970352516,-1.5927775940092164,1.7950826475174244,-2.1677034493617033
-1.7123880582991,-1.7209256047658175,1.4043130753655115,-2.408689424917804,-1.5912396217848783,1.794498935352368,-2.169448319809639
-1.718152975179371,-1.7199471540803766,1.4044948916033826,-2.4008294597397777,-1.5897293563322035,1.7939902838345323,-2.171499060377908
-1.7240136949583877,-1.7189541246501092,1.4046913188575287,-2.392804355810532,-1.588268155753667,1.793480935108883,-2.1735748834670074
-1.729962086796473,-1.717949822648317,1.4048918827102386,-2.3846261195245124,-1.5868404610951512,1.7929769985971684,-2.1757496187266425
-1.7359900337483867,-1.7169339530946557,1.4050957874434642,-2.3763087601883175,-1.5854184982958233,1.7924313772676472,-2.1779134275596745
-1.742090036281288,-1.7159098443463907,1.4052933419948916,-2.367860675095483,-1.5840020605231562,1.7918450777768946,-2.1801272338958495
-1.7482541906259144,-1.7148783760526798,1.4054909621125644,-2.3592922897773003,-1.5826100533519254,1.7912628680078846,-2.1824252690398405
-1.7544726061552267,-1.713848376323937,1.4056760958531138,-2.350603899766388,-1.5813145757104803,1.7907732401520837,-2.185084848552004
-1.7607436651222321,-1.712810723317707,1.4058630501756784,-2.3418153814988005,-1.5800110448147942,1.7902680352529483,-2.187749332537203
-1.7670703232405114,-1.711749725252756,1.406072001013152,-2.3329611742553036,-1.5785084739176083,1.789613498839612,-2.190003767807575
-1.7734498541134838,-1.7106883937391353,1.4062580895082981,-2.324009376097742,-1.5770305849138313,1.789101343883551,-2.1925689735972487
-1.7798918012662783,-1.7095980189265658,1.4064817749160825,-2.3150128827495786,-1.5753201861919484,1.7885095152822204,-2.1948798153744784
-1.7863677528609365,-1.7085021282335806,1.4067086093736827,-2.305931595901253,-1.5736523680233916,1.787860374945208,-2.1970164772521263
-1.792875201449651,-1.7074080502834863,1.4069137445186988,-2.296768459391658,-1.571973086070371,1.7870872875924333,-2.1994052757084304
-1.7994169027935853,-1.7063098440359958,1.4071169343573082,-2.287535598644964,-1.5702875269403886,1.7863564180914842,-2.201762252288389
-1.8059723147227498,-1.7052152701483867,1.4073171936534503,-2.278234351635771,-1.5686719906455393,1.7856052405583533,-2.204332575405084
-1.8125497284778984,-1.7041210366252912,1.4075079487504476,-2.2688663775113995,-1.5670710115840354,1.7848162921238504,-2.2069297096846885
-1.8191552229939367,-1.70302336426939,1.4076978113777918,-2.259435227387751,-1.5654763307931712,1.784065205161317,-2.209480860304442
-1.8257624310843832,-1.7019327086269738,1.4078802926618692,-2.249934293874859,-1.563980872705488,1.7831302725724614,-2.2121929983722644
-1.8323850037627045,-1.7008410919302943,1.4080694547221921,-2.2403742886676157,-1.5625260925196882,1.7821920957007649,-2.214830548005883
-1.8390238492905489,-1.6997547212609458,1.4082502567868977,-2.2307437822571385,-1.5611901347563257,1.7812960763478203,-2.217594282209591
-1.8456714583639657,-1.6986702853874167,1.4084407234309202,-2.2210534900494934,-1.5599493484798213,1.780417506196557,-2.2204613522986905
-1.8523334171823913,-1.697589697988122,1.408622022467097,-2.2112977004239496,-1.5588010824232785,1.7795333106254594,-2.223451602703127
-1.8590074895622448,-1.6965187600898806,1.408768916956025,-2.201489959707254,-1.5575722559890517,1.7786364059667654,-2.2266224364643286
-1.8656973338207958,-1.695445928227641,1.4089178798135844,-2.1916309235953833,-1.5563432498806722,1.7776939983737488,-2.229728737644691
-1.8724003285181203,-1.6943754970197522,1.409061583208963,-2.181716148555077,-1.5551669711757632,1.776790193162414,-2.2329477212393853
-1.8791076736322043,-1.693313341548648,1.4091995200324294,-2.171741713517972,-1.5541102634308535,1.7759509047316553,-2.2364022394919907
-1.8858365001940347,-1.6922457189622844,1.4093451465944453,-2.161720307953046,-1.5530480893238112,1.7751473846328292,-2.239819381932494
-1.892575894269378,-1.6911833608631566,1.4094759087852038,-2.151642536479448,-1.5520482234304929,1.77436260669913,-2.243383621353936
-1.8993351917434464,-1.6901156864822344,1.409613170944304,-2.141517838998968,-1.5510396227925183,1.7735724129810715,-2.2468616220067763
-1.9061046544924627,-1.6890531460201175,1.4097339361497587,-2.131336842956938,-1.5500813924113757,1.7727734439209004,-2.250465468940939
-1.9128942422657935,-1.6879863291461317,1.4098578333366112,-2.1211105659127303,-1.5490891391321138,1.7719999169668803,-2.2540410675692564
-1.919692835254536,-1.6869233427479617,1.4099690607450712,-2.11082970937906,-1.5481312202540176,1.7711862824015456,-2.257706955608521
-1.926503830131876,-1.6858609262223228,1.4100786557858795,-2.1004933182275303,-1.5472292819116165,1.7703327343378885,-2.261425463685642
-1.9333378884935117,-1.684792500193006,1.4101933142440783,-2.090110768752565,-1.5462883730143788,1.7694900111964984,-2.2650608869371864
-1.9401669242370154,-1.683731527919463,1.4102953341938909,-2.079667783863384,-1.5454399601803643,1.7684379596786077,-2.2688309110624973
-1.9470128664157424,-1.6826671172837604,1.4104012172854379,-2.0691708152241244,-1.5446215982785723,1.7673103909194356,-2.2725979515852304
-1.9538707360950085,-1.681602488838027,1.4105048888135125,-2.058620056852528,-1.5438030266163176,1.766094881781472,-2.276417484671102
-1.9600439752631063,-1.6806424179336132,1.4106042647084416,-2.0491183562144433,-1.5431224831633745,1.7649686918411551,-2.2798787382018584
-1.9655984637766108,-1.6797782526414726,1.410695540808874,-2.040568257524177,-1.5425052804131,1.763949843698133,-2.2829856352504674
-1.9705970567597089,-1.6790019393052285,1.410774074260425,-2.032872520295965,-1.5419469385235454,1.7630478895001143,-2.2858157140883075
-1.9750954366040039,-1.6783037053569225,1.4108439152648033,-2.0259461368470464,-1.5414434444374097,1.7622387993490556,-2.288378053023898
-1.9791437101763982,-1.6776754911054625,1.4109066167602506,-2.0197117347407647,-1.540994986423319,1.761509837242458,-2.290697259990335
-1.9827867710912555,-1.6771101072972985,1.4109634786601928,-2.0141008908378244,-1.5405906977353883,1.7608516950857287,-2.292790865813864
-1.9860650615257915,-1.676601602444014,1.4110142092721496,-2.0090509413153286,-1.540228632718937,1.7602632054985312,-2.2946881835748756
-1.9890152276961626,-1.676144006358508,1.411060065246425,-2.0045059577830404,-1.5399030549187243,1.7597321368716352,-2.2964015212530398
-1.9916702217848319,-1.6757319609327983,1.411102151831271,-2.000414932468542,-1.5396157271558553,1.7592503789023333,-2.2979531397295445
-1.9940595926253923,-1.6753607460152868,1.4111412896409457,-1.996732406461786,-1.539364242559206,1.7588110428392238,-2.2993576450416
-1.9962099846257555,-1.6750260504168228,1.4111782928551837,-1.9934171516451713,-1.5391491996935074,1.7584095935516406,-2.3006359230795304
-1.9981452681286518,-1.674724221309473,1.4112134204932534,-1.9904324367119366,-1.5389674159951652,1.7580426173812445,-2.3017990735509133
-1.9998870339509804,-1.6744519292025837,1.4112469085639447,-1.9877448560370394,-1.5388186882877983,1.7577079359304186,-2.302862348449022
-2.001454996097943,-1.6742058820702121,1.411279556060126,-1.9853230524560372,-1.5387139356287884,1.7574126565403474,-2.303874015654013
-2.002866565284873,-1.6739878372104107,1.411300885401469,-1.9831401195749385,-1.5386304157975905,1.7572460793402997,-2.304935958327088
-2.004137810168684,-1.6737988908004084,1.4112975406119974,-1.981179135564488,-1.5384786214847141,1.7572276157468136,-2.3059859583631948
-2.005287324714115,-1.6736288370316537,1.4112889659551449,-1.9794095062634505,-1.5383541141381054,1.7571889531508673,-2.306925546018596
-2.006324506731186,-1.6734755212520402,1.4112803537368575,-1.977814719059957,-1.5382499995490433,1.7571537606931815,-2.307785737050713
-2.0072622968648313,-1.6733370624044008,1.4112706151341872,-1.976375709826439,-1.5381688014765762,1.7571160187229482,-2.3085917939391636
-2.00811236347633,-1.6732121713151542,1.411258943810703,-1.975075748100986,-1.538110938501737,1.7570654658072928,-2.309347610079061
-2.008880225368273,-1.6730986939343389,1.4112506874331712,-1.9739055139187531,-1.5380559330378434,1.7570306643120783,-2.310054722247834
-2.0095760953963677,-1.6729945339063395,1.4112469539799015,-1.9728524794288687,-1.5380001952916,1.7569954900537883,-2.3106853918002837
-2.01020818112639,-1.672899243477637,1.411247065294481,-1.9719061691510231,-1.5379309907196854,1.7569992635303928,-2.311249735832367
-2.010782175639228,-1.672811326149009,1.4112527833078554,-1.9710566691918123,-1.5378498016797202,1.757045212798641,-2.311750089858842
-2.0113005861484154,-1.6727309871157199,1.4112619925724048,-1.9702971469513477,-1.537749161749687,1.757152255504001,-2.3121516065489884
-2.0117707254010417,-1.6726585075753535,1.4112722011450198,-1.9696172890184176,-1.5376337312803918,1.7573481087362877,-2.3124828560015893
-2.0121913203631716,-1.6725956522338137,1.4112775570703684,-1.9690062442323129,-1.5375318641800575,1.7575766540968774,-2.3127885907879637
-2.01257222780729,-1.6725275813257134,1.411320926611422,-1.9684657156272731,-1.5373854814776007,1.757663334394175,-2.3127321662508966
-2.012913459231417,-1.6724741223931734,1.4113421779275823,-1.9679732364031859,-1.5372919899652633,1.757899865000426,-2.312916264700376
-2.0132368664448816,-1.6724128904687823,1.4114065946727476,-1.9675360680060927,-1.537148710694543,1.75817935806634,-2.3129139380287627
-2.0135118898566042,-1.6723716639573571,1.4114175905093718,-1.9671357054252323,-1.5370793892835946,1.7583956359696493,-2.313053664255489
-2.0137600078701197,-1.672333454551293,1.4114349087322506,-1.9667762826086839,-1.5370123888248413,1.758615301913236,-2.313149536983125
-2.0139761602103152,-1.6723005759906437,1.4114322659927554,-1.9664516710045126,-1.5369526864654022,1.7586870317068175,-2.3132104349689686
-2.0141702045233054,-1.6722726602727536,1.411424369896098,-1.9661586711062835,-1.5369057112419227,1.7587792108562086,-2.313279201255676
-2.0143553636465343,-1.6722420718844315,1.4114352924630407,-1.9658980395229533,-1.5368256106164035,1.7589725873159276,-2.3132312946524056
-2.014517977926215,-1.6722183040458714,1.4114289944342266,-1.9656613628818338,-1.5367708072203516,1.7591182078511043,-2.3132368327074935
-2.0146573172699984,-1.6722014434161683,1.4114239551923888,-1.9654459623424752,-1.5367564447420021,1.7592663691121848,-2.31331849765439
-2.014783144427657,-1.6721858581168374,1.4114212034345086,-1.9652522737743234,-1.536741772880832,1.7594082706852647,-2.3133786774001175
-2.0148986660182016,-1.6721703109631896,1.4114228782401697,-1.9650790256181747,-1.5367169666867875,1.7595511662861196,-2.3133830522434673
-2.014998706554319,-1.6721556840574237,1.4114361339353096,-1.9649227906852929,-1.5367098176598568,1.7596551351172878,-2.313412199167758
-2.0150878241214403,-1.6721420507291365,1.4114511506315575,-1.964782379029019,-1.5367035859149103,1.7597434115995347,-2.3134159100350034
-2.0151674235800376,-1.672128935373162,1.4114696767860593,-1.9646564464288652,-1.5366950684257243,1.7598180112442041,-2.313393772148013
-2.0152383411673993,-1.67211693460736,1.4114880417670284,-1.9645432331573975,-1.536686062329973,1.75988129312987,-2.3133559634937306
-2.0153010008358603,-1.6721060277307471,1.411506357061046,-1.9644413122845594,-1.5366792583247166,1.7599290065471636,-2.31331424191506
-2.015356411344432,-1.6720962929345973,1.411522146292589,-1.964349486441698,-1.5366741395172967,1.759960557686054,-2.313271411941495
-2.015405403215144,-1.6720876521607333,1.4115355497958595,-1.9642667242813443,-1.5366706567304036,1.7599781583088834,-2.3132300183961974
-2.015443753118854,-1.6720851545377657,1.4115274058505962,-1.964188819872714,-1.5366982371428934,1.7599552770994766,-2.31330728828766
-2.0154785112579288,-1.6720826773973423,1.4115206393602089,-1.9641188633438817,-1.5367207704956425,1.7599373704840535,-2.313365798300697
-2.015508646785807,-1.6720809388440125,1.4115145205483817,-1.9640549217844732,-1.5367540819222327,1.7599119652335824,-2.3134645682445534
-2.0155403990574823,-1.6720758242754452,1.4115222571642478,-1.9639992631387038,-1.5367654905697554,1.7599307071650627,-2.3134786966207734
-2.015566967906647,-1.6720734196337717,1.4115198271694709,-1.9639482215600494,-1.5367831492084107,1.7599328572812531,-2.3135200189985263
-2.0155925728118507,-1.6720699205313805,1.4115223601296902,-1.9639029822576115,-1.5367918390505362,1.7599470061084153,-2.313528329211611
-2.015611750192549,-1.6720689074574286,1.4115184707890098,-1.9638607647647286,-1.5368171118929899,1.7599258309674628,-2.313598165887783
-2.0156269887891574,-1.6720698835076828,1.4115087122226924,-1.9638214775894656,-1.536851901029061,1.7598969812300769,-2.313703435017058
-2.0156412943083026,-1.6720709011070702,1.4114998441631157,-1.963785828702809,-1.536883976920101,1.7598848314950635,-2.3137980387585313
-2.01565538199948,-1.6720714563741987,1.411493790211535,-1.9637536640297113,-1.5369115351979838,1.7598932231530875,-2.313876263433873
-2.0156686482044877,-1.6720719008653988,1.411488844129319,-1.963724652581146,-1.5369359147281976,1.7599108338907556,-2.313944926117691
-2.0156784992017345,-1.6720736732156565,1.4114777580927604,-1.963698384504378,-1.5369578125171683,1.759900482024897,-2.3140099631356437
-2.0156872592285344,-1.6720751564501009,1.4114683063742306,-1.9636747743146894,-1.536977888331491,1.7598887850527323,-2.3140696567030483
-2.0156957332624517,-1.6720759869908444,1.411460740071867,-1.9636538180579521,-1.536991176027921,1.759883819110074,-2.314096935017572
-2.0157019963684735,-1.6720775730387942,1.4114516721906827,-1.9636343498038473,-1.5370101599077222,1.7598694894326419,-2.3141441215901937
-2.0157090367218538,-1.6720779145569253,1.4114463558976031,-1.9636175630917212,-1.5370192432422085,1.7598633703582125,-2.3141590936335357
-2.015715550639185,-1.6720779975331364,1.4114430609687423,-1.9636024272127268,-1.5370277709387088,1.759861490844208,-2.3141722860874157
-2.015721507331636,-1.6720779206866208,1.411441172933365,-1.9635887743649896,-1.5370358337206087,1.759861992346161,-2.314184397262364
-2.015726811122943,-1.6720779112027924,1.4114393376282244,-1.963576451357127,-1.537043043342407,1.7598634726036935,-2.314193839773601
-2.015731625711568,-1.672077805245498,1.411438411854801,-1.9635653373235002,-1.5370498097781287,1.759866173995259,-2.314202359629997
-2.015735981139911,-1.6720776275328904,1.411438244601992,-1.9635553088242572,-1.5370562321602026,1.7598696764853872,-2.3142103909727787
-2.0157399090474857,-1.6720773937087838,1.411438743654717,-1.9635462541750568,-1.5370624115974678,1.7598737076972508,-2.314218331778971
-2.0157434398361462,-1.672077114172204,1.4114398521884521,-1.9635380722457512,-1.5370684496793503,1.7598780777209353,-2.3142265554003263
-2.0157454444565746,-1.6720778660862712,1.4114381612734381,-1.9635299417199543,-1.5370821224316324,1.7598762171834246,-2.3142622186101027
-2.015747316452481,-1.6720784771373396,1.4114371230080236,-1.9635226057091222,-1.5370945340839002,1.7598759428472597,-2.314293788999871
-2.015748927312757,-1.6720792545667684,1.4114348957257188,-1.963516018997396,-1.5371047386932384,1.7598764109586695,-2.3143175333922077
-2.015750371113149,-1.6720799381927212,1.4114330148092356,-1.9635100874365192,-1.5371139143677508,1.7598771070160772,-2.3143383038697034
-2.0157516575456884,-1.6720805450338327,1.4114314178774812,-1.9635047444676603,-1.5371221833030968,1.7598779228741164,-2.3143565190881175
-2.015752796445322,-1.6720810881622474,1.4114300567172442,-1.9634999305099365,-1.5371296533512788,1.759878765156114,-2.314372544249681
-2.0157537976229447,-1.6720815777918967,1.4114288934325587,-1.9634955922202777,-1.5371364189078491,1.7598795569067571,-2.3143866936430477
-2.015755875000156,-1.6720807024498454,1.4114323255420187,-1.9634925468427797,-1.537133779232015,1.7598856938143823,-2.314368483078623
-2.0157576708442,-1.6720799434569125,1.411435403879635,-1.9634897914582903,-1.5371316606284589,1.759890503189102,-2.3143529836817955
-2.015759215971545,-1.6720792846182202,1.4114381754003047,-1.963487298338911,-1.5371299989165625,1.7598941148301661,-2.314339887863171
-2.015759356756223,-1.6720800204713882,1.4114362610116686,-1.963484186465644,-1.5371373990870807,1.7598913330593318,-2.314359248823992
-2.01576062201248,-1.6720793665393152,1.4114390636042513,-1.963482237442114,-1.5371354800727328,1.7598938562208277,-2.3143463106917603
-2.0157616905713884,-1.6720788002719298,1.4114415847643378,-1.9634804722031343,-1.537133979947545,1.7598953859824933,-2.314335475954267
-2.0157602251001507,-1.6720808111070649,1.4114353847954284,-1.9634772351474385,-1.5371495683237357,1.7598840449660837,-2.314385760598108
-2.0157612308705297,-1.6720800868014027,1.4114384905854733,-1.9634759597415907,-1.5371468859389708,1.7598857222986033,-2.3143712040168056
-2.015762064852704,-1.6720794617812227,1.4114412562340686,-1.9634748016626895,-1.537144689378695,1.759886460058683,-2.314358914023889
-2.0157627485361487,-1.672078921332126,1.4114437247702092,-1.9634737500784085,-1.537142915218125,1.7598863625353938,-2.3143486180058432
-2.0157633817038114,-1.6720783403842203,1.411446340666892,-1.9634728679260296,-1.5371408335839958,1.759885687918242,-2.3143378376707506
-2.0157615343515123,-1.672080428835789,1.4114397431221049,-1.9634703797210833,-1.5371561386210433,1.7598728940327149,-2.314388773261329
-2.0157621115227027,-1.6720797925835513,1.4114425335235723,-1.9634697571300972,-1.5371535669712666,1.759872515960314,-2.314376264738806
-2.0157625669455226,-1.6720792453402922,1.4114449875056814,-1.9634691905234882,-1.5371514095894376,1.7598714198424705,-2.3143656191286004
-2.015762995940546,-1.6720786618918102,1.4114475526942405,-1.9634687462820766,-1.537148952746608,1.7598698340763237,-2.3143544315867017
-2.0157616370454927,-1.6720798685870446,1.4114447529131515,-1.9634669934362208,-1.537161074879961,1.7598597600521528,-2.314394529110997
-2.015761968409308,-1.6720793175370927,1.4114473930788682,-1.9634666624121837,-1.5371589747975558,1.7598585742106045,-2.3143846438526934
-2.015760648718169,-1.6720806801199102,1.4114431524882867,-1.9634651845499178,-1.5371686768509354,1.7598495466513866,-2.314415676225849
-2.0157609942362242,-1.672080037479931,1.411446070240087,-1.9634650312180109,-1.5371659605438737,1.7598484704754758,-2.3144039117392015
-2.0157613212894145,-1.6720793728019991,1.4114490409174958,-1.9634649581511157,-1.5371630167937718,1.759846891599804,-2.3143917970543635
-2.0157599417295575,-1.6720807518283558,1.4114445883141533,-1.9634636455019294,-1.537172505307723,1.7598374621117427,-2.3144226490092663
-2.0157602217430903,-1.6720801234432618,1.4114473339050588,-1.9634636414352817,-1.537169613887902,1.7598359522137355,-2.3144107744802254
-2.0157588757676392,-1.6720811926669001,1.4114449093802763,-1.9634623515227714,-1.5371804983852315,1.7598267769032983,-2.314447264637649
-2.0157591511739774,-1.6720805165196742,1.4114480036759631,-1.9634624421714253,-1.5371774440886745,1.7598257560015673,-2.314434873550928
-2.015759415811723,-1.6720798222866293,1.4114511248677244,-1.963462588658784,-1.537174196250337,1.7598242142644958,-2.3144222220078587
-2.0157580507808026,-1.6720811635663937,1.4114467273805305,-1.9634614894919644,-1.5371831213942515,1.75981533296542,-2.3144515874320577
-2.015757407884624,-1.67208168499329,1.4114453049079168,-1.9634609203771773,-1.5371871200604708,1.7598108041577314,-2.3144641586934216
-2.015757682476745,-1.672080978990506,1.4114482840653388,-1.963461156650893,-1.5371835156013935,1.7598094966929003,-2.314450263058977
-2.0157564055389114,-1.6720819429619171,1.4114461083647052,-1.9634601053734981,-1.5371934252959096,1.7598008986751934,-2.3144838979232096
-2.015756674242361,-1.6720812144783226,1.4114493216096529,-1.9634603906067505,-1.53718977973253,1.7598000014179453,-2.3144698596405235
-2.0157554386362886,-1.6720824268563304,1.4114452387979346,-1.9634594905750138,-1.5371974994330044,1.7597922265225268,-2.3144950040849226
-2.0157557436043834,-1.6720816518157022,1.4114484934753488,-1.9634598434703912,-1.5371934150422517,1.7597913507541774,-2.314479607445952
-2.0157545271563553,-1.6720825550074536,1.4114465004775256,-1.9634588974833747,-1.5372027982676542,1.7597834144280904,-2.3145115499272837
-2.015754841238551,-1.6720817679915605,1.4114499079149982,-1.9634592410390552,-1.5371989916499045,1.7597828405582612,-2.3144975340125185
-2.0157536936518845,-1.6720828935764263,1.4114460803802746,-1.9634584600284382,-1.537205975897057,1.7597756912877842,-2.3145203529401406
-2.0157540338891717,-1.6720820777145387,1.4114494529034207,-1.9634588652187384,-1.5372017183021638,1.7597750852652068,-2.314504790831856
-2.0157528629093586,-1.6720829485040911,1.4114475175496735,-1.9634579947020971,-1.5372106809585309,1.7597676468681662,-2.314535344851892
-2.015751235591219,-1.6720847149991709,1.4114413934671581,-1.963456833974441,-1.5372215977412886,1.759759576157353,-2.3145719689787776
-2.015750876255425,-1.6720849900471277,1.4114406367861543,-1.9634566112553258,-1.5372231982919233,1.759758298634868,-2.314575234948388
-2.015750193425453,-1.6720853324189842,1.4114407637739566,-1.9634560638056435,-1.5372290937941397,1.7597552857884118,-2.3145944643676755
-2.0157493025467628,-1.6720862897857396,1.4114375793963048,-1.963455424124397,-1.5372348983318256,1.7597518601195017,-2.314612699480881
-2.01574811441533,-1.6720876240291234,1.4114328891934909,-1.9634545525892004,-1.5372428826468985,1.7597468899504478,-2.3146384629258723
-2.0157466792978567,-1.6720892644143315,1.4114269394411139,-1.9634534959330225,-1.5372525556712533,1.7597405864972784,-2.3146697757261987
-2.0157447365864374,-1.6720911900468451,1.4114209983026527,-1.9634519654196874,-1.537267909960222,1.7597315514698433,-2.314721889025472
-2.0157439751532356,-1.6720920840973994,1.4114177963934798,-1.963451387951045,-1.5372726909795604,1.759729879311882,-2.314734597429691
-2.01574319968301,-1.672092671287928,1.4114168376471403,-1.9634507181609613,-1.537279407641859,1.7597281633692325,-2.314754653370781
-2.01574284878117,-1.6720930450135754,1.4114156282786636,-1.9634504811849827,-1.537280973043809,1.759728586466726,-2.314756070381337
-2.015742580413366,-1.672093085626019,1.4114152057384182,-1.9634505068181145,-1.5372797857774874,1.7597246793431773,-2.3147473961872604
-2.0157422589920064,-1.6720928853225117,1.411416798835501,-1.963450404847059,-1.5372809355113728,1.7597207667930344,-2.314747934523986
-2.015741942190935,-1.6720932544210056,1.4114155846009249,-1.9634501926458556,-1.5372824488342756,1.759721491528625,-2.3147500591394192
-2.0157417076772193,-1.6720932866834846,1.411415155473065,-1.9634502441108872,-1.5372811769502124,1.7597177847920262,-2.3147419568662815
-2.015741416230841,-1.6720930803885392,1.4114167296245732,-1.9634501647370417,-1.5372822473368257,1.7597140586060924,-2.3147429985140775
-2.01574118768636,-1.6720931321896721,1.4114162946259645,-1.9634502105181904,-1.5372811824772563,1.759710800540059,-2.3147361484658644
-2.0157408944881583,-1.6720929432130642,1.4114178817587646,-1.9634501214663773,-1.5372824976789172,1.7597074180547123,-2.3147385443854445
-2.0157406715645254,-1.6720930094095938,1.4114174482307442,-1.9634501624163363,-1.5372816070100312,1.7597045188702087,-2.314732748398628
-2.0157404613631553,-1.6720930790953443,1.411416881554344,-1.9634502088451713,-1.537280637690978,1.7597014831758215,-2.3147269619965596
-2.0157401918647233,-1.67209290952333,1.4114183106072262,-1.9634501225744587,-1.5372819831417917,1.7596983878192274,-2.31473008874523
-2.015739921578885,-1.6720933205140371,1.4114168361387023,-1.963449928341896,-1.5372836139556123,1.7596997376911265,-2.3147343327746897
-2.0157396578478113,-1.6720931359543278,1.411418325584124,-1.963449862527487,-1.5372848045985763,1.7596964963722266,-2.3147370481306297
-2.015739463131907,-1.672093207112215,1.4114177628965103,-1.9634499296498804,-1.537283744186411,1.7596935957724906,-2.3147313874244744
-2.0157391986615036,-1.6720930374948784,1.411419219880497,-1.9634498559251792,-1.5372850826793383,1.7596905473888822,-2.3147349191937225
-2.0157389425357364,-1.672093449958726,1.4114177399486885,-1.963449677446467,-1.5372866504524632,1.7596920200698019,-2.3147393023360943
-2.01573868485991,-1.672093263108875,1.4114192479625962,-1.9634496220269324,-1.5372878308051487,1.7596887850349359,-2.3147423679571486
-2.015738504236335,-1.6720933307938555,1.4114186796810138,-1.9634497041993426,-1.537286694613943,1.7596859040321502,-2.3147368045953645
-2.015738247131639,-1.6720931585945564,1.411420139640063,-1.9634496394840795,-1.5372880120943506,1.759682843553675,-2.314740601815381
-2.0157380044576203,-1.6720935715100962,1.411418628880501,-1.9634494727724479,-1.5372895133922608,1.7596843556648492,-2.3147450329754307
-2.0157377561417027,-1.6720933822446118,1.4114201214666375,-1.9634494260614272,-1.5372906512397417,1.7596811000393522,-2.3147482454178707
-2.015737525276489,-1.6720937804101088,1.4114186248001075,-1.963449277590137,-1.5372919647251888,1.7596824560097228,-2.314752051577024
-2.0157372856954967,-1.6720935766798808,1.4114201355059715,-1.963449246120786,-1.5372929462305587,1.7596790262839417,-2.31475477254397
-2.015737130140497,-1.6720936282571341,1.4114195351625323,-1.96344935720257,-1.53729154701077,1.7596759440626404,-2.314748632051924
-2.0157368936058204,-1.6720934431088532,1.4114209588820317,-1.9634493146013245,-1.5372926536580096,1.7596727117557958,-2.314752003268788
-2.0157366757196717,-1.6720938491551725,1.41141936195763,-1.9634491722392193,-1.537293905340603,1.7596740757575142,-2.3147558234834507
-2.015736451518491,-1.672093650462342,1.41142077664296,-1.9634491475335296,-1.537294801419372,1.7596706693249833,-2.314758464745156
-2.015736094273691,-1.6720938277630173,1.4114213698312068,-1.9634488297880774,-1.537298892640443,1.759671623602041,-2.314772618311843
-2.015735955898836,-1.6720938606402647,1.411420844699209,-1.9634489653878944,-1.5372972789824582,1.7596685274080626,-2.3147657933495
-2.0157357210683102,-1.6720936585663673,1.411422371905155,-1.9634489357207088,-1.5372983077107365,1.7596651854105414,-2.3147689882038476
-2.0157355201461815,-1.672094048983561,1.4114208472590493,-1.9634488113107422,-1.5372994123492931,1.7596666231223475,-2.3147723253564494
-2.015735298296631,-1.6720938336345075,1.4114223638190053,-1.9634487953356556,-1.537300270636486,1.7596631289984797,-2.3147749504232378
-2.0157351099084786,-1.6720942138266035,1.41142081135711,-1.963448684422319,-1.5373012055882107,1.7596644111774695,-2.314777717600856
-2.0157349015409474,-1.6720939886357764,1.4114222969784955,-1.9634486815341743,-1.5373018930790616,1.7596607894703402,-2.3147797726199992
-2.0157347252572846,-1.6720943618435524,1.4114206974905685,-1.9634485832671502,-1.537302661136506,1.7596619222625682,-2.31478198575773
-2.0157345313304504,-1.672094129739311,1.4114221312820783,-1.9634485933602772,-1.5373031707054723,1.7596581919206236,-2.314783445202898
-2.015734309851,-1.6720939176024952,1.4114236413662025,-1.9634485826226704,-1.5373039927442222,1.7596546931562542,-2.3147860126525406
-2.015734132788445,-1.6720943005115863,1.4114220597819125,-1.9634484811228579,-1.5373048349410139,1.7596560589798196,-2.3147884931638796
-2.0157339286897007,-1.6720940757630516,1.4114235360339744,-1.963448482454471,-1.5373054846294782,1.7596524350670468,-2.3147904998610445
-2.015733765553745,-1.6720944502331287,1.4114219027074846,-1.963448392595881,-1.5373061610180545,1.7596536436689283,-2.3147924381429474
-2.0157335790881694,-1.6720942174300018,1.4114233190655274,-1.9634484069642515,-1.5373066210372281,1.7596499205422191,-2.314793809112707
-2.015733261078414,-1.672094375418306,1.411423851179905,-1.9634481221010944,-1.537310314740561,1.7596507540069466,-2.3148066905716163
-2.0157331136101435,-1.672094724005986,1.4114223138509583,-1.9634480576624564,-1.5373107246203932,1.7596518877594352,-2.314807549430871
-2.01573293012651,-1.6720944668937257,1.4114238436883635,-1.963448088696864,-1.537311027733109,1.75964797479489,-2.3148083052886963
-2.015732794234401,-1.6720948129774629,1.4114222321954484,-1.963448029860276,-1.5373113375157426,1.7596489801392576,-2.314808905602311
-2.015732503091376,-1.6720949451101026,1.4114226542101085,-1.9634477758003264,-1.5373146044543466,1.7596491809556774,-2.3148204470769103
-2.015732322559503,-1.672094671789679,1.4114242614815031,-1.9634478220408131,-1.5373147593163223,1.7596451637867805,-2.314820601460776
-2.0157322616399407,-1.6720946526323013,1.411423652310126,-1.9634480303906452,-1.5373122992878352,1.7596416248167714,-2.3148111117085737
-2.0157319667844487,-1.6720948032221654,1.4114240540384024,-1.9634477604191591,-1.5373157581527594,1.7596421315126312,-2.314823400450854
-2.015731782655008,-1.6720945445654258,1.4114256516702721,-1.963447792870842,-1.5373160822165435,1.7596383680539363,-2.314824238628929
-2.0157316624903268,-1.6720948875925405,1.4114240855564846,-1.9634477417225003,-1.5373163327758268,1.7596396821757074,-2.3148245886850964
-2.0157313727090433,-1.6720950199186564,1.4114245720022813,-1.9634474846923515,-1.5373196624152194,1.7596401008087639,-2.31483632590471
-2.0157313448148724,-1.6720949722114957,1.4114239652526517,-1.96344772105202,-1.5373168501018029,1.7596364202947097,-2.314825611849346
-2.015731080652267,-1.6720950999499464,1.411424355649655,-1.9634474746121768,-1.5373199962071824,1.7596368555509256,-2.3148367856873753
-2.0157309252449385,-1.6720948207284914,1.4114259281937203,-1.9634475299822725,-1.5373200143439556,1.759632988470842,-2.3148365675323777
-2.015730834475352,-1.6720951477666222,1.4114243079468363,-1.9634475022023512,-1.5373199524402588,1.759634199181888,-2.314835831776163
-2.0157305752312347,-1.6720952648550442,1.4114247373551005,-1.9634472674017112,-1.537322974060609,1.7596345648884462,-2.314846497897994
-2.0157304235397002,-1.6720949739598612,1.4114263526266346,-1.9634473330713065,-1.5373228844508415,1.759630597900804,-2.314845870087229
-2.0157303430334115,-1.672095289522229,1.4114247634233184,-1.9634473174632703,-1.5373226902750718,1.7596317821107765,-2.314844624823426
-2.0157300880385143,-1.6720953973321537,1.411425229601443,-1.9634470898370895,-1.5373256376587479,1.7596320991833974,-2.314854998626158
-2.0157299396548987,-1.6720950963016041,1.4114268849338563,-1.963447162025008,-1.5373254827178344,1.7596280590190203,-2.314854140784501
-2.015729868449796,-1.6720954022164194,1.4114253240608152,-1.9634471550321477,-1.5373251966783632,1.7596292407647907,-2.3148525524896133
-2.0157296171286156,-1.6720955026067885,1.4114258234778814,-1.9634469315587884,-1.5373281033636124,1.7596295354012572,-2.3148627709248695
-2.015729471544357,-1.6720951932406876,1.411427515834243,-1.963447007646522,-1.537327912326831,1.7596254493205676,-2.3148618004353048
-2.015729408932685,-1.6720954912658381,1.411425981059832,-1.9634470068512377,-1.5373275618982722,1.7596266547001087,-2.3148599769568805
-2.0157291605419707,-1.6720955860347793,1.4114265114079434,-1.9634467853110016,-1.5373304530061023,1.759626951381926,-2.3148701365931426
-2.015729187109865,-1.6720954950031648,1.4114259207692883,-1.9634470678856162,-1.5373270884695651,1.759623087586072,-2.3148575708853647
