0.0,0.0,0.0,0.0,0.0,0.0,0.0
0.147749731316553,-0.03932834799443278,-0.17492151870118325,-0.09206844163742156,-0.16188340385247807,0.18103327253122636,-0.21066095545173275
0.2807251245093826,-0.10212424326493133,-0.3323446183674893,-0.2684615534312402,-0.30757846731970834,0.3439629946806736,-0.40026086015633
0.4004069582670475,-0.17498050953459687,-0.47406930486771204,-0.49033387844552345,-0.43870402444021556,0.4905993224110121,-0.5708898851934628
0.5081142205088521,-0.23516334010115889,-0.6015960144895346,-0.6935715839794941,-0.5567170258486721,0.6225715074760267,-0.7244600805499932
0.6050507202921642,-0.2835946877612786,-0.716417692389471,-0.876480768156264,-0.662928727116283,0.7413458756494087,-0.8626510313741622
0.6922980563319632,-0.3214594990484541,-0.8197863835910983,-1.041097082409457,-0.7585192582571328,0.8482435144748269,-0.9870138792365799
0.7708232530315393,-0.34873155928768507,-0.9128255703494843,-1.1892517379625802,-0.8445507362838977,0.944451905242199,-1.0989396283288615
0.8414957192671966,-0.3642782251131385,-0.9965579819036746,-1.322591264481353,-0.921979066507986,1.0310394423661617,-1.1996741596619345
0.9050939396103013,-0.3659888304816749,-1.0718998341689072,-1.4425972081899099,-0.9916647666419502,1.1089682498465856,-1.29033735399824
0.9623293325921284,-0.35089721813504615,-1.139707063875401,-1.5506025575276112,-1.054382256358197,1.1791054178976534,-1.3719335121768244
1.0138309725710895,-0.3153572158994905,-1.2007326770061588,-1.6478073719315425,-1.1108288655244782,1.2422323751381417,-1.445368060683893
1.0601374427543289,-0.2552338638979879,-1.2556536524319029,-1.7352917048950807,-1.1616331459096454,1.2990589961116488,-1.5114528601571202
1.10158453497932,-0.16607365845010355,-1.3050805437653055,-1.814027604562265,-1.2073614405494217,1.3502485489215665,-1.5709104419240256
1.1379101280142256,-0.04306197193827238,-1.3495834143333159,-1.884889914262731,-1.2485120138934513,1.3964086723264129,-1.6243891333948335
1.1687015231291162,0.11837265290696442,-1.3896763929720368,-1.94866599299315,-1.2855106915829224,1.4376206990927403,-1.6725043428549808
1.1893043552434688,0.280438605549849,-1.427097823251262,-2.0059945835014807,-1.317824979716015,1.4727563449324985,-1.7157889393672563
1.2188612020164968,0.4260921261671581,-1.4593322093290484,-2.057660195308025,-1.347956367934371,1.5070264981635437,-1.7548614031715672
1.24518432309299,0.5571817489186087,-1.4883668373108643,-2.104159245933915,-1.3750923997987696,1.5378552110357042,-1.7900176126470406
1.2684749905164894,0.6751662975978907,-1.5145251217523554,-2.146008391497216,-1.3994786589932884,1.5651896781851473,-1.8216473594700955
1.2893837573466593,0.7813528686915892,-1.5380702803101656,-2.183672622504187,-1.4214163316323443,1.5897145232947287,-1.850113695426508
1.308195966505246,0.8769208119725385,-1.5592610929920867,-2.2175704304104604,-1.4411584403714948,1.6117764196477034,-1.8757335626254545
1.3251263441153203,0.9629319598717618,-1.5783328295133747,-2.248078457526107,-1.4589260516106668,1.6316307663572356,-1.8987914946035032
1.3403636161732098,1.040341992234047,-1.5954973917054451,-2.2755356819301884,-1.4749168582686005,1.6494995028414485,-1.9195436439365072
1.3540771529602662,1.110011021182226,-1.6109454974930555,-2.300247183893862,-1.4893085776047965,1.6655813420940984,-1.9382205802771206
1.366419335011521,1.1727131471994061,-1.6248487926707167,-2.322487535661168,-1.5022611239320753,1.6800549940102176,-1.9550298233398913
1.3775272987023204,1.2291450606075627,-1.6373617583260698,-2.3425038522517436,-1.5139184154382297,1.6930812801917832,-1.970158142165106
1.3875244659982096,1.2799337826733521,-1.6486234274153104,-2.3605185371832618,-1.5244099777573776,1.7048049376589138,-1.9837736291221288
1.3965219165596325,1.3256436325322067,-1.6587589295955771,-2.376731753621628,-1.5338523838368028,1.7153562293601519,-1.9960275673867165
1.4046196220638734,1.3667824974050875,-1.6678808815578148,-2.3913236484161575,-1.5423505493064378,1.7248523918868808,-2.0070561118256447
1.4119075570174506,1.4038074757906576,-1.6760906383238148,-2.4044563537312342,-1.5499988982286583,1.7333989381596588,-2.016981801820858
1.4184666984756267,1.4371299563376667,-1.6834794194131844,-2.416275788514803,-1.5568824122585867,1.7410908298045369,-2.0259149228165385
1.4243699257880027,1.4671201888299776,-1.690129322393571,-2.426913279820015,-1.5630775748855834,1.7480135322843833,-2.03395473171256
1.429682830369187,1.4941113980730636,-1.696114235075858,-2.4364870219947057,-1.5686532212500035,1.7542439645156331,-2.0411905597188413
1.4344644444923174,1.5184034863918487,-1.7015006564898427,-2.445103389951927,-1.5736713029781422,1.759851353523048,-2.0477028049243233
1.4387678972032127,1.540266365878765,-1.7063484357623446,-2.452858121113427,-1.5781875765336522,1.7648980036289237,-2.0535638256090625
1.442641004643107,1.5599429574169998,-1.7107114371075054,-2.4598373791587766,-1.5822522227338103,1.7694399887233547,-2.0588387442251195
1.4461268013391064,1.5776518898014218,-1.7146381383180562,-2.4661187113995915,-1.5859104043141556,1.7735277753074614,-2.0635861709793586
1.4492640183656025,1.593589928947412,-1.7181721694074594,-2.4717719104163245,-1.5892027677366642,1.7772067832322889,-2.0678588550579673
1.4520875136895435,1.6079341641788132,-1.7213527973878344,-2.4768597895313844,-1.592165894817107,1.7805178903638117,-2.0717042707285223
1.4546286594811795,1.6208439758870832,-1.7242153625700918,-2.481438880734938,-1.594832709189671,1.7834978867814348,-2.075165144831849
1.4569156906937326,1.632462806424534,-1.7267916712340534,-2.4855600628181365,-1.5972328421251207,1.7861798835566436,-2.0782799315246945
1.4589740187851006,1.642919753908246,-1.7291103490315605,-2.4892691266930154,-1.5993929617671414,1.7885936806537883,-2.0810832395481347
1.46082651406739,1.6523310066435921,-1.7311971590492705,-2.4926072841804063,-1.601337069445049,1.79076609804079,-2.083606216769138
1.4624937598214962,1.6608011341054072,-1.7330752880651756,-2.495611625919058,-1.6030867663552282,1.792721273688778,-2.0858768962679757
1.463994281000225,1.668424248821043,-1.7347656041794681,-2.4983155334838445,-1.6046614935744268,1.7944809317717638,-2.0879205078168903
1.4653447500611028,1.6752850520651164,-1.7362868886823202,-2.5007490502921526,-1.60607874807172,1.796064624046349,-2.0897597582108984
1.4665601722159034,1.6814597749847824,-1.7376560447348854,-2.5029392154196297,-1.6073542771192781,1.7974899470934638,-2.0914150835655114
1.4676540521552248,1.6870170256124808,-1.738888285182201,-2.504910364034359,-1.6085022532620576,1.798772737835934,-2.0929048763846865
1.4686385441006067,1.6920185511774077,-1.739997301584799,-2.506684397787615,-1.6095354317905222,1.7999272495042895,-2.0942456899219826
1.469524586851436,1.6965199241858397,-1.7409954163471568,-2.508281028165546,-1.6104652924660918,1.800966310005995,-2.0954524221055992
1.470322025327162,1.7005711598934257,-1.741893719633303,-2.509717995505684,-1.6113021670740475,1.8019014644577571,-2.0965384810709136
1.471039719955291,1.7042172720302498,-1.7427021925908623,-2.511011266111808,-1.6120553542211442,1.802743103464601,-2.097515934139762
1.471685645120579,1.7074987729533881,-1.7434298182526957,-2.5121752096573196,-1.6127332226534636,1.8035005785710403,-2.0983956419017957
1.4722669777693083,1.710452123784209,-1.7440846813483772,-2.51322275884828,-1.613343304242481,1.8041823061671287,-2.099187378887699
1.4727901771531329,1.7131101395319441,-1.7446740581345226,-2.5141655531201446,-1.6138923776725258,1.8047958610039077,-2.0998999421750857
1.4732610565985427,1.7155023537049021,-1.7452044972420857,-2.5150140679648225,-1.6143865437594955,1.8053480603573089,-2.1005412491338067
1.4736848480993792,1.7176553464605606,-1.7456818924389244,-2.5157777313250325,-1.614831293237699,1.8058450397756665,-2.1011184253967277
1.4740662604501,1.7195930399406498,-1.7461115481161102,-2.5164650283492214,-1.6152315677680147,1.8062923212524775,-2.1016378840334267
1.4744095315657177,1.7213369640727267,-1.7464982382256076,-2.5170835956709916,-1.6155918148452342,1.8066948745818865,-2.1021053968065226
1.4747184755697436,1.7229064957915927,-1.746846259324184,-2.517640306260585,-1.6159160372146701,1.8070571725786213,-2.102526158302373
1.474996525173338,1.724319074338569,-1.74715947831293,-2.5181413457912187,-1.6162078373471043,1.807383240775936,-2.102904843648699
1.4752467698165457,1.7255903950308449,-1.7474413754028273,-2.518592281368789,-1.61647045746624,1.8076767021537585,-2.1032456604604493
1.4754719899954067,1.7267345836538905,-1.747695082783759,-2.5189981233886023,-1.6167068155734108,1.8079408173940232,-2.103552395591078
1.4756746881563576,1.727764353414629,-1.7479234194266202,-2.519363381206434,-1.6169195378698165,1.808178521110471,-2.103828457208694
1.4758571165011907,1.7286911461992913,-1.7481289224052163,-2.519692113242483,-1.617110987936537,1.808392454455469,-2.104076912664594
1.4760213020115194,1.7295252597054853,-1.7483138750859724,-2.519987972074927,-1.6172832929965444,1.8085849944661478,-2.104300522574947
1.4761690689707958,1.730275961861058,-1.7484803324986706,-2.5202542450241268,-1.617438367550513,1.8087582804759255,-2.1045017714943044
1.4763020592341267,1.7309515938010713,-1.7486301441701158,-2.5204938906784062,-1.61757793464905,1.808914237884879,-2.104682895521762
1.476421750471108,1.7315596625470817,-1.7487649746744316,-2.520709571767258,-1.617703545037701,1.8090545995530787,-2.1048459071465073
1.4765294725843758,1.7321069244184895,-1.74888632212833,-2.520903684747225,-1.6178165943874576,1.8091809250545878,-2.1049926176088087
1.4766264224863028,1.732599460102755,-1.748995534836851,-2.5210783864291946,-1.6179183388022116,1.8092946180060645,-2.105124657024908
1.4767136773980245,1.7330427422185928,-1.749093826274532,-2.5212356179429674,-1.6180099087754658,1.8093969416625018,-2.1052434924994223
1.4767922068185622,1.7334416961228456,-1.7491822885684554,-2.521377126305363,-1.618092321751372,1.809489032953394,-2.1053504444265085
1.4768628832970354,1.733800754636672,-1.749261904632996,-2.521504483831519,-1.6181664934296676,1.8095719151152867,-2.1054467011609073
1.4769264921276517,1.7341239072991148,-1.7493335590910915,-2.5216191056050596,-1.618233247940115,1.809646509061072,-2.1055333322218854
1.4769837400751975,1.7344147446953124,-1.7493980481033855,-2.521722265201246,-1.6182933269995008,1.809713643612353,-2.105611300176783
1.4770352632279808,1.7346764983518894,-1.7494560882144574,-2.5218151088378136,-1.6183473981529328,1.8097740647085736,-2.105681471336207
1.4770816340654784,1.734912076642808,-1.7495083243144287,-2.5218986681107247,-1.6183960621910078,1.8098284436952332,-2.1057446253797028
1.4771233678192197,1.7351240971046342,-1.7495553368044088,-2.5219738714563444,-1.6184398598252627,1.8098773847832823,-2.105801464018862
1.4771609281975808,1.7353149155202772,-1.7495976480453963,-2.5220415544674024,-1.6184792776960808,1.8099214317625767,-2.1058526187941173
1.4771947325381005,1.7354866520943553,-1.74963572816229,-2.5221024691773546,-1.6185147537798068,1.809961074043987,-2.1058986580918577
1.4772251564445633,1.735641215011025,-1.749670000267499,-2.5221572924163116,-1.618546682255151,1.8099967520972975,-2.1059400934598336
1.4772525379603754,1.7357803216360272,-1.749700845162191,-2.522206633331373,-1.6185754178829523,1.810028862345314,-2.1059773852910206
1.4772771813246022,1.735905517598529,-1.7497286055674173,-2.522251040154928,-1.618601279947966,1.8100577615685625,-2.106010947939097
1.4772993603524027,1.73601819396478,-1.7497535899321242,-2.5222910062961277,-1.6186245558064716,1.8100837708695163,-2.1060411543223725
1.47731932147742,1.736119602694406,-1.7497760758603633,-2.522326975823207,-1.6186455040791203,1.8101071792404022,-2.106068340067327
1.4773372864899326,1.7362108705510688,-1.7497963131957814,-2.5223593483975786,-1.6186643575244986,1.8101282467742241,-2.1060928072377916
1.4773534550011913,1.7362930116220652,-1.7498145267976601,-2.522388483714513,-1.618681325625334,1.8101472075546863,-2.106114827691215
1.4773680066613217,1.7363669385859617,-1.749830919039353,-2.522414705499754,-1.6186965969160814,1.8101642722571223,-2.1061346460993007
1.477381103155437,1.7364334728534683,-1.7498456720568787,-2.522438305106471,-1.61871034107775,1.810179630489333,-2.106152482666582
1.4773928900001385,1.736493353694224,-1.7498589497726535,-2.522459544752516,-1.6187227108232478,1.8101934528983388,-2.1061685355771393
1.4774034981603683,1.736547246450904,-1.7498708997168524,-2.522478660433957,-1.6187338435941927,1.8102058930664588,-2.1061829831966445
1.4774130455045735,1.7365957499319158,-1.749881654666633,-2.5224958645472535,-1.61874386308804,1.8102170892177802,-2.1061959860542023
1.4774216381143568,1.7366394030648262,-1.7498913341214366,-2.5225113482492203,-1.6187528806325,1.8102271657539815,-2.106207688626007
1.4774293714631603,1.7366786908844456,-1.7499000456307612,-2.5225252835809906,-1.6187609964225116,1.8102362346365732,-2.1062182209406335
1.4774363314770824,1.7367140499221028,-1.7499078859891544,-2.522537825379584,-1.6187683006335198,1.8102443966309156,-2.1062277000238
1.4774425954896113,1.7367458730559941,-1.749914942311709,-2.522549112998318,-1.6187748744234252,1.8102517424258326,-2.1062362311986518
1.4774482331008862,1.7367745138764963,-1.7499212930020092,-2.5225592718551786,-1.6187807908343381,1.8102583536412657,-2.1062439092560203
1.477453306951033,1.7368002906149482,-1.74992700862328,-2.522568414826353,-1.6187861156041583,1.8102643037351627,-2.1062508195076535
1.477457873416164,1.736823489679555,-1.7499321526824245,-2.52257664350041,-1.618790907896995,1.8102696588196763,-2.106257038734125
1.4774619832347815,1.7368443688377009,-1.749936782335655,-2.5225840493070617,-1.6187952209605467,1.8102744783957443,-2.106262636037951
1.4774656820715366,1.7368631600800322,-1.7499409490235633,-2.522590714533048,-1.6187991027177422,1.8102788160142107,-2.106267673611395
1.4774690110246156,1.7368800721981301,-1.7499446990426812,-2.5225967132364353,-1.618802596299217,1.810282719870835,-2.1062722074274958
1.4774720070823861,1.7368952931044184,-1.7499480740598878,-2.522602112069484,-1.6188057405225433,1.8102862333418013,-2.1062762878619874
1.4774747035343792,1.7369089919200777,-1.749951111575374,-2.522606971019228,-1.6188085703235362,1.8102893954656747,-2.106279960253031
1.4774771303411725,1.7369213208541712,-1.749953845339312,-2.5226113440739972,-1.618811117144429,1.8102922413771643,-2.1062832654049712
1.4774793144672862,1.7369324168948552,-1.7499563057268566,-2.52261527982329,-1.6188134092832318,1.8102948026975079,-2.106286240041718
1.4774812801807882,1.7369424033314707,-1.749958520075647,-2.522618821997653,-1.6188154722081538,1.8102971078858199,-2.1062889172147905
1.4774830493229396,1.7369513911244245,-1.7499605129895586,-2.52262200995458,-1.618817328840583,1.8102991825553032,-2.1062913266705565
1.4774846415508756,1.736959480138083,-1.7499623066120793,-2.5226248791158143,-1.6188189998097686,1.8103010497578405,-2.1062934951807466
1.4774860745560177,1.7369667602503756,-1.749963920872348,-2.5226274613609254,-1.6188205036820353,1.810302730240126,-2.1062954468399178
1.4774873642606454,1.736973312351439,-1.7499653737065903,-2.5226297853815254,-1.618821857167075,1.8103042426741849,-2.1062972033331726
1.4774885249948102,1.7369792092423961,-1.7499666812574084,-2.522631877000065,-1.6188230753036101,1.8103056038648395,-2.106298784177102
1.4774895696555583,1.7369845164442574,-1.7499678580531448,-2.5226337594567507,-1.6188241716264915,1.8103068289364301,-2.106300206936639
1.4774905098502316,1.7369892929259325,-1.7499689171693078,-2.522635453667768,-1.6188251583170845,1.810307931500863,-2.1063014874202226
1.4774913560254372,1.7369935917594401,-1.7499698703738547,-2.5226369784576836,-1.618826046338618,1.8103089238088537,-2.106302639855448
1.4774921175831222,1.736997460709597,-1.7499707282579469,-2.5226383507686077,-1.6188268455579977,1.8103098168860463,-2.1063036770471513
1.4774928029850385,1.7370009427647382,-1.74997150035363,-2.5226395858484394,-1.6188275648554393,1.8103106206555208,-2.1063046105196843
1.477493419846763,1.7370040766143653,-1.749972195239745,-2.5226406974202877,-1.6188282122231366,1.8103113440480487,-2.1063054506449643
1.4774939750223153,1.7370068970790296,-1.7499728206372485,-2.5226416978349513,-1.618828794854064,1.8103119951013245,-2.1063062067577163
1.477494474680312,1.7370094354972274,-1.7499733834950018,-2.5226425982081486,-1.6188293192218985,1.8103125810492735,-2.1063068872591932
1.477494924372509,1.7370117200736055,-1.7499738900669797,-2.522643408544026,-1.6188297911529494,1.8103131084024282,-2.106307499710523
1.4774953290954864,1.7370137761923456,-1.7499743459817598,-2.522644137846316,-1.6188302158908952,1.810313583020268,-2.1063080509167196
1.4774956933461658,1.7370156266992118,-1.749974756305062,-2.5226447942183765,-1.6188305981550462,1.8103140101763242,-2.1063085470022966
1.4774960211717774,1.7370172921553915,-1.749975125596034,-2.5226453849532313,-1.618830942192782,1.8103143946167755,-2.1063089934793164
1.4774963162148276,1.7370187910659531,-1.749975457957909,-2.5226459166146005,-1.618831251826744,1.8103147406131819,-2.1063093953086343
1.4774965817535728,1.7370201400854586,-1.7499757570835965,-2.522646395109833,-1.6188315304973098,1.810315052009948,-2.1063097569550204
1.4774968207384434,1.7370213542030135,-1.7499760262967152,-2.5226468257555417,-1.6188317813008188,1.810315332267038,-2.1063100824367678
1.477497035824827,1.737022446908813,-1.749976268588522,-2.52264721333668,-1.618832007023977,1.8103155844984193,-2.1063103753703407
1.477497229402572,1.7370234303440324,-1.7499764866511482,-2.522647562159704,-1.6188322101748194,1.8103158115066627,-2.106310639010556
1.4774974036225428,1.7370243154357299,-1.7499766829075118,-2.522647876100426,-1.6188323930105775,1.8103160158140819,-2.1063108762867504
1.4774975604205163,1.7370251120182576,-1.7499768595382392,-2.5226481586470757,-1.6188325575627596,1.8103161996907595,-2.1063110898353252
1.4774977015386925,1.7370258289425327,-1.7499770185058938,-2.5226484129390605,-1.6188327056597236,1.8103163651797696,-2.1063112820290426
1.477497828545051,1.7370264741743802,-1.749977161576783,-2.5226486418018466,-1.618832838946991,1.8103165141198787,-2.106311455003388
1.4774979428507737,1.7370270548830429,-1.7499772903405832,-2.5226488477783544,-1.6188329589055317,1.8103166481659771,-2.106311610680299
1.4774980457259241,1.7370275775208392,-1.7499774062280036,-2.522649033157211,-1.6188330668682183,1.810316768807466,-2.1063117507895193
1.4774981383135595,1.737028047894856,-1.7499775105266817,-2.5226491999981824,-1.6188331640346363,1.810316877384806,-2.1063118768878173
1.4774982216424313,1.7370284712314712,-1.7499776043954922,-2.5226493501550564,-1.6188332514844124,1.8103169751044121,-2.1063119903762857
1.4774982966384158,1.7370288522344248,-1.7499776888774217,-2.522649485296243,-1.6188333301892108,1.8103170630520578,-2.1063120925159073
1.4774983641348018,1.737029195137083,-1.749977764911158,-2.522649606923311,-1.6188334010235295,1.810317142204939,-2.106312184441567
1.4774984248815493,1.7370295037494756,-1.749977833341521,-2.522649716387672,-1.6188334647744163,1.810317213442532,-2.10631226717466
1.477498479553622,1.7370297815006288,-1.7499778949288476,-2.522649814905597,-1.6188335221502144,1.8103172775563658,-2.1063123416344443
1.4774985287584874,1.7370300314766667,-1.7499779503574415,-2.52264990357173,-1.6188335737884325,1.8103173352588164,-2.10631240864825
1.4774985730428662,1.7370302564551008,-1.749978000243176,-2.5226499833712492,-1.6188336202628288,1.810317387191022,-2.106312468960675
1.4774986128988072,1.7370304589356915,-1.749978045140337,-2.522650055190817,-1.6188336620897856,1.8103174339300072,-2.106312523241858
1.4774986487691542,1.737030641168223,-1.749978085547782,-2.5226501198284277,-1.6188336997340467,1.8103174759950937,-2.106312572094922
1.4774986810524664,1.7370308051775014,-1.7499781219144825,-2.5226501780022774,-1.6188337336138816,1.8103175138536718,-2.10631261606268
1.4774987101074475,1.737030952785852,-1.749978154644513,-2.522650230358742,-1.618833764105733,1.810317547926392,-2.106312655633662
1.4774987362569303,1.7370310856333677,-1.7499781841015405,-2.52265027747956,-1.6188337915483992,1.8103175785918402,-2.106312691247546
1.4774987597914648,1.7370312051961316,-1.7499782106128652,-2.5226503198882964,-1.6188338162467988,1.8103176061907436,-2.1063127233000416
1.4417442516297931,1.7292417950679027,-1.7513436848846493,-2.4740877450091037,-1.6135887053750844,1.8075493838797414,-2.124411244076125
1.4432025446755985,1.7300204370263597,-1.7512078625903076,-2.4757229294948404,-1.6141030646857837,1.8078565813569256,-2.1226303830607756
1.4459728291499025,1.730585081784254,-1.7511217917925574,-2.4795088169389863,-1.6144690996655444,1.8080565906392452,-2.1212496858851133
1.447809170418155,1.730956903890788,-1.7510807607169623,-2.4820067265757317,-1.6146922694180978,1.808190544444798,-2.1202627749649934
1.4488064670497875,1.73115515342853,-1.751079945377071,-2.4833437091867046,-1.6147874392287744,1.8082649616539905,-2.119633329181496
1.4490464978252,1.7311957633825465,-1.7511147768859325,-2.483637014101833,-1.6147505076769832,1.8083216990015583,-2.1193477785722776
1.4486044624702987,1.7310931591221752,-1.751180257485703,-2.4829917810472213,-1.6145791865615227,1.8083747728968314,-2.119368487198838
1.447550412340726,1.7308614108707079,-1.7512714783486951,-2.4815002626790403,-1.6142896449226682,1.8084197657448469,-2.1196501363742333
1.4459446510431708,1.730513545741115,-1.751389345638036,-2.4792446269631974,-1.6138849974354503,1.8084679921082683,-2.1201982151666017
1.4438455441983191,1.7300611865312348,-1.7515284129907789,-2.4762990991092075,-1.6133856233868629,1.808500266607427,-2.120959350877946
1.4413032555249927,1.729514518569851,-1.7516859408315464,-2.4727305518315936,-1.6128021577685165,1.8085219262833228,-2.1219195885526383
1.4383645008717743,1.7288806391319267,-1.7518569351518989,-2.468604279989058,-1.6121000495327233,1.8084614910339334,-2.122933141155241
1.435065552248475,1.728169038896627,-1.7520477230585891,-2.4639711108115243,-1.6112868550396702,1.8083575219918386,-2.124080322954032
1.431440359484463,1.7273881271558194,-1.7522586750007987,-2.458877716875172,-1.6103892412879097,1.8082755874284,-2.1254448743753573
1.4275405439340212,1.7265421476329474,-1.752475837609847,-2.4533647784148527,-1.6093852440735272,1.8077758855438575,-2.1263223780413116
1.4233861132030838,1.7256404913472416,-1.752699939885759,-2.4474706967108224,-1.6083678310938,1.8072512656255821,-2.1273650479503425
1.4189993308060238,1.7246896104922227,-1.7529361631212863,-2.441231378809274,-1.6073248011382852,1.8067342010199816,-2.128592292512091
1.4144016245522582,1.7236933943696036,-1.7531809432971723,-2.434680456444624,-1.6062538790123788,1.8062544694518659,-2.129983231866208
1.4096214295085927,1.7226567812554698,-1.7534271304813733,-2.427848756891372,-1.605177703836005,1.805713872355357,-2.131216599972379
1.4046529254670443,1.7215745773395046,-1.7536578353373287,-2.4207740398330784,-1.6040546480436582,1.8055678289865074,-2.1330519731613258
1.3995368419013872,1.720461598529175,-1.7538959624398405,-2.413459813598505,-1.6029521464923806,1.8054060820786577,-2.1350494939906506
1.3942878273713333,1.7193209093703938,-1.7541414144166605,-2.4059263505994273,-1.6018728380607867,1.8052378371270876,-2.137212509469756
1.388920801355201,1.718154919471154,-1.7543902289009188,-2.398193432742699,-1.6008169739162532,1.8050444417832259,-2.1394684165543194
1.3834484762744799,1.716966246707158,-1.7546428738784525,-2.390277994963331,-1.599777874849677,1.804816712813211,-2.1418192603814723
1.377882750897985,1.7157568098883051,-1.7548978877501147,-2.382196373102129,-1.5987465489061017,1.8045471250777856,-2.1442483882712917
1.3722418829845258,1.7145303490849482,-1.7551495025144475,-2.373958706962228,-1.5977578197589606,1.8041504981140826,-2.146640545495551
1.3665217545342454,1.7132879615109617,-1.7554056458269243,-2.365576270441207,-1.5968038841697514,1.8037638211750875,-2.149173971496827
1.3607014378009634,1.7120316288669286,-1.7557038180408484,-2.3570754930194626,-1.5957166321356941,1.8037250676878995,-2.152146454381022
1.354829482950634,1.7107631033138093,-1.7559979613270384,-2.348456716440204,-1.5946692399112765,1.803579967029924,-2.154985359735071
1.3489122656952832,1.709483527068196,-1.7562848859755034,-2.33972295735394,-1.593681925759222,1.8033138163933689,-2.157779716025438
1.3429474855700547,1.7081929537535157,-1.7565748413557876,-2.330879069150126,-1.5927395342200246,1.803059045688449,-2.1606653434683927
1.3369364215144888,1.706889728704561,-1.7568511185486828,-2.321932528832018,-1.5918541155296413,1.802769216478785,-2.1637610932756286
1.3308614914755887,1.7055662140501073,-1.757120876965376,-2.312912103224333,-1.5908794308371867,1.8026486124283974,-2.1667849280406064
1.324753295486738,1.7042335821930348,-1.7573795134820676,-2.303805621045518,-1.5899540253072069,1.8025046203403177,-2.169875783764171
1.318621968033655,1.7028962979724935,-1.7576336876858722,-2.294611596023457,-1.5890982132880909,1.8022515286671126,-2.173063881114143
1.3124615124799135,1.7015536496050243,-1.7578969230326211,-2.285338634192164,-1.5882313698843107,1.8019156301004606,-2.1762933902042656
1.3062737666197075,1.7002061028381095,-1.7581714815663843,-2.2759912071952138,-1.5873536915662991,1.8015318081666816,-2.17962345374748
1.3000605862899064,1.6988536980401168,-1.7584495056247262,-2.266572151788992,-1.5864937756756088,1.801160365647595,-2.183205018120496
1.2938411132820222,1.6974986595636472,-1.758709937882915,-2.2570766077582247,-1.5858179266614352,1.8006956028495278,-2.1868435666453583
1.2875936636956498,1.6961345594386195,-1.7589678479510737,-2.2475260264684898,-1.585089756077141,1.800228310210009,-2.1905020535965307
1.2813206287084624,1.6947626443637431,-1.7592154817344832,-2.2379025579240066,-1.5844404961844594,1.7996514332504576,-2.194091094477372
1.2750241363663082,1.6933835633489265,-1.7594564047344357,-2.228225446374867,-1.58375827380912,1.7990204501893503,-2.197526904595191
1.2686999087517246,1.6919953390717928,-1.759702451657977,-2.2185045511680244,-1.5829765788609282,1.7984806571263259,-2.2011753411789208
1.2623456550327488,1.690597421308996,-1.7599412227171034,-2.208728983358771,-1.5821738272873531,1.7979142800554553,-2.204763498200961
1.2559878520380192,1.6892004091278636,-1.7601626142174633,-2.1988704225666704,-1.5816133618315285,1.7972576340838817,-2.208486177116837
1.2496326706781529,1.687795195142446,-1.7603575829612614,-2.1890188701409024,-1.5807611117324505,1.7967081175982191,-2.212218794613515
1.243236747846405,1.686386160431013,-1.7605860091383245,-2.179082588494643,-1.5798709208264623,1.7959818803263652,-2.215689901115657
1.236786457962808,1.6849488134835602,-1.7607685835320523,-2.1690992216177403,-1.5790674340139017,1.7955176598469949,-2.219537915151554
1.2303400727678613,1.6835075906802126,-1.7609474489460535,-2.1590799788072985,-1.5781882474890456,1.7948903967122012,-2.22313405548235
1.2238140988525785,1.6820391663911587,-1.761168736345549,-2.149037570508377,-1.576876866826868,1.7944510868775,-2.2272211695241344
1.2172766326953601,1.680568838971623,-1.7613822535746144,-2.13893468862377,-1.57567644607743,1.7939947370157752,-2.231267221323179
1.2107369062310556,1.6791006690266745,-1.761583273121773,-2.1287745191585894,-1.574583207057616,1.7935421864728127,-2.235296250391733
1.2042353584804806,1.6776511852148412,-1.7617334035460663,-2.11854825954473,-1.5737957814369399,1.792921810936298,-2.238969496704129
1.1977274264436812,1.676210975398402,-1.761882796761124,-2.1082683810123264,-1.573034046032717,1.7924279720224687,-2.2428000816262816
1.1912216132725082,1.674771142328856,-1.7620153192105943,-2.0979391502892386,-1.572318624570648,1.7918431882582264,-2.2465817541076056
1.1847040347357645,1.673327576761595,-1.762139718076762,-2.087561535119235,-1.5715967893819456,1.7912370483939601,-2.250406730861356
1.1781684058914017,1.671876098695388,-1.7622472500186863,-2.0771333316310554,-1.5708717688864366,1.7905774949474291,-2.2543743802904763
1.1722941701955065,1.6705709967475588,-1.7623322674860646,-2.0677491844409026,-1.570229719723796,1.7899770944479334,-2.2579525421786895
1.1670080820628044,1.6693928188464706,-1.7623915970698716,-2.059306332543285,-1.5696370223875096,1.789412017787255,-2.2611711243488886
1.162251459504337,1.6683309326432116,-1.7624378950610133,-2.0517110530811773,-1.569068721976366,1.788935281037435,-2.264133099398926
1.1579788673204134,1.6673752705608702,-1.76246407840712,-2.0448768709423533,-1.5685675063379718,1.7884736112260593,-2.2667747489740218
1.1541389788742118,1.6665140604943844,-1.7624650002203237,-2.0387267460145777,-1.5681437982393083,1.7880097418527523,-2.2690794216207513
1.1506829535119032,1.6657375605200815,-1.7624488910455713,-2.033194283743412,-1.5677455496704855,1.787633444193033,-2.271169243603369
1.1475758640554605,1.6650401762161637,-1.762424782124068,-2.028222585537782,-1.5673281954081306,1.787282871816488,-2.273092798014426
1.1447917190895875,1.6644185861059866,-1.7624131333017767,-2.023759882397749,-1.5668448501798913,1.7868781305830177,-2.2749502685368364
1.1422837060043598,1.6638565602961535,-1.7624037598688682,-2.0197411910736536,-1.5664182805293743,1.7864774808904493,-2.27658887197653
1.1400301793019618,1.6633510053358704,-1.7623960151953735,-2.016126202752584,-1.566014208297511,1.786050166422972,-2.278083513468361
1.137996373931094,1.662901488811625,-1.7623749914384221,-2.012864295994094,-1.5657707206429377,1.7859089720340742,-2.279304122875839
1.136177484727186,1.6625013511114104,-1.7623596474655714,-2.009940392651644,-1.5654474423845384,1.7856872863130615,-2.2805494606535768
1.1345352858897773,1.662141263856524,-1.7623512996958086,-2.0073063704403897,-1.565171244889669,1.7855316814749789,-2.281662132839614
1.1330588396868517,1.6618179180094215,-1.762344347688289,-2.0049364878022193,-1.5649164358917218,1.7853837260884822,-2.282668710813142
1.1317356003388552,1.6615262268788196,-1.7623235407843938,-2.0027910248415,-1.5648409578352378,1.785229815662054,-2.28336077460608
1.1305488956226784,1.6612635791572625,-1.76229457178046,-2.0008640387280705,-1.5647541441508612,1.7850720762671353,-2.2840212691294366
1.1294875366755273,1.661028658259272,-1.762265164973171,-1.999138609065545,-1.5645975121719224,1.7848853403250358,-2.284716321903515
1.1285311454728226,1.6608177073489256,-1.7622423289975992,-1.9975850774086947,-1.5644579430312315,1.784725257649254,-2.2853364706032546
1.1276694722119533,1.6606282961197771,-1.7622248045082913,-1.996186522381968,-1.5643319433321206,1.7845883885092932,-2.285892208837452
1.126893216562934,1.6604582474161178,-1.7622116206700238,-1.9949276349179397,-1.5642168998965926,1.7844721536671877,-2.286392096102852
1.126193990259915,1.660305612230762,-1.7622019753402478,-1.9937946200247145,-1.5641105232873251,1.7843743229549818,-2.286843677772931
1.1255626158724157,1.6601674014526862,-1.7621932721176763,-1.9927717774204068,-1.5640431130892154,1.784291831568727,-2.287214021040497
1.124996365560453,1.6600442319049589,-1.762186341798543,-1.9918555696381186,-1.5639403169219017,1.7842163684065757,-2.2875991684873265
1.1244837741876967,1.659932617206253,-1.7621820105045183,-1.9910280161899125,-1.5638712086185198,1.7841590195986472,-2.2879168064987097
1.1240225776934232,1.6598323173026237,-1.7621781652598751,-1.990283951070911,-1.5638016258022247,1.7841086874162801,-2.288211863239766
1.123610077617274,1.659742794283888,-1.7621740780597581,-1.989615409791339,-1.5637303211230336,1.7840507188475512,-2.288479573887646
1.1232384569329128,1.659662518775875,-1.762172127069707,-1.989013697840156,-1.5636644745818191,1.7840033403635798,-2.2887223875329417
1.1229032286668048,1.6595906517840786,-1.7621721038019134,-1.9884707366662882,-1.5636207406281182,1.7839743050855152,-2.2889278025720485
1.1226020400120449,1.6595260890175005,-1.7621712627038695,-1.9879862812399263,-1.5635350980582274,1.7839470516231553,-2.289165307012991
1.1223276491100573,1.6594668512942603,-1.7621709562582961,-1.987545184531128,-1.5635049258775244,1.783933458292551,-2.289323417810287
1.1220843596481442,1.6594150813008637,-1.7621705191735697,-1.9871563144608402,-1.5633982363280783,1.7839170498278412,-2.2895607878013458
1.121863470181571,1.6593680154678918,-1.762173824528255,-1.9868037643751488,-1.5633194916480126,1.783896514532519,-2.289748943627915
1.1216630457774772,1.6593254795918928,-1.762174171588181,-1.9864827677783579,-1.563290699694282,1.7839042002416323,-2.289877348289297
1.1214839502617404,1.659287251334021,-1.762171102414456,-1.9861971434437868,-1.563235648871177,1.7839139662568806,-2.2900332676013657
1.1213232620900833,1.6592529453434148,-1.7621675005748956,-1.9859409946530333,-1.563177920310356,1.783923663675238,-2.2901847749713484
1.1211786070458774,1.6592219192591748,-1.762164562554103,-1.985711948649822,-1.563108150390359,1.783928830423847,-2.2903421279086573
1.1210486475532249,1.6591943337173396,-1.7621622348917114,-1.9855064634059032,-1.5630386478362732,1.7839378281867144,-2.2904926966737387
1.1209320360010042,1.6591698604467366,-1.762160359707457,-1.9853222134447113,-1.562969298343693,1.7839495979749136,-2.2906375274703414
1.1208265000922601,1.6591478409371196,-1.762159571249448,-1.9851587837970588,-1.5628777515032097,1.7839643056996228,-2.2908037063974693
1.1207320013203104,1.6591286869319526,-1.7621578653862187,-1.9850102900709838,-1.5628132505337038,1.783989964509816,-2.290930803664758
1.1206450920771136,1.6591121980421941,-1.7621797036047626,-1.9848995399198832,-1.5624700772863351,1.7839509410977794,-2.2913715755485757
1.1205640373323322,1.659099271780181,-1.7621937644402548,-1.984773009809361,-1.5624636808415153,1.784007094197643,-2.2914255984183693
1.1204987684997265,1.659088998759869,-1.7621963786103112,-1.984670048741379,-1.5623659860975443,1.7840559556241107,-2.291596595472545
1.120442106828411,1.6590803457913827,-1.7621963586502951,-1.9845816729951546,-1.5622367748898767,1.7841030092202232,-2.2918067676447693
1.1203935143054178,1.659074019715854,-1.7621962277053096,-1.984506097744154,-1.5620833889503618,1.7841554229363648,-2.292049632066445
1.1203490420144102,1.6590675395974173,-1.762181769912378,-1.984426462130954,-1.5620792813290059,1.7842332558993321,-2.292107549285318
1.1203136238089966,1.659061671249084,-1.762157614206498,-1.9843682071319424,-1.5619539739467796,1.784325442375285,-2.2923435954977993
1.1202837199320823,1.6590570230904476,-1.7621344807999382,-1.9843192908809106,-1.5618077611985268,1.7844095275792953,-2.2926028010242505
1.1202580515772478,1.6590532790319037,-1.7621117188487319,-1.9842736378482264,-1.5616964698804843,1.7844841464095755,-2.292816643428644
1.1202364946842143,1.659049725867112,-1.7620854912377426,-1.9842352827551333,-1.561573963559282,1.7845578225511798,-2.2930469745811353
1.1202182478589775,1.6590473331492421,-1.7620623247351648,-1.9842076944686937,-1.5613925608006207,1.7846405294348664,-2.2933583798198818
1.1202044498339159,1.6590472136038896,-1.762044256083539,-1.9841810379203988,-1.5612518636450152,1.7847114971866647,-2.2936054439807467
1.1201920595664747,1.659047185367691,-1.7620274052042553,-1.9841591328288208,-1.5611021586591851,1.7847806822841992,-2.2938693676067397
1.1201792147431568,1.6590473299386066,-1.7620127831341734,-1.984138917024925,-1.560971239474291,1.7848687745438336,-2.294125678757056
1.1201743600017204,1.6590490681254555,-1.7619956687560816,-1.9841280323138983,-1.5607885775557868,1.7849274141778235,-2.294423200061274
1.1201657968784566,1.6590513900957167,-1.761989867355787,-1.9841202470795638,-1.5605890747797049,1.785010068011087,-2.2947651224474104
1.1201600671979757,1.6590551996211316,-1.7619903204847587,-1.9841173107544536,-1.5603628613501725,1.785069862440302,-2.295111757589089
1.1201565962223425,1.6590626008065277,-1.762004490222875,-1.9841154711984763,-1.5601469827654324,1.785133788259283,-2.2954452013237767
1.1201507732399816,1.6590701860703272,-1.7620292193091205,-1.9841039629949824,-1.560044033681438,1.7851715161855821,-2.295650057055854
1.12015545332785,1.65908103799511,-1.762049267102216,-1.9841068560020465,-1.5598308478585585,1.785206841306753,-2.295955488875181
1.1201605192833448,1.6590957944851614,-1.762087980708663,-1.984115445093908,-1.5595678629736474,1.785258413513336,-2.2963253860855826
1.1201370835844329,1.6591063803555275,-1.7621690590773866,-1.984083939936942,-1.5596544299582418,1.7852541136722178,-2.296181515222938
1.1201443954921224,1.6591302593094435,-1.7622372997780404,-1.9841065938146178,-1.559255517705499,1.785317215464921,-2.2967495703432834
1.1201575132334476,1.6591568289925236,-1.7623306156257827,-1.984107032479948,-1.5591343286283572,1.785336333802099,-2.297008491517921
1.1201663064129619,1.659183196103176,-1.7624375881676668,-1.9840884399934615,-1.559218195149867,1.7853287508755067,-2.2969504059162937
1.120173647857237,1.6592089877978056,-1.7625477584117701,-1.9840623070535024,-1.5593919022093206,1.7853266174940667,-2.296749393508784
1.1201724091698475,1.6592301968686516,-1.7626578624211948,-1.984027489014207,-1.5596431135643012,1.7852895694213282,-2.2964474476255163
1.1201654392262501,1.6592461661256224,-1.7627603811611372,-1.9839887449639382,-1.5599367457482392,1.7852401842664052,-2.296081719098138
1.120139694672578,1.6592497082562254,-1.7628579048745185,-1.9839321420772547,-1.560386360839318,1.7852004001325705,-2.2955302373060333
1.1201188689759245,1.6592540197496985,-1.7629441701356687,-1.9838907027038082,-1.5606909884750886,1.7851628841329885,-2.2951378629570387
1.1201121137511094,1.6592671654590019,-1.7630246247557353,-1.9838739163876968,-1.5607588653477271,1.7850905072610705,-2.2949923439441897
1.1200915784344379,1.659271412485369,-1.7631010164877865,-1.9838389007632327,-1.561003488969438,1.7850339479894186,-2.294660825640619
1.1200760721483276,1.659275686350821,-1.763167026716159,-1.9838127477230976,-1.5611758096810313,1.7849773449887392,-2.29440515788131
1.1200722120188837,1.6592862148298833,-1.763228068794616,-1.9838034419357642,-1.561195863161878,1.7849101075347367,-2.294306329160268
1.1200671006989884,1.6592934274575317,-1.7632822983277505,-1.9837880678096202,-1.5612910552904817,1.7848423936350784,-2.2941319683434434
1.1200543071989792,1.659295549423208,-1.7633329870414234,-1.9837630647802076,-1.561479468272334,1.784796171887159,-2.293859456603719
1.1200525215477373,1.6593038922420944,-1.7633811891001134,-1.9837557139732485,-1.5615049194320076,1.7847468162260636,-2.29375342643712
1.1200501996326937,1.6593115733281907,-1.7634274803668182,-1.98374653146869,-1.561550590194684,1.7847030632365035,-2.2936321954039993
1.120046234183116,1.6593166591835866,-1.7634674073910415,-1.98373411054574,-1.5616376189052859,1.784677258928428,-2.2934554171782158
1.1200422854479846,1.6593214020786926,-1.763505467881934,-1.983723203459703,-1.5617090555330253,1.7846596978823237,-2.2932994248631613
1.1200325353612575,1.6593244076946598,-1.763545531979774,-1.9837082339068686,-1.5617968145440977,1.784621625136957,-2.2931229501014094
1.1200163841660773,1.6593266631380603,-1.76358829243639,-1.9836899633619585,-1.5618909006792903,1.7845809287956975,-2.292933308154931
1.1199972934523157,1.6593279003560715,-1.7636296646204248,-1.983671395792029,-1.56197946154087,1.784534928536683,-2.2927462095710216
1.1199785831099114,1.6593285241833198,-1.763667345945076,-1.9836554728243574,-1.5620473097834713,1.7844978314576838,-2.2925828448829044
1.1199611414896251,1.6593290596507662,-1.7637028561394947,-1.9836429605134576,-1.5620832372741151,1.7844582514036038,-2.292452069651574
1.1199481267026106,1.6593280535227495,-1.7637286402461072,-1.9836339277105508,-1.5621172917753856,1.7844550446872047,-2.292339133969882
1.1199300789010949,1.6593265467730152,-1.763758290080551,-1.9836224213106264,-1.56214868506698,1.7844247027525648,-2.2922143487943125
1.11992018817218,1.6593243837663159,-1.763778184551351,-1.9836179319107479,-1.5621537684662652,1.7844435592611985,-2.2921452077792606
1.119906028787971,1.6593219130274428,-1.7638014680277176,-1.9836107090429413,-1.5621623819815693,1.7844349380609754,-2.292062561021267
1.1198923068096942,1.6593180709327804,-1.7638196275146103,-1.9836028638860193,-1.562189946583615,1.784454498075505,-2.291976885290723
1.119878390972871,1.6593058436895918,-1.7638214212285224,-1.9835808874687506,-1.5623814676694943,1.7843473325090846,-2.29170012176853
1.119853804078821,1.659284693922627,-1.7638086980691214,-1.9835340758608877,-1.562814892909659,1.7842388933243236,-2.291207101603737
1.1198272914819327,1.6592647481996468,-1.7637955671478172,-1.9834907473374987,-1.5632033711605822,1.7841795610197861,-2.2907630193194826
1.1198042914767807,1.6592491550589505,-1.763783152511204,-1.9834520863341358,-1.5635368911102536,1.7841865905040564,-2.290385418424358
1.1197884387841,1.659238299782936,-1.763763389998127,-1.9834361911293432,-1.563652043800929,1.7842157219552042,-2.290253265073424
1.119791170629859,1.6592348928316072,-1.7637269341186732,-1.9834508961943726,-1.563495851963159,1.7842696736143107,-2.2904933960070597
1.1198044285947397,1.65923467475456,-1.763674672089972,-1.9834774751923674,-1.563256754271325,1.784345235904326,-2.290876193037364
1.1198302393525144,1.659238879848968,-1.7636162039507872,-1.9835254258696744,-1.5628296978387424,1.7844190849205663,-2.291550931755865
1.1198610372422946,1.6592474942828979,-1.7635725550588797,-1.9835798244705174,-1.562344756359039,1.7844783156784771,-2.2923346470968693
1.1198956080493034,1.6592613880136426,-1.763551395814364,-1.9836343470458593,-1.5618661841225596,1.7845126584795978,-2.293131432334652
1.1199276780917893,1.659276956489657,-1.763549646347368,-1.9836649945046638,-1.5616346559418486,1.7845234991030423,-2.293554189400178
1.119957042859067,1.6592925157855756,-1.763557668557132,-1.98368205695451,-1.5615412503241788,1.7845340351498735,-2.2937468818666806
1.1199800724451545,1.6593057074848716,-1.7635716014196698,-1.9836880276686437,-1.5615478204702358,1.7845246863778854,-2.29378939175316
1.1199962636442211,1.659315844518482,-1.76358861214406,-1.9836861932508216,-1.561616765743601,1.784496910414203,-2.293719539156893
1.1200062825412345,1.6593230448591223,-1.7636083900014718,-1.9836795429780827,-1.5617173036351581,1.784468044883077,-2.29360256973792
1.1200095453481609,1.6593264829762608,-1.7636282214869525,-1.983668181981083,-1.561849164949372,1.7844238918682453,-2.293424993980147
1.1200132669668723,1.6593305001864114,-1.763647581510661,-1.9836604691466044,-1.5619421150206203,1.7843857897543949,-2.2932827251416055
1.1200161820319983,1.65933393202829,-1.7636659424747774,-1.98365373250825,-1.56202289965578,1.7843526182293101,-2.2931420078952347
1.1200189102873617,1.6593374191605876,-1.7636839528340624,-1.9836488010839306,-1.5620821934977351,1.7843251902183266,-2.2930150212363594
1.120021436776692,1.6593412816715565,-1.7637028253418638,-1.9836456357461487,-1.5621178803870217,1.7843046067350021,-2.292905456532526
1.1200207880097635,1.6593434364490194,-1.7637217387015613,-1.9836400825611762,-1.5621667560056398,1.7842767379405835,-2.292772983687142
1.1200107290636137,1.6593430943190286,-1.7637443002404332,-1.9836270022065114,-1.562256798867367,1.7842380811875316,-2.2925924692425683
1.119993286998413,1.659343683037625,-1.7637744042645156,-1.983611643264891,-1.5623294484010173,1.7841936422399265,-2.2924196668263295
1.1199761976427267,1.6593434701645637,-1.763799588653617,-1.983598691634397,-1.5623888636381524,1.784167494696368,-2.2922628147847313
1.1199609564044668,1.6593431574287454,-1.7638214468640858,-1.9835900614435038,-1.56241468518206,1.784150362655506,-2.292143820767838
1.1199439992874112,1.6593412559659957,-1.7638407321643015,-1.9835806407851493,-1.5624480529266631,1.7841421209840675,-2.2920165978595937
1.1199285414106601,1.6593387193974358,-1.7638576905089443,-1.9835741099437163,-1.5624588208570804,1.784139626297257,-2.2919181632761076
1.1199178222023598,1.6593356550167504,-1.7638694484520574,-1.9835721555977393,-1.5624474057403002,1.7841639247390757,-2.291860285356854
1.119901384743736,1.6593324959710372,-1.7638869078328032,-1.983566882684537,-1.5624360419502874,1.784141187192491,-2.291771627614065
1.1198882380774706,1.6593287522454747,-1.7639004257016047,-1.9835641313359282,-1.5624172754050205,1.7841557405346484,-2.29172230460241
1.1198775819874012,1.6593225365478967,-1.7639064031913734,-1.983560486569995,-1.562430763135939,1.7841777140036759,-2.291649112344365
1.1198602056787434,1.6593052258713117,-1.7638928239616911,-1.9835305828764447,-1.5627186007291443,1.7840833945082124,-2.29129012504963
1.119836526710864,1.659283926813858,-1.7638729877455963,-1.983488421778293,-1.5631181494616688,1.7840186677977043,-2.2908434028850952
1.1198110505500705,1.6592663277349853,-1.7638555418856023,-1.983449905395887,-1.5634651101684982,1.78400826168098,-2.2904526481599365
1.1197889039565465,1.659250492732675,-1.7638358056977255,-1.9834153099437295,-1.563771001622994,1.784036969757086,-2.290101492200909
1.11977284224134,1.6592382202067115,-1.7638048269233018,-1.9833866313359245,-1.5640293754918095,1.78410150251114,-2.289793115428638
1.119781054255838,1.6592346785491032,-1.763742824196776,-1.9834079196355456,-1.5638452646861631,1.7842069956098765,-2.290093493625037
1.1198058133185544,1.6592356007448965,-1.7636637159639201,-1.9834566827518942,-1.5634242981588173,1.784326873136942,-2.2907717488197985
1.119837798397807,1.6592392212789568,-1.763587843476831,-1.983518587867204,-1.5628793312972393,1.7844100421619524,-2.291610797449446
1.1198710124925908,1.6592476275824695,-1.763538081335272,-1.9835784134617895,-1.5623509502272164,1.7844750749059768,-2.292440558141852
1.119905578623367,1.6592615939589828,-1.7635160682514277,-1.9836335091776158,-1.5618729287517101,1.7845220182038062,-2.2932375241099736
1.1199366254020038,1.6592765528101132,-1.7635139146416257,-1.983663991421065,-1.5616455954787811,1.7845388143901442,-2.293632412991264
1.1199654087175144,1.659292231354683,-1.7635231452164573,-1.9836816130675259,-1.561548922861079,1.784559880254193,-2.293820238604091
1.1199891196369285,1.6593062585902136,-1.7635389031988797,-1.9836892877268297,-1.5615430269625816,1.7845674931696427,-2.2938705468107323
1.1200031779527442,1.6593153860118381,-1.7635569540966696,-1.9836858248103033,-1.5616295773161184,1.7845362431594658,-2.2937750270799846
1.120012841400471,1.6593227211704062,-1.76357808146013,-1.9836797228839795,-1.5617249550261108,1.7845093255494715,-2.2936484763249303
1.1200172956300567,1.6593269161740927,-1.7635988840842143,-1.9836697244276316,-1.561848818044604,1.784478605670692,-2.2934877548247807
1.120019438264647,1.6593303975090135,-1.7636199385178672,-1.9836608062930317,-1.5619520919845367,1.7844335880405873,-2.293330214080011
1.1200212997468832,1.6593336318074363,-1.7636398393609152,-1.9836536756987366,-1.5620358110356618,1.7843921534630753,-2.2931842597335277
1.120023110387534,1.6593370721123215,-1.7636596853650794,-1.9836484745320746,-1.56209633823493,1.7843605695595603,-2.2930549219760628
1.1200247476370844,1.65934057014159,-1.763679464102291,-1.9836446865055517,-1.5621387046205029,1.784330025456854,-2.292936131162212
1.1200240628817744,1.6593421340125756,-1.7636960668004615,-1.9836386483117072,-1.5622043868632243,1.7843218699193109,-2.292785773646565
1.1200224984268543,1.6593443938719181,-1.7637161439711304,-1.983634770131873,-1.5622322475376094,1.784294835360389,-2.29267620492712
1.1200079592756638,1.6593444402421695,-1.7637441122963378,-1.9836201770881232,-1.5623143486901843,1.7842544359373778,-2.292500224793893
1.1199896958681355,1.6593436465231817,-1.7637710316195245,-1.9836049060145655,-1.562393590680679,1.7842158908880863,-2.292322289036302
1.1199759382798193,1.6593432555085113,-1.7637924038963821,-1.9835965996031102,-1.562425067335634,1.784200147628508,-2.2922000401423435
1.1199614193472942,1.659342803954862,-1.7638139702631186,-1.983589852829878,-1.562434853109628,1.7841853399213259,-2.2920992497784116
1.1199438742007162,1.6593407051005207,-1.763834160467537,-1.9835807793623386,-1.5624613160167966,1.7841762168158588,-2.2919793563456197
1.1199279141821363,1.6593380012070995,-1.7638519566483641,-1.9835744804461382,-1.562466759011919,1.7841735308524225,-2.2918873829840813
1.119914495380733,1.6593351198626283,-1.7638674085541333,-1.9835712111839148,-1.5624526658361397,1.7841914081884036,-2.2918289821622375
1.119904285352676,1.659331591661729,-1.763878639695926,-1.9835704482186924,-1.5624306078751014,1.7842200853637877,-2.2917869792807988
1.1198910723022604,1.6593269189261801,-1.7638893106182574,-1.9835662681396078,-1.562434853518583,1.7842550190734052,-2.291724003213577
1.1198783289871288,1.659315025226109,-1.7638865061683076,-1.9835508576173924,-1.5625721173302165,1.7841779900835524,-2.2915040887869833
1.119854382287889,1.6592931841385576,-1.7638676886012514,-1.9835071868135008,-1.5629860943508187,1.7840856004444512,-2.291032996760595
1.119828978133718,1.6592728021230616,-1.763849872084168,-1.9834665758598709,-1.5633575912301536,1.7840436059140354,-2.2906128678534703
1.119806217846176,1.6592568718100416,-1.7638333302609441,-1.9834303495959842,-1.563675241583101,1.784064988340996,-2.2902551713050405
1.1197880173477957,1.6592440617988553,-1.763809677330355,-1.98341111219373,-1.563828949499682,1.7841034942871363,-2.290069424062913
1.1197892482052987,1.6592394173717597,-1.7637693111379933,-1.9834242794914965,-1.5636931887127217,1.784170253459793,-2.2902759269241666
1.1198024779795186,1.659238228024248,-1.7637104088698252,-1.983453608730635,-1.5634340481827647,1.7842565821810912,-2.29068102819633
1.1198282733140872,1.6592416055768011,-1.763645778559963,-1.983504144875731,-1.562987940012247,1.7843439376584587,-2.2913837291318266
1.119858497136651,1.6592489662483165,-1.7635954563961296,-1.9835600801304438,-1.562492809728267,1.784411724257092,-2.292176535460382
1.1198943448688123,1.6592625285751095,-1.7635682401980812,-1.9836200641118462,-1.5619635799799712,1.7844531713955185,-2.2930237458396707
1.1199268186565354,1.6592778733798452,-1.7635631374760916,-1.9836532309335924,-1.561711741056548,1.7844707831655162,-2.293475869056879
1.1199564909476294,1.6592933124104192,-1.763568729193989,-1.9836720956495173,-1.5616047543565064,1.7844869756989958,-2.2936879787817097
1.1199798003027843,1.6593064256328534,-1.7635808978641148,-1.9836795745093496,-1.5616009180422858,1.7844858401562924,-2.2937497948213834
1.1199989637287644,1.6593181791901543,-1.7635965762223096,-1.9836818014698707,-1.5616376616527534,1.784474700723321,-2.2937180928622665
1.1200079948501245,1.6593245424527887,-1.7636156828811382,-1.9836738397245233,-1.561752436276021,1.7844469632942346,-2.2935789489764598
1.1200125813350774,1.6593285419805528,-1.7636342851021694,-1.9836640352500479,-1.5618755055743865,1.7844010251825002,-2.2934161111516866
1.120015356652761,1.6593319567549971,-1.7636531645367224,-1.9836555604276958,-1.5619762958233434,1.7843635827299142,-2.293262143870424
1.1200178103389946,1.6593350079359908,-1.7636706962208115,-1.9836487393663504,-1.562059412058668,1.7843321326427948,-2.2931180625735625
1.120020432139389,1.6593387675657667,-1.7636888729675684,-1.983644771262999,-1.5621087005108238,1.784302072962563,-2.2930019452774766
1.1200224438867663,1.65934204451071,-1.7637064587533342,-1.9836412254847846,-1.5621508332860246,1.784278310871681,-2.292883576882288
1.1200219458390803,1.6593442577808202,-1.7637249596013234,-1.9836364072562815,-1.5621939196674535,1.7842545713314375,-2.2927565515811095
1.1200142444962893,1.6593436664256438,-1.7637442832452568,-1.9836255187835166,-1.5622758289834329,1.7842172207182097,-2.2925853559881317
1.1199989354532018,1.659344354181645,-1.7637723213603975,-1.9836122937292433,-1.562337527842363,1.7841744228721663,-2.2924270249051335
1.119981685978282,1.6593440911693502,-1.7637975057428414,-1.9835992168777983,-1.562397997425633,1.784148620569643,-2.2922691829233552
1.1199660729554606,1.659343775384474,-1.7638195394163576,-1.9835903580424707,-1.5624251668320757,1.7841319368374084,-2.2921476334254502
1.1199487434564162,1.6593418631180683,-1.7638390139799942,-1.9835807503005505,-1.5624593527537662,1.7841239403990394,-2.292018329036707
1.11993294158097,1.6593393143495407,-1.763856138729434,-1.9835740856020363,-1.5624704784408439,1.7841215809738276,-2.291918225272357
1.1199218787739122,1.659336103459867,-1.763867768676702,-1.9835719022945448,-1.5624609432217664,1.7841452001072278,-2.2918575568816317
1.1199055930680852,1.6593328992467857,-1.7638849631754814,-1.9835667835959865,-1.5624497091065461,1.7841320884363632,-2.29177491584278
1.1198921572477702,1.659329175743235,-1.7638986839295803,-1.9835639607758122,-1.562430618535434,1.7841460590541578,-2.291724043382259
1.1198793109041802,1.6593234725900432,-1.763907507424049,-1.9835595258609409,-1.5624394411187656,1.7841630506275599,-2.2916503569518896
1.1198624902410312,1.6593067012079474,-1.7638947550020194,-1.9835312712315327,-1.5627111577119301,1.7840721185231814,-2.2913060137944696
1.1198388677654274,1.659285356056068,-1.7638749133569065,-1.9834891028663386,-1.563111351710032,1.7840077254967224,-2.2908585984632035
1.119813174727755,1.6592671522281095,-1.763856897726988,-1.983450436141109,-1.5634613012367498,1.783993066311255,-2.290462645116105
1.119791005442102,1.6592513740152115,-1.7638375034724696,-1.9834157968312767,-1.563767544252504,1.7840232269085343,-2.290112277562852
1.1197831125606983,1.659243879310418,-1.7638108887927022,-1.9834205902158881,-1.5636957056442151,1.7840686081421524,-2.2902140728541465
1.1197866071361298,1.659240402818783,-1.7637725961879338,-1.9834361405654506,-1.5635422025652954,1.7841333953995626,-2.2904498425761175
1.1198006322660254,1.6592408060741364,-1.76372109005685,-1.9834642313382238,-1.5632968026246352,1.7842241012517521,-2.2908464145941614
1.1198248462103602,1.6592446784542285,-1.763664429708264,-1.983510899900587,-1.5628879545200012,1.7843079902408898,-2.291513907017245
1.1198567524664758,1.6592537395385483,-1.76362079353535,-1.983566812958105,-1.5623955492838784,1.7843739386408222,-2.292296196468305
