0.0,0.0,0.0,0.0,0.0,0.0,0.0
-0.15404321481720903,-0.11800025448168214,0.1429384373627042,-0.24156742133263492,-0.15896145500603243,0.180267481889134,-0.21832001182018412
-0.29268239091923165,-0.24193069866537956,0.27152741412291004,-0.47441298191251163,-0.3020267645114616,0.3425071192339465,-0.41478518109827545
-0.4174575070958433,-0.3687103523740465,0.3872594269739898,-0.6839736298466009,-0.43078679450571156,0.4885226863321227,-0.5916060662955809
-0.5297549289423968,-0.5026739493396241,0.4914182385399616,-0.8725782233411976,-0.5466704679062102,0.6199366122669882,-0.7507447577541831
-0.6308225054291708,-0.6316156176649773,0.5851611689493361,-1.0423220856356028,-0.6509664093380225,0.7382087356322771,-0.8939696345235975
-0.721783239523515,-0.7578539068123034,0.6695298063177733,-1.1950916142425336,-0.7448325091223565,0.8446535337674269,-1.0228719576871335
-0.803647782571028,-0.8826868889640985,0.7454615799493667,-1.3325840379152267,-0.8293123601764268,0.9404533522181908,-1.1388840298829608
-0.8773258552576825,-1.0065370394398176,0.8138001762178008,-1.456327342685698,-0.905343955408777,1.0266731594532543,-1.243294819620039
-0.9436360386118066,-1.1290666689881015,0.8753049128593915,-1.567696278797165,-0.9737725817127759,1.1042705378188369,-1.3372644653505747
-1.0033153054430306,-1.2492712471854124,0.9306591758368231,-1.6679285686834964,-1.0353577432119354,1.1741086815252104,-1.4218371132937033
-1.0570265886897592,-1.3655596351431902,0.9804780125165116,-1.758137622937961,-1.0907845179697904,1.236962654345422,-1.4979524408497542
-1.1053666891937415,-1.4758338999149188,1.0253149655282312,-1.839325786848564,-1.140668709526572,1.2935308827530856,-1.5664561778651873
-1.1488727607292293,-1.5775743010199286,1.0656682232387789,-1.912395190831486,-1.185564435578033,1.3444421583930182,-1.6281095067052063
-1.1880283252153605,-1.6679335539836502,1.1019861551782717,-1.9781577720115289,-1.2259701916549637,1.3902628871951441,-1.6835975518610955
-1.2232688222913968,-1.7438398212052615,1.1346722939238152,-2.0373442768210346,-1.2623339940123968,1.4315043702043762,-1.7335371068390408
-1.2549852965323733,-1.8021038582403122,1.1640898187948043,-2.090612150011541,-1.295061432992378,1.4686218439394365,-1.7784827134110932
-1.2835301534123045,-1.8395265624423702,1.1905655911786948,-2.1385532151648463,-1.324516114593231,1.502027746497278,-1.818933774641029
-1.3092198624671167,-1.8381412499538963,1.2168012786576081,-2.181699909387965,-1.3510263723491993,1.532090258398389,-1.8553393612917042
-1.3323414700406129,-1.8297805260137676,1.2380059050552181,-2.2205322674060577,-1.3748840743290625,1.5591510649014013,-1.8881049828261727
-1.3531508582372855,-1.8222558181930086,1.257090068813067,-2.2554813772776017,-1.396356143000896,1.583505675042582,-1.9175940056947525
-1.3718792639540234,-1.8154835404125476,1.274265816195131,-2.2869355665355418,-1.4156811072276152,1.6054247589937798,-1.9441341013159295
-1.388734822210009,-1.809388506477803,1.2897239888389886,-2.3152443350430776,-1.4330735949614488,1.6251521394968762,-1.968020194503281
-1.4039044381624208,-1.8039025606825645,1.3036366140412077,-2.340722610733633,-1.4487271812289029,1.64290621111864,-1.9895175482953509
-1.4175570925195913,-1.7989653907129128,1.3161580802548576,-2.363653254512836,-1.4628151380982777,1.6588865588308708,-2.0088653024822354
-1.4298444814410447,-1.7945218988891576,1.3274272866261352,-2.3842906340113617,-1.4754944515865587,1.6732680990980182,-2.0262782322897053
-1.4409031314703529,-1.7905227118576996,1.337569499037965,-2.4028641438580975,-1.4869059553533253,1.686210875930696,-2.0419498280041917
-1.45085591649673,-1.7869234006446448,1.3466974413337571,-2.4195802138516376,-1.4971764045692582,1.6978588911824408,-2.056054229944607
-1.4598134230204696,-1.7836842413863712,1.354912679885671,-2.4346248476451975,-1.5064195453133,1.7083440756060269,-2.0687483596108196
-1.4678751788918352,-1.780768938000887,1.362306344190969,-2.4481649231449953,-1.5147384860736142,1.717780133030544,-2.0801730323364276
-1.4751307591760643,-1.7781451119634684,1.3689606054188637,-2.4603509217426907,-1.522225624110123,1.726272082111173,-2.090455200384105
-1.4816607814318705,-1.7757836226306984,1.3749494133869453,-2.4713182690038114,-1.5289641215348306,1.7339144199361947,-2.0997091198552664
-1.4875378014620961,-1.7736582427315357,1.380339320099932,-2.481188842732229,-1.535028828154643,1.7407921767491588,-2.108037620274214
-1.492827119489299,-1.771745366922668,1.3851902204646935,-2.490072329411495,-1.5404871118397379,1.746981866446508,-2.1155332474259434
-1.4975875057137817,-1.7700240312755269,1.38955610095201,-2.4980675948716606,-1.545399335946758,1.7525547789393263,-2.1222795136306867
-1.5018718533158162,-1.7684747816453545,1.393485371912605,-2.505263291441467,-1.5498204017674893,1.75756997962774,-2.1283511203927894
-1.5057277661576471,-1.767080415275287,1.3970216985027775,-2.511739384421099,-1.5537994145239196,1.762083296332401,-2.133815537523599
-1.509198087715295,-1.7658254493057897,1.4002043784491565,-2.5175678407121986,-1.557380570602568,1.7661449679538554,-2.138733487629976
-1.5123213771171782,-1.7646959483960316,1.4030687789696619,-2.522813429068051,-1.5606036484290102,1.7698002014350047,-2.143159620539512
-1.515132337578873,-1.763679370077984,1.4056467300116005,-2.5275344402732665,-1.5635044499185216,1.7730896764289905,-2.1471431206626095
-1.5176622019943984,-1.7627644255649355,1.4079668781133403,-2.5317833352053944,-1.5661151978569423,1.776049999203323,-2.1507282536033085
-1.5199390799683712,-1.7619409544670324,1.4100550048431928,-2.5356073280198776,-1.568464893602133,1.7787141109187101,-2.15395485809657
-1.5219882701449465,-1.7611998120234738,1.4119343133686155,-2.539048910966324,-1.570579639060663,1.7811116548963979,-2.156858788741838
-1.5238325413038645,-1.7605327676007512,1.4136256863501009,-2.5421463266870123,-1.57248292650197,1.7832693070144914,-2.159472314455216
-1.5254923853468907,-1.7599324133316374,1.4151479180323998,-2.5449339932592507,-1.5741958994183758,1.7852110729506474,-2.161824477069936
-1.5269862449856142,-1.759392081882174,1.4165179231169325,-2.5474428867141636,-1.575737587320335,1.7869585556099479,-2.1639414140715094
-1.5283307186604653,-1.7589060532325282,1.417750973564455,-2.549700951799748,-1.5771249273000152,1.7885335501308528,-2.1658468953660446
-1.5295407449678313,-1.7584686083605332,1.418860713120704,-2.5517331983539653,-1.5783735521996138,1.789950876160289,-2.1675618147286553
-1.5306297686444608,-1.7580748903404944,1.4198594735508019,-2.5535622097526334,-1.5794973315583396,1.7912263141094111,-2.1691052292268305
-1.5316098899534272,-1.7577205284341066,1.4207583534306694,-2.5552083108795594,-1.5805087478185607,1.7923740700456066,-2.1704942907242275
-1.532491999131497,-1.7574015887489447,1.4215673413817649,-2.556689793927224,-1.5814190354719202,1.793406927378898,-2.171744435745282
-1.5332858973917598,-1.757114530581542,1.422295427082682,-2.558023121700281,-1.5822383058091871,1.794336389386461,-2.172869557026163
-1.5340004058259964,-1.7568561671238592,1.4229507011766795,-2.5592231105822627,-1.5829756592020923,1.7951728074586293,-2.1738821579097896
-1.5346434634168094,-1.7566236300955815,1.423540445185978,-2.560303095200383,-1.5836392861635697,1.7959254964863094,-2.174793491299215
-1.535222215248541,-1.7564143379101922,1.424071212432667,-2.561275076619713,-1.5842365583073232,1.7966028386812298,-2.175613684713854
-1.5357430918970996,-1.7562259670218863,1.4245489008659582,-2.562149855714633,-1.5847741102157928,1.797212376990323,-2.1763518528385357
-1.5362118808808023,-1.7560564261356262,1.424978818605463,-2.562937153200489,-1.585257913124886,1.7977608991485885,-2.1770161988163155
-1.5366337909661347,-1.7559038329943362,1.4253657429291346,-2.5636457176599436,-1.5856933412431595,1.7982545133096888,-2.177614105410859
-1.5370135100429339,-1.7557664934857935,1.425713973361598,-2.564283422764963,-1.5860852314414913,1.7986987160990722,-2.178152217051598
-1.537355257212053,-1.755642882837471,1.4260273794529819,-2.5648573547751927,-1.5864379369757773,1.799098453849502,-2.1786365136735104
-1.5376628296642603,-1.7555316286907274,1.4263094437793216,-2.5653738912853394,-1.5867553758390123,1.7994581777025322,-2.1790723771721776
-1.5379396448712468,-1.7554314958665702,1.4265633006424718,-2.56583877209687,-1.5870410742795407,1.799781893190824,-2.1794646512126845
-1.5381887785575348,-1.7553413726539735,1.4267917708996571,-2.56625716300175,-1.5872982059686351,1.8000732048544734,-2.179817695057064
-1.5384129988751938,-1.7552602584686097,1.4269973933097577,-2.5666337131871626,-1.5875296272522845,1.800335356389006,-2.180135432008498
-1.538614797161087,-1.7551872527450527,1.427182452744708,-2.566972606899207,-1.5877379088786199,1.8005712667727687,-2.1804213930106644
-1.5387964156183909,-1.755121544939193,1.4273490055795384,-2.567277609939777,-1.5879253645532856,1.8007835627765394,-2.1806787558867633
-1.5389598722299644,-1.7550624055299122,1.4274989025432312,-2.567552111513366,-1.588094076639861,1.800974608217784,-2.180910380654304
-1.5391069831803805,-1.7550091779201562,1.4276338092843337,-2.567799161888871,-1.5882459192907363,1.8011465302856515,-2.181118841308115
-1.5392393830357551,-1.7549612711475202,1.4277552248798808,-2.5680215062949414,-1.588382579265328,1.8013012432301103,-2.181306454424788
-1.5393585429055923,-1.7549181533234401,1.4278644984933118,-2.5682216154255597,-1.5885055746668386,1.8014404696792252,-2.1814753049064466
-1.5394657867884456,-1.7548793457281713,1.4279628443664987,-2.568401712894867,-1.5886162718056518,1.8015657598221146,-2.181627269149926
-1.5395623062830137,-1.7548444174960085,1.4280513553124914,-2.5685637999463333,-1.5887159003766627,1.80167850867133,-2.1817640358988566
-1.5396491738281248,-1.7548129808317567,1.4281310148589141,-2.5687096776908662,-1.5888055671191066,1.8017799715969816,-2.18188712501037
-1.539727354618725,-1.7547846867053507,1.428202708176963,-2.5688409671209804,-1.58888626811061,1.801871278305671,-2.1819979043449944
-1.539797717330265,-1.7547592209768337,1.4282672319174483,-2.5689591271234438,-1.5889588998320123,1.8019534454199524,-2.1820976049674243
-1.539861043770651,-1.754736300908679,1.4283253030631877,-2.5690654706905605,-1.5890242691258616,1.8020273877984485,-2.1821873348271037
-1.5399180375669985,-1.754715672026738,1.4283775668961183,-2.5691611795102447,-1.5890831021591931,1.8020939287227138,-2.1822680910706436
-1.5399693319837113,-1.7546971052949687,1.4284246041676623,-2.569247317097016,-1.589136052490151,1.8021538090643054,-2.182340771122906
-1.5400154969587527,-1.754680394572577,1.428466937552025,-2.56932484060983,-1.5891837083280496,1.8022076955341657,-2.1824061826598986
-1.54005704543629,-1.7546653543253479,1.4285050374541353,-2.5693946114880717,-1.5892265990675212,1.802256188106189,-2.182465052584306
-1.5400944390660736,-1.7546518175657504,1.4285393272367692,-2.569457405023901,-1.5892652011693298,1.802299826697652,-2.182518035103399
-1.5401280933328787,-1.754639633998957,1.4285701879249375,-2.56951391897732,-1.5892999434531736,1.8023390971809035,-2.182565718999097
-1.5401583821730034,-1.7546286683541865,1.4285979624398175,-2.569564781329698,-1.5893312118612712,1.8023744367932621,-2.1826086341709705
-1.5401856421291156,-1.7546187988828523,1.4286229594092752,-2.5696105572619072,-1.589359353745645,1.802406239005368,-2.1826472575248936
-1.5402101760896165,-1.7546099160068365,1.4286454565973188,-2.5696517554346188,-1.5893846817267245,1.8024348579022007,-2.1826820182727924
-1.5402322566540674,-1.754601921101888,1.4286657039905957,-2.56968883364054,-1.5894074771661353,1.8024606121255515,-2.1827133027023766
-1.5402521291620732,-1.7545947254026342,1.4286839265762266,-2.569722203891408,-1.5894279932922466,1.802483788421847,-2.182741458469866
-1.5402700144192785,-1.7545882490170517,1.4287003268418468,-2.5697522369962593,-1.5894464580131995,1.802504644834834,-2.1827667984634136
-1.540286111150763,-1.7545824200394526,1.4287150870256335,-2.5697792666818584,-1.5894630764486635,1.8025234135786758,-2.1827896042801562
-1.5403005982090994,-1.75457717375214,1.4287283711413228,-2.5698035933010632,-1.5894780332084448,1.8025403036234506,-2.1828101293555395
-1.540313636561602,-1.7545724519068686,1.428740326800717,-2.5698254871703425,-1.589491494443259,1.8025555030218432,-2.1828286017796836
-1.5403253710788543,-1.7545682020781326,1.4287510868539353,-2.5698451915735268,-1.5895036096904473,1.8025691810029356,-2.1828452268320957
-1.5403359321443815,-1.7545643770811017,1.4287607708656322,-2.5698629254651717,-1.5895145135351432,1.8025814898564114,-2.1828601892628914
-1.5403454371033558,-1.754560934447742,1.4287694864435914,-2.569878885903578,-1.5895243271053376,1.8025925666281528,-2.1828736553458787
-1.5403539915664328,-1.7545578359553058,1.4287773304344522,-2.569893250240497,-1.589533159417455,1.8026025346461114,-2.182885774726319
-1.540361690583202,-1.7545550472019553,1.4287843899998622,-2.569906178091858,-1.5895411085873856,1.8026115048934408,-2.182896682083897
-1.5403686196982944,-1.7545525372248085,1.428790743585009,-2.5699178131114166,-1.589548262920426,1.8026195772441813,-2.182906498629386
-1.5403748559018775,-1.7545502781561675,1.4287964617902957,-2.5699282845870304,-1.5895547018922398,1.802626841575255,-2.1829153334516316
-1.5403804684851023,-1.7545482449141099,1.4288016081558472,-2.569937708877301,-1.5895604970317292,1.802633378767152,-2.1829232847298314
-1.5403855198100047,-1.7545464149240115,1.4288062398675607,-2.569946190704549,-1.5895657127156306,1.8026392616044495,-2.182930440824575
-1.5403900660024168,-1.7545447678679063,1.428810408392551,-2.5699538243184805,-1.5895704068836587,1.8026445555861923,-2.1829368812597734
-1.5403941575755877,-1.7545432854589007,1.4288141600510478,-2.569960694543492,-1.589574631682142,1.8026493196551547,-2.1829426776063903
-1.5403978399914415,-1.7545419512381395,1.4288175365311016,-2.5699668777212317,-1.5895784340433037,1.8026536068541055,-2.1829478942777913
-1.5404011541657099,-1.7545407503920667,1.4288205753518175,-2.5699724425589068,-1.5895818562066188,1.8026574649163825,-2.1829525892455552
-1.5404041369225514,-1.7545396695879547,1.4288233102802637,-2.5699774508927558,-1.5895849361880414,1.8026609367973516,-2.1829568146836964
-1.5404068214037088,-1.7545386968258743,1.428825771706688,-2.569981958375169,-1.5895877082023138,1.8026640611526694,-2.1829606175484626
-1.5404092374367504,-1.7545378213054619,1.428827986982211,-2.5699860150930967,-1.589590203043049,1.8026668727686712,-2.182964040100148
-1.540411411866488,-1.7545370333060062,1.4288299807227494,-2.5699896661246133,-1.5895924484248103,1.8026694029496793,-2.182967120372722
-1.5404133688532518,-1.754536324078521,1.4288317750825454,-2.5699929520398226,-1.5895944692909831,1.8026716798665428,-2.1829698925964904
-1.5404151301413391,-1.754535685748608,1.4288333900003427,-2.569995909351672,-1.5895962880908663,1.8026737288702894,-2.182972387578489
-1.5404167153006179,-1.7545351112290286,1.4288348434209432,-2.569998570921683,-1.5895979250290548,1.8026755727743813,-2.182974633044835
-1.5404181419439686,-1.7545345941410158,1.4288361514946089,-2.570000966325104,-1.589599398289888,1.802677232108718,-2.1829766539488387
-1.5404194259229844,-1.7545341287434526,1.4288373287565208,-2.5700031221795543,-1.589600724239454,1.8026787253482155,-2.1829784727483053
-1.5404205815040986,-1.7545337098691298,1.4288383882882933,-2.570005062440794,-1.5896019176073979,1.8026800691185025,-2.1829801096551025
-1.5404216215271012,-1.7545333328673756,1.4288393418633354,-2.570006808668921,-1.5896029916505474,1.8026812783810302,-2.18298158285977
-1.5404225575478037,-1.7545329935524197,1.4288402000776754,-2.5700083802679456,-1.5896039583001818,1.802682366599651,-2.1829829087336656
-1.5404233999664358,-1.7545326881569203,1.4288409724677034,-2.570009794701408,-1.589604828294572,1.8026833458905238,-2.1829841020108973
-1.5404241581432048,-1.754532413290136,1.4288416676161386,-2.57001106768643,-1.5896056112982704,1.8026842271570147,-2.182985175952059
-1.5404248405022969,-1.7545321659002793,1.4288422932473994,-2.570012213368365,-1.589606316009471,1.8026850202110936,-2.182986142491593
-1.5404254546254799,-1.7545319432406326,1.4288428563134363,-2.570013244477981,-1.5896069502566366,1.8026857338825795,-2.1829870123704125
-1.5404260073363445,-1.7545317428390526,1.4288433630709816,-2.5700141724729217,-1.5896075210854617,1.802686376117452,-2.182987795255266
-1.5404265047761225,-1.7545315624705224,1.4288438191510733,-2.570015007665027,-1.5896080348371426,1.8026869540663206,-2.1829884998461577
-1.5404269524719227,-1.7545314001324483,1.4288442296216268,-2.570015759334914,-1.58960849721882,1.8026874741640384,-2.1829891339730323
-1.5404273553981431,-1.7545312540224245,1.4288445990437488,-2.570016435835106,-1.5896089133669775,1.802687942201348,-2.1829897046827837
-1.5404277180317414,-1.7545311225182216,1.42884493152242,-2.5700170446828428,-1.5896092879045023,1.802688363389355,-2.1829902183175682
-1.5404280444019798,-1.754531004159776,1.4288452307521096,-2.5700175926436133,-1.5896096249920393,1.8026887424175473,-2.1829906805852817
-1.5404283381351944,-1.754530897632978,1.4288455000578268,-2.5700180858063337,-1.5896099283742107,1.8026890835060088,-2.1829910966229904
-1.5404286024950875,-1.7545308017550831,1.4288457424320695,-2.5700185296510063,-1.5896102014212141,1.8026893904524044,-2.1829914710540184
-1.5404288404189914,-1.7545307154615783,1.4288459605680754,-2.570018929109614,-1.5896104471662615,1.8026896666742631,-2.1829918080393247
-1.5404290545505048,-1.7545306377943648,1.4288461568897495,-2.570019288620922,-1.5896106683392741,1.802689915247029,-2.1829921113237436
-1.540429247268867,-1.7545305678911194,1.4288463335785981,-2.5700196121798053,-1.5896108673972082,1.8026901389383025,-2.182992384277599
-1.5404294207153928,-1.7545305049757207,1.4288464925979696,-2.570019903381635,-1.5896110465513495,1.802690340238655,-2.18299262993416
-1.540429576817266,-1.7545304483496318,1.4288466357148708,-2.5700201654622337,-1.5896112077918771,1.8026905213893578,-2.1829928510233465
-1.540429717308952,-1.7545303973841448,1.4288467645196021,-2.5700204013338284,-1.5896113529099722,1.802690684407338,-2.182993050002068
-1.5404298437514694,-1.7545303515134003,1.4288468804434287,-2.5700206136174146,-1.5896114835177162,1.8026908311076335,-2.182993229081526
-1.540429957549735,-1.7545303102281047,1.4288469847744838,-2.570020804671878,-1.5896116010659982,1.8026909631236014,-2.1829933902517853
-1.5404300599681742,-1.7545302730698755,1.4288470786720837,-2.5700209766202073,-1.5896117068606332,1.8026910819251047,-2.1829935353038916
-1.5404301521447694,-1.7545302396261526,1.428847163179609,-2.5700211313730845,-1.589611802076868,1.8026911888348767,-2.182993665849773
-1.5404302351037051,-1.754530209525617,1.4288472392360985,-2.5700212706501167,-1.5896118877724357,1.8026912850432488,-2.182993783340153
-1.540430309766747,-1.7545301824340684,1.428847307686684,-2.5700213959989444,-1.589611964899308,1.8026913716214037,-2.1829938890806733
-1.540430376963485,-1.7545301580507149,1.4288473692919816,-2.570021508812438,-1.589612034314268,1.802691449533301,-2.182993984246402
-1.540430437440549,-1.7545301361048329,1.428847424736543,-2.570021610344176,-1.5896120967884293,1.8026915196464108,-2.182994069894892
-1.5404304918699068,-1.7545301163527616,1.4288474746364623,-2.570021701722375,-1.5896121530158023,1.8026915827413719,-2.182994146977934
-1.5404305408563286,-1.7545300985751977,1.4288475195462225,-2.570021783962425,-1.5896122036210028,1.802691639520683,-2.182994216352133
-1.5404305849441082,-1.7545300825747607,1.4288475599648562,-2.570021857978174,-1.5896122491661917,1.8026916906165245,-2.1829942787884264
-1.54043062462311,-1.7545300681738005,1.428847596341491,-2.5700219245920817,-1.5896122901573193,1.8026917365977972,-2.182994334980654
-1.5404306603342117,-1.7545300552124263,1.4288476290803405,-2.5700219845443586,-1.589612327049746,1.8026917779764569,-2.182994385553266
-1.540430692474203,-1.7545300435467306,1.4288476585451952,-2.570022038501192,-1.5896123602533005,1.8026918152132132,-2.182994431068263
-1.5404307214001953,-1.7545300330471914,1.4288476850634657,-2.5700220870621475,-1.5896123901368333,1.8026918487226604,-2.1829944720314423
-1.5404307474335883,-1.7545300235972343,1.4288477089298204,-2.570022130766833,-1.589612417032313,1.8026918788778927,-2.1829945088980165
-1.540430770863642,-1.7545300150919383,1.4288477304094596,-2.5700221701008927,-1.5896124412385149,1.8026919060146587,-2.1829945420776755
-1.577067243273659,-1.747900603336044,1.4271101199100187,-2.522246320303283,-1.5826910919221289,1.7986195261591325,-2.2081910297443117
-1.576017575148004,-1.7485635619710211,1.4272838621823876,-2.523261407259352,-1.5833831996932992,1.799026498393881,-2.2056713050361365
-1.5730051009912855,-1.7490655433710272,1.427415436074117,-2.527065811841956,-1.5838750326228925,1.7993431630705925,-2.2037414450368678
-1.5708399892399072,-1.7494222636548773,1.4275085717267195,-2.5296158191273115,-1.584188201059621,1.799575673334092,-2.2023443605120776
-1.5694375147519926,-1.7496484502385379,1.4275667482548926,-2.5310347445020978,-1.5843413603593706,1.7997334114179966,-2.201428743056044
-1.5687214623554857,-1.7497570517917946,1.427593170478247,-2.5314338311422233,-1.5843514197083082,1.7998235137332836,-2.2009480898247427
-1.5686232807371265,-1.7497597088533763,1.4275907380996429,-2.530913159067227,-1.5842335825699039,1.799852396488652,-2.200860543302253
-1.569081315632093,-1.7496668854623099,1.4275620759422272,-2.5295627611162916,-1.5840015174276452,1.7998258309456023,-2.2011284279262266
-1.5700401197555005,-1.7494879871495146,1.4275095611249569,-2.527463627342971,-1.5836675117309307,1.799749007964051,-2.201717832595668
-1.5714498317922696,-1.7492314671449374,1.4274353475357315,-2.5246886089264087,-1.5832426104082937,1.7996265960886257,-2.2025982349455537
-1.5732656175091682,-1.7489049219378483,1.4273413878590808,-2.5213032316610806,-1.5827367405171748,1.7994627938762915,-2.2037421631776106
-1.5754471667945686,-1.7485151772774656,1.4272294534117622,-2.5173664280633488,-1.5821588234048238,1.7992613769968566,-2.2051248917105237
-1.5779582410252933,-1.7480683655594162,1.4271011520022012,-2.512931196237356,-1.581516875636691,1.7990257406369283,-2.2067241672590234
-1.5807662657342374,-1.7475699954682773,1.4269579440142155,-2.50804519282307,-1.580818099811878,1.7987589376588968,-2.2085199623067284
-1.583841964037951,-1.7470250146365787,1.4268011568883963,-2.5027512666226106,-1.5800689662854739,1.798463712956484,-2.210494253221581
-1.5871590267568256,-1.746437866030844,1.4266319981649433,-2.497087938834285,-1.5792752867013387,1.7981425343671,-2.212630820560367
-1.590693815549781,-1.7458125386806205,1.4264515672284312,-2.4910898352367234,-1.5784422801609925,1.797797620500531,-2.2149150693338653
-1.5944250957727841,-1.7451526133316182,1.4262608658881972,-2.4847880751241402,-1.577574632757876,1.7974309657690972,-2.217333867250359
-1.5983337960756037,-1.7444613035131051,1.4260608079059547,-2.4782106213220274,-1.5766765511499006,1.7970443629241746,-2.2198753991247604
-1.6024027920728463,-1.7437414924922479,1.4258522275793821,-2.471382595171328,-1.5757518107599298,1.7966394233277547,-2.222529035849546
-1.6066167116757086,-1.7429954394477045,1.4256358547240184,-2.4643265354324964,-1.5748040611393073,1.7962152781841731,-2.2252849640382135
-1.610961759924114,-1.7422258048073553,1.4254124226905958,-2.457062731405686,-1.5738360717224147,1.7957756800872777,-2.2281348511503882
-1.6154255613567243,-1.7414346655152946,1.4251825705103556,-2.4496093696108177,-1.5728505691921915,1.7953217840436888,-2.231070963333786
-1.6199970181870265,-1.7406238820933966,1.4249468843532287,-2.44198276973962,-1.5718499984460124,1.7948546235734706,-2.2340863469352197
-1.6246661826770357,-1.7397951210194509,1.424705902681299,-2.434197570569317,-1.5708365505289683,1.7943751269969577,-2.2371747515941363
-1.6294241423154472,-1.7389498743050833,1.424460120839439,-2.4262668972050614,-1.56981218821245,1.793884128029206,-2.2403305606052295
-1.6342629164989408,-1.7380894770923738,1.4242099951905027,-2.418202511568068,-1.5687786690114323,1.7933823753212987,-2.2435487282356035
-1.6391753635836763,-1.7372151234929365,1.4239559468449914,-2.4100149477976136,-1.5677375658857293,1.792870541026406,-2.246824723324966
-1.6441550972521075,-1.7363278808196259,1.423698365021295,-2.4017136340811036,-1.5666902858674816,1.7923492285254154,-2.250154478517572
-1.6491964112843531,-1.7354287024010635,1.42343761007794,-2.3933070022606318,-1.5656380868109008,1.791818979354049,-2.2535343445907037
-1.6542942118746131,-1.7345184390930584,1.423174016246214,-2.3848025864443465,-1.5645820924631075,1.7912802794514555,-2.256961049345048
-1.6594261546061333,-1.7335689997543606,1.422943235496132,-2.3762791866395467,-1.563354513800714,1.7904441716031563,-2.2606166542753887
-1.6646034238683707,-1.7326129704758932,1.4227160291408858,-2.3676878691539938,-1.5620859651464614,1.7896509182721623,-2.264426070041062
-1.6698258556497987,-1.731652400422668,1.4224852163424184,-2.3590139338653775,-1.5608282288701854,1.7888859348358002,-2.268276254450741
-1.6750937272160713,-1.7306943322017871,1.4222442412844538,-2.35023036239716,-1.559648166164738,1.7881553241729409,-2.2720053992835982
-1.6804030014917999,-1.7297314227160991,1.421994658072163,-2.3413652728677072,-1.558496150681452,1.7874487443885516,-2.2757618448657606
-1.685750836242744,-1.728762425825884,1.4217379152810508,-2.3324251486689733,-1.5573642178016966,1.7867520525488387,-2.27953674816562
-1.691135255927823,-1.7277921374975396,1.4214738004434604,-2.3234054832563906,-1.5562657013453847,1.7860948182508483,-2.2833016032512656
-1.6965533928794516,-1.7268150516040845,1.4212039894530217,-2.3143181773726567,-1.5551832291083167,1.7854436336886923,-2.2870944282270123
-1.7020029095008942,-1.7258348365426535,1.4209309691248584,-2.3051592422141045,-1.5541271154698921,1.7848054072293136,-2.2908635480215502
-1.70748198775702,-1.724846821671039,1.4206550874122443,-2.295941689287092,-1.5530782272057464,1.7841596379703175,-2.2946678414338897
-1.7129884549717358,-1.7238558080136805,1.4203790955028242,-2.286662319678387,-1.5520446639697458,1.7835292310996842,-2.298467810450579
-1.7185211882410873,-1.7228585731871096,1.4201028291539284,-2.2773280970035237,-1.5510181194927215,1.7828941599369013,-2.302296599999367
-1.7240789865819548,-1.7218533041751944,1.419826628556036,-2.2679439460510293,-1.5499920225787265,1.7822402611997938,-2.306172617953758
-1.7296607701905489,-1.7208407587202195,1.4195517253943626,-2.2585100024130975,-1.5489684597578186,1.781565449055903,-2.3100869135324507
-1.7352653160759746,-1.7198247924408863,1.4192800878332987,-2.249022654776133,-1.5479596004085228,1.7809022174185178,-2.3139954063041652
-1.7408920383278712,-1.7188045880785312,1.4190111948547244,-2.2394868108924557,-1.5469535817032403,1.7802382498728313,-2.317958530622698
-1.7465404364444372,-1.7177766102208283,1.4187451803909188,-2.229903425850148,-1.545952499521839,1.77954812095758,-2.321983007374045
-1.7522121057831161,-1.716742224604837,1.4184791240603478,-2.2202675829517515,-1.5449802003610829,1.778865557273714,-2.325986723876133
-1.7579063005552529,-1.7157003776280013,1.4182137903397087,-2.210583337172047,-1.5440245385787112,1.7781639340174602,-2.330017412310876
-1.7636236717639495,-1.7146534691238091,1.4179466742689284,-2.2008509916211385,-1.5430826894016063,1.7774662751818042,-2.33407109797634
-1.7693663780335978,-1.7136022365761407,1.4176722843564686,-2.191070884492421,-1.5421572843571743,1.7767958196257179,-2.338099501362207
-1.7751303079474363,-1.7125460900283729,1.417400270864809,-2.1812452466586754,-1.5412319441559912,1.7761090303485016,-2.3421986350823585
-1.7809200573672002,-1.711486114083746,1.4171191006820114,-2.17137707097382,-1.5403104764328823,1.7754736392975718,-2.34623058876572
-1.7867374158702272,-1.71042288476311,1.416821952782999,-2.1614793220140798,-1.5393441303119109,1.774954270400511,-2.3501887493528066
-1.7925755313536746,-1.709354067928913,1.416528899511438,-2.1515362561623554,-1.5383790193206126,1.774414023840169,-2.354185583155954
-1.7984347154829359,-1.7082797335151023,1.4162397697340026,-2.1415474623626576,-1.537415435188918,1.773854682617465,-2.3582195847075433
-1.804315314599238,-1.7071999728711043,1.4159544182959447,-2.131512466773903,-1.5364535909094152,1.7732780083999518,-2.3622894519035564
-1.8102177079312136,-1.7061150221733665,1.4156727279070063,-2.1214307360541445,-1.5354934791113266,1.7726863054515036,-2.3663941207089523
-1.8161423060737296,-1.7050245405870836,1.4153945795220244,-2.1113016762976495,-1.534535730094405,1.7720791648350442,-2.3705324376064096
-1.8220895496976182,-1.7039285256291419,1.415119885861125,-2.101124641839696,-1.5335805375915637,1.77145764725266,-2.3747035431701766
-1.8280599084891942,-1.7028269674319398,1.4148485759019027,-2.090898934398554,-1.5326280684873388,1.770822707068705,-2.3789067078090786
-1.8340538802866502,-1.7017198486819802,1.4145805932238016,-2.080623804645998,-1.5316784661302398,1.7701752001008797,-2.3831413201555156
-1.8400719904149796,-1.7006071451570386,1.4143158945465726,-2.070298453460273,-1.530731852601146,1.7695158933141677,-2.387406876950828
-1.8461147911845246,-1.6994884928117504,1.4140544373178228,-2.0599220309959603,-1.529788739318175,1.768844051164379,-2.3917028417032413
-1.8521828615624534,-1.698364195550405,1.4137962123530288,-2.049493642964374,-1.5288487968293203,1.7681617565441212,-2.3960290383710365
-1.8576441249025892,-1.6973524849044255,1.413563805902154,-2.0401080609534956,-1.5280026561989373,1.7675482626413528,-2.399922684806178
-1.8625592619087115,-1.6964419980939087,1.4133546417607923,-2.0316610395511816,-1.5272410582188223,1.7669963126055128,-2.4034269823327534
-1.8669828852142216,-1.695622609719174,1.4131663956551246,-2.0240587228902074,-1.5265555522777348,1.766499739852615,-2.406580864636754
-1.8709641461891806,-1.6948848789424047,1.4129969690605424,-2.0172166514530283,-1.5259389429285093,1.7660516755199405,-2.4094192448124385
-1.8745472810666437,-1.694220951879168,1.412844486117968,-2.0110587887826616,-1.5253839526400177,1.7656485293084379,-2.4119737958619023
-1.8777721024563605,-1.6936234467713989,1.4127072524359252,-2.005516714029724,-1.5248844212903951,1.7652858041795612,-2.414272900225976
-1.8806744417071057,-1.6930857194681497,1.4125837430384827,-2.0005288483899903,-1.5244348055242753,1.764959450554283,-2.4163421019181923
-1.8832865470327764,-1.6926017902700787,1.4124725854451519,-1.9960397709188942,-1.5240301163047452,1.7646658240313813,-2.418204390583532
-1.88563744182588,-1.692166277505396,1.412372544422506,-1.991999602750115,-1.5236658634476914,1.7644016449319773,-2.419880456937785
-1.8877532471396732,-1.6917743377420258,1.4122825082604138,-1.9883634528917697,-1.5233380057114685,1.7641639618684086,-2.4213889226614858
-1.889657471922087,-1.6914216119742713,1.4122014764204787,-1.9850909194424473,-1.5230429058839252,1.7639501189424382,-2.422746547303615
-1.8913712742262596,-1.6911041771872395,1.4121285484194728,-1.9821456406851081,-1.5227772903661214,1.7637577262122937,-2.4239684144942926
-1.8929136963000148,-1.6908185027618754,1.412062913824286,-1.979494891071092,-1.5225382128021963,1.7635846331038014,-2.425068099535722
-1.8943018761663946,-1.6905614112371095,1.4120038432472553,-1.977109217605269,-1.522323021349982,1.7634289044730784,-2.4260578202336895
-1.8955512380461363,-1.6903300429938926,1.411950680241856,-1.974962112592267,-1.52212932922758,1.763288799057239,-2.4269485726456703
-1.8966756637379039,-1.690121824469353,1.4119028340087352,-1.9730297191077268,-1.521954988207683,1.7631627500756888,-2.427750253253962
-1.8976876468604946,-1.6899344395484195,1.411859772831069,-1.9712905659221285,-1.5217980647643379,1.7630493477680977,-2.428471768921413
-1.8985984316708264,-1.6897658038154626,1.4118210181663262,-1.9697253289319845,-1.521656818606444,1.762947323676337,-2.4291211358515374
-1.899418138000125,-1.6896140413801992,1.4117861393288111,-1.9683166164477044,-1.5215296833589402,1.7628555364967655,-2.4297055686526186
-1.9001558736964936,-1.6894774640206367,1.411754748703915,-1.9670487759525042,-1.5214152491765907,1.762772959346455,-2.430231560495432
-1.9008198358232256,-1.689354552411513,1.4117264974409187,-1.9659077201852888,-1.5213122470968583,1.7626986683024628,-2.430704955255251
-1.9014174017372842,-1.6892436376135453,1.4117010631348093,-1.9648807669390167,-1.5212199268026914,1.7626306565992784,-2.4311309079418972
-1.9019552110599371,-1.6891438184722767,1.411678172407511,-1.9639565093513158,-1.5211368326112624,1.762569460674698,-2.431514266443133
-1.9024392394503247,-1.689053985585585,1.4116575709055645,-1.9631246778437714,-1.521062041741391,1.7625143997524284,-2.4318592902624947
-1.9028748650016734,-1.6889731399179826,1.4116390296922594,-1.9623760297797181,-1.5209947244340405,1.762464858869703,-2.432169812756195
-1.9032669279978873,-1.688900382373133,1.4116223427257422,-1.9617022467883527,-1.5209341338567808,1.762420284688005,-2.4324492839547984
-1.9036197846944798,-1.688834903798306,1.4116073245694851,-1.9610958423380778,-1.5208795978133658,1.7623801793248888,-2.4327008088953357
-1.903937355721413,-1.688775975987261,1.4115938083316686,-1.9605500785524634,-1.52083051128384,1.7623440947982345,-2.4329271821198293
-1.9042231696456529,-1.6887229435830005,1.4115816438106288,-1.9600588913446073,-1.5207863297104423,1.7623116280267053,-2.433130918724028
-1.9044804021774688,-1.688675216790411,1.4115706958257639,-1.959616823038057,-1.5207465629547097,1.7622824163307966,-2.4333142823013265
-1.904711911456103,-1.6886322648178065,1.4115608427153545,-1.959218961725642,-1.5207107698586613,1.7622561333844156,-2.433479310092345
-1.904920269806874,-1.6885936099744776,1.4115519749846064,-1.9588608866924229,-1.5206785533496479,1.7622324855719151,-2.4336278356196073
-1.9051077923225677,-1.6885588223586465,1.4115439940888925,-1.9585386192963539,-1.5206495560345095,1.7622112087100181,-2.433761509058799
-1.905276562586692,-1.6885275150767771,1.4115368113386773,-1.9582485787608808,-1.5206234562341125,1.7621920650981118,-2.433881815572948
-1.9054284558244041,-1.6884993399410977,1.4115303469139506,-1.9579875423882867,-1.5205999644142396,1.7621748408640456,-2.433990091813225
-1.905565159738345,-1.68847398359751,1.4115245289772247,-1.957752609751709,-1.5205788199732049,1.7621593435758505,-2.434087540769715
-1.9056881932608918,-1.688451164040833,1.411519292875234,-1.9575411704679622,-1.5205597883505322,1.7621454000927537,-2.4341752451371375
-1.9057989234311838,-1.6884306274786447,1.4115145804204698,-1.957350875193082,-1.5205426584246031,1.762132854631527,-2.434254179344037
-1.9058985805844466,-1.688412145508848,1.411510339244564,-1.9571796095183243,-1.5205272401703862,1.7621215670266024,-2.4343252203790846
-1.905988272022383,-1.6883955125795864,1.4115065222163392,-1.9570254704765693,-1.520513362551251,1.7621114111645504,-2.434389157534776
-1.9060689943165259,-1.6883805437032597,1.4115030869180558,-1.9568867453980903,-1.5205008716214705,1.76210227357545,-2.434446701176789
-1.9061416443812544,-1.6883670723992283,1.4114999951740386,-1.956761892880752,-1.5204896288183505,1.7620940521654382,-2.43449849063643
-1.9062070294395101,-1.6883549488423262,1.4114972126264418,-1.9566495256631944,-1.5204795094250354,1.7620866550762926,-2.4345451013138577
-1.9062658759919404,-1.6883440381965962,1.4114947083534415,-1.9565483952107021,-1.5204704011869306,1.7620799996593175,-2.4345870510710013
-1.9063188378891276,-1.6883342191157191,1.4114924545256107,-1.9564573778424923,-1.5204622030663895,1.7620740115520837,-2.4346248059852114
-1.906366503596596,-1.6883253823934614,1.4114904260966588,-1.9563754622462775,-1.5204548241218452,1.762068623847712,-2.4346587855275583
-1.9064094027333176,-1.6883174297491343,1.4114886005250986,-1.9563017382413768,-1.5204481824989524,1.7620637763474285,-2.4346893672233167
-1.9064480119563672,-1.6883102727345567,1.4114869575237503,-1.9562353866655189,-1.5204422045225416,1.7620594148880457,-2.434716890846417
-1.9064827602571117,-1.6883038317503694,1.4114854788342939,-1.9561756702729676,-1.520436823879316,1.7620554907368589,-2.434741662194462
-1.9065140337277817,-1.6882980351607588,1.41148414802437,-1.9561219255428395,-1.5204319808822169,1.762051960047204,-2.434763956486256
-1.9065421798513849,-1.6882928184967474,1.4114829503049713,-1.9560735553065909,-1.5204276218083015,1.7620487833685936,-2.4347840214195875
-1.9065675113626277,-1.6882881237391885,1.4114818723660958,-1.9560300221127596,-1.5204236983027835,1.7620459252059626,-2.434802079923246
-1.9065903097227461,-1.6882838986734938,1.4114809022288357,-1.955990842255235,-1.5204201668426247,1.7620433536231002,-2.434818332633846
-1.9066108282468528,-1.6882800963089164,1.4114800291122591,-1.9559555803987023,-1.52041698825373,1.7620410398858388,-2.4348329601249725
-1.9066292949185488,-1.6882766743559297,1.4114792433136039,-1.955923844741545,-1.520414127276385,1.7620389581410154,-2.434846124913422
-1.9066459149230752,-1.6882735947558938,1.411478536100453,-1.955895282662459,-1.5204115521741175,1.762037085127618,-2.4348579732648252
-1.906660872927149,-1.6882708232577741,1.4114778996136934,-1.9558695768024057,-1.5204092343816447,1.7620353999168918,-2.4348686368187127
-1.9066743351308153,-1.6882683290372087,1.4114773267801795,-1.955846441538373,-1.5204071481879973,1.762033883678503,-2.4348782340510775
-1.906686451114115,-1.6882660843536843,1.4114768112341303,-1.9558256198097603,-1.5204052704513085,1.7620325194701438,-2.4348868715906886
-1.9066973554990847,-1.6882640642420117,1.411476347246389,-1.9558068802621262,-1.5204035803421019,1.7620312920482344,-2.434894645403776
-1.9067071694455575,-1.6882622462346664,1.4114759296607546,-1.9557900146765632,-1.5204020591122307,1.762030187697602,-2.4349016418602507
-1.906716001997383,-1.688260610111908,1.4114755538366839,-1.9557748356561349,-1.5204006898869067,1.7620291940782364,-2.434907938693306
-1.906723951294026,-1.6882591376768994,1.4114752155977208,-1.955761174543671,-1.520399457477508,1.7620283000874122,-2.434913605863063
-1.9067311056610046,-1.6882578125533234,1.4114749111850848,-1.955748879547784,-1.5203983482130943,1.762027495735631,-2.4349187063338515
-1.9067375445912853,-1.6882566200032478,1.4114746372159002,-1.9557378140562842,-1.5203973497887555,1.7620267720350056,-2.4349232967737686
-1.906743339628538,-1.6882555467632114,1.4114743906456033,-1.9557278551182535,-1.5203964511291155,1.7620261208988326,-2.434927428184282
-1.9067485551620655,-1.6882545808967098,1.4114741687341086,-1.9557188920779136,-1.5203956422654736,1.762025535051236,-2.434931146466873
-1.9067532491422403,-1.6882537116614384,1.4114739690153586,-1.9557108253451072,-1.520394914225223,1.7620250079458681,-2.434934492933022
-1.9067574737243975,-1.6882529293898179,1.4114737892699196,-1.9557035652887313,-1.5203942589323196,1.7620245336927642,-2.434937504763192
-1.906761275848339,-1.6882522253814716,1.4114736275003168,-1.9556970312408282,-1.520393669117694,1.7620241069925286,-2.434940215419917
-1.9067646977598862,-1.688251591806462,1.4114734819088375,-1.9556911506002672,-1.520393138238618,1.7620237230771214,-2.434942655019585
-1.906767777480279,-1.688251021618206,1.411473350877553,-1.9556858580260592,-1.5203926604061269,1.7620233776565812,-2.4349448506670406
-1.9067705492286322,-1.6882505084751034,1.4114732329503392,-1.9556810947113394,-1.5203922303196933,1.7620230668710901,-2.4349468267567294
-1.9067730438021502,-1.6882500466700063,1.411473126816695,-1.9556768077299522,-1.52039184320843,1.762022787247845,-2.43494860524373
-1.9067752889183165,-1.688249631066745,1.4114730312971782,-1.9556729494483784,-1.520391494778167,1.7620225356622516,-2.434950205887684
-1.906777309522866,-1.6882492570430034,1.4114729453303,-1.9556694769964695,-1.520391181163816,1.7620223093030132,-2.43495164647233
-1.9067791280669606,-1.6882489204389106,1.4114728679607282,-1.9556663517911081,-1.5203908988864971,1.7620221056407146,-2.4349529430030907
-1.9067807647566457,-1.688248617510774,1.41147279832867,-1.955663539107504,-1.5203906448149473,1.7620219223995603,-2.4349541098848966
-1.9067822377773624,-1.6882483448894434,1.4114727356603183,-1.9556610076933592,-1.5203904161307857,1.7620217575319446,-2.434955160082231
-1.9067835634960075,-1.6882480995428388,1.4114726792592525,-1.9556587294216181,-1.5203902102972502,1.762021609195571,-2.4349561052631703
-1.906784756642788,-1.6882478787422286,1.411472628498699,-1.9556566789779415,-1.5203900250310571,1.7620214757328672,-2.43495695592902
-1.9067858304748904,-1.6882476800318797,1.4114725828145658,-1.9556548335794337,-1.5203898582770732,1.7620213556524627,-2.434957721530989
-1.9067867969237826,-1.688247501201746,1.4114725416991747,-1.9556531727214979,-1.5203897081855187,1.7620212476125245,-2.4349584105751947
-1.9067876667277857,-1.6882473402628877,1.4114725046956185,-1.9556516779500046,-1.5203895730914474,1.7620211504057632,-2.4349590307171702
-1.9067884495513883,-1.6882471954253513,1.411472471392684,-1.9556503326562449,-1.5203894514962784,1.7620210629459427,-2.4349595888469193
-1.9067891540926307,-1.6882470650782608,1.4114724414202826,-1.9556491218923868,-1.5203893420511718,1.762020984255742,-2.4349600911654674
-1.9067897881797489,-1.6882469477719024,1.4114724144453368,-1.9556480322053877,-1.5203892435420672,1.7620209134558351,-2.4349605432537578
-1.9067903588581552,-1.6882468422016004,1.4114723901680797,-1.9556470514875146,-1.520389154876215,1.7620208497550651,-2.434960950134656
-1.9067908724687208,-1.688246747193207,1.411472368318723,-1.955646168841812,-1.520389075070056,1.7620207924416036,-2.434961316328758
-1.90679133471823,-1.6882466616900436,1.411472348654459,-1.9556453744610247,-1.52038900323831,1.7620207408749964,-2.4349616459046133
-1.906791750742788,-1.688246584741148,1.4114723309567627,-1.9556446595186265,-1.5203889385841562,1.7620206944790069,-2.434961942523931
-1.9067921251648905,-1.6882465154906983,1.4114723150289634,-1.9556440160707476,-1.5203888803903935,1.7620206527351776,-2.4349622094822596
-1.9067924621447827,-1.6882464531684942,1.4114723006940588,-1.955643436967908,-1.5203888280114854,1.7620206151770361,-2.434962449745604
-1.9067927654266856,-1.688246397081391,1.4114722877927477,-1.9556429157755788,-1.5203887808663985,1.762020581384883,-2.434962665983378
-1.9067930383803984,-1.6882463466055906,1.4114722761816605,-1.955642446702686,-1.5203887384321577,1.762020550981102,-2.4349628605980618
-1.9067932840387398,-1.6882463011797033,1.4114722657317655,-1.955642024537266,-1.5203887002380447,1.7620205236259399,-2.434963035751896
-1.906793505131247,-1.6882462602985047,1.4114722563269353,-1.9556416445885532,-1.5203886658603765,1.7620204990137107,-2.434963193390903
-1.9067937041145036,-1.6882462235073157,1.4114722478626556,-1.95564130263486,-1.5203886349178053,1.7620204768693795,-2.4349633352665108
-1.9067938831994344,-1.6882461903969463,1.4114722402448647,-1.9556409948766698,-1.5203886070670882,1.7620204569454887,-2.4349634629550088
-1.9067940443758722,-1.6882461605991446,1.4114722333889078,-1.9556407178944188,-1.5203885819992804,1.7620204390193934,-2.4349635778750627
-1.9067941894346663,-1.6882461337825005,1.411472227218596,-1.9556404686105013,-1.5203885594363071,1.7620204228907734,-2.4349636813034765
-1.906794319987581,-1.6882461096487609,1.4114722216653597,-1.9556402442550729,-1.5203885391278795,1.7620204083793947,-2.4349637743893777
-1.9067944374852042,-1.688246087929511,1.411472216667487,-1.955640042335275,-1.5203885208487182,1.7620203953230948,-2.434963858166985
-1.9067945432330649,-1.6882460683831901,1.4114722121694374,-1.955639860607536,-1.5203885043960543,1.762020383575972,-2.434963933567097
-1.9067946384061396,-1.6882460507924053,1.4114722081212252,-1.9556396970526417,-1.5203884895873798,1.7620203730067536,-2.434964001427438
-1.906794724061907,-1.6882460349615123,1.4114722044778634,-1.9556395498533008,-1.5203884762584237,1.7620203634973302,-2.4349640625019604
-1.9067948011520974,-1.6882460207144405,1.4114722011988639,-1.9556394173739515,-1.5203884642613288,1.7620203549414346,-2.434964117469225
-1.906794870533269,-1.6882460078927348,1.411472198247788,-1.955639298142589,-1.5203884534630125,1.7620203472434555,-2.4349641669399373
-1.9067949329763232,-1.6882459963537926,1.411472195591841,-1.9556391908344093,-1.5203884437436903,1.7620203403173686,-2.4349642114637358
-1.9067949891750722,-1.6882459859692782,1.4114721932015077,-1.9556390942570896,-1.5203884349955463,1.7620203340857752,-2.434964251535296
-1.9067950397539462,-1.6882459766236957,1.411472191050225,-1.9556390073375396,-1.5203884271215382,1.7620203284790374,-2.434964287599828
-1.9067950852749327,-1.6882459682131035,1.411472189114086,-1.9556389291099785,-1.5203884200343203,1.7620203234345002,-2.434964320058021
-1.9067951262438205,-1.6882459606439595,1.4114721873715748,-1.955638858705204,-1.5203884136552746,1.7620203188957906,-2.4349643492704978
-1.9067951631158198,-1.68824595383208,1.4114721858033272,-1.9556387953409347,-1.5203884079136387,1.7620203148121885,-2.4349643755618198
-1.906795196300619,-1.6882459477017036,1.4114721843919158,-1.955638738313117,-1.5203884027457213,1.7620203111380595,-2.4349643992240932
-1.9067952261669383,-1.6882459421846483,1.4114721831216557,-1.9556386869881035,-1.520388398094195,1.7620203078323449,-2.4349644205202146
-1.9067952530466257,-1.6882459372195537,1.4114721819784306,-1.9556386407956112,-1.5203883939074607,1.7620203048581031,-2.4349644396867913
-1.9067952772383443,-1.6882459327511985,1.4114721809495363,-1.9556385992223864,-1.5203883901390753,1.7620203021820968,-2.4349644569367714
-1.9067952990108912,-1.6882459287298854,1.4114721800235388,-1.9556385618065002,-1.5203883867472365,1.7620202997744212,-2.4349644724618082
-1.9067953186061832,-1.6882459251108897,1.4114721791901477,-1.9556385281322173,-1.5203883836943186,1.7620202976081702,-2.434964486434391
-1.906795336241946,-1.688245921853961,1.4114721784401016,-1.9556384978253758,-1.520388380946456,1.7620202956591358,-2.4349644990097596
-1.9067953521141328,-1.6882459189228758,1.4114721777650656,-1.9556384705492302,-1.5203883784731667,1.762020293905537,-2.434964510327631
-1.9067953663991006,-1.6882459162850347,1.411472177157538,-1.95563844600071,-1.5203883762470147,1.762020292327777,-2.4349645205137516
-1.9067953792555719,-1.6882459139110997,1.4114721766107676,-1.9556384239070512,-1.5203883742433055,1.762020290908224,-2.4349645296812925
-1.906795390826396,-1.688245911774668,1.4114721761186781,-1.955638404022767,-1.5203883724398122,1.7620202896310144,-2.4349645379321085
-1.9067954012401376,-1.6882459098519784,1.4114721756758013,-1.955638386126919,-1.5203883708165284,1.7620202884818748,-2.434964545357869
-1.9067954106125051,-1.6882459081216468,1.4114721752772152,-1.955638370020663,-1.5203883693554474,1.7620202874479634,-2.434964552041077
-1.906795419047636,-1.6882459065644284,1.4114721749184906,-1.9556383555250387,-1.5203883680403611,1.762020286517726,-2.4349645580559858
-1.9067954266392535,-1.6882459051630039,1.4114721745956411,-1.9556383424789825,-1.5203883668566818,1.7620202856807667,-2.4349645634694226
-1.9067954334717094,-1.6882459039017867,1.4114721743050789,-1.9556383307375371,-1.5203883657912787,1.7620202849277327,-2.434964568341533
-1.9067954396209197,-1.6882459027667496,1.411472174043575,-1.9556383201702408,-1.5203883648323335,1.762020284250208,-2.4349645727264475
-1.906795445155209,-1.6882459017452687,1.4114721738082232,-1.9556383106596782,-1.5203883639692086,1.7620202836406214,-2.434964576672885
-1.9067954501360693,-1.6882459008259831,1.4114721735964084,-1.9556383021001755,-1.5203883631923294,1.7620202830921603,-2.434964580224691
-1.9067954546188437,-1.6882458999986687,1.4114721734057767,-1.9556382943966266,-1.520388362493078,1.7620202825986957,-2.4349645834213276
-1.9067954586533404,-1.688245899254124,1.4114721732342095,-1.9556382874634355,-1.5203883618636977,1.7620202821547128,-2.4349645862983107
-1.9067954622843877,-1.6882458985840683,1.4114721730798,-1.9556382812235662,-1.5203883612972067,1.76202028175525,-2.434964588887605
-1.90679546555233,-1.688245897981049,1.4114721729408328,-1.9556382756076864,-1.520388360787321,1.762020281395843,-2.4349645912179776
-1.9067954684934783,-1.6882458974383598,1.4114721728157633,-1.9556382705533968,-1.5203883603283843,1.7620202810724752,-2.434964593315321
-1.9067954711405117,-1.6882458969499645,1.4114721727032016,-1.955638266004538,-1.5203883599153059,1.762020280781533,-2.434964595202936
-1.9067954735228418,-1.6882458965104314,1.4114721726018968,-1.9556382619105668,-1.5203883595435033,1.762020280519765,-2.434964596901796
-1.906795475666939,-1.6882458961148719,1.4114721725107233,-1.9556382582259944,-1.5203883592088523,1.7620202802842455,-2.434964598430775
-1.9067954775966263,-1.6882458957588866,1.4114721724286678,-1.9556382549098807,-1.5203883589076403,1.7620202800723426,-2.4349645998068614
-1.9067954793333448,-1.6882458954385164,1.4114721723548185,-1.9556382519253797,-1.5203883586365263,1.7620202798816882,-2.434964601045343
-1.9067954808963916,-1.6882458951501982,1.4114721722883545,-1.9556382492393298,-1.5203883583925029,1.7620202797101516,-2.434964602159981
-1.9067954823031337,-1.688245894890725,1.4114721722285375,-1.955638246821886,-1.5203883581728628,1.762020279555816,-2.4349646031631584
-1.9067954835692016,-1.6882458946572112,1.4114721721747026,-1.9556382446461877,-1.5203883579751698,1.7620202794169562,-2.434964604066021
-1.9067954847086626,-1.6882458944470595,1.4114721721262515,-1.95563824268806,-1.5203883577972308,1.7620202792920205,-2.4349646048786004
-1.9067954857341776,-1.6882458942579328,1.411472172082646,-1.9556382409257458,-1.520388357637072,1.762020279179613,-2.4349646056099243
-1.906795486657141,-1.6882458940877274,1.4114721720434014,-1.9556382393396636,-1.5203883574929167,1.762020279078477,-2.4349646062681183
-1.9067954874878081,-1.6882458939345504,1.4114721720080814,-1.9556382379121904,-1.5203883573631658,1.7620202789874824,-2.434964606860495
-1.9067954882354086,-1.6882458937966982,1.4114721719762937,-1.955638236627465,-1.5203883572463799,1.7620202789056123,-2.434964607393636
-1.906795488908249,-1.6882458936726377,1.411472171947685,-1.9556382354712127,-1.5203883571412635,1.762020278831952,-2.434964607873465
-1.9067954895138053,-1.688245893560989,1.4114721719219374,-1.955638234430586,-1.5203883570466508,1.7620202787656778,-2.434964608305312
-1.906795490058806,-1.6882458934605102,1.4114721718987646,-1.9556382334940225,-1.520388356961492,1.7620202787060495,-2.4349646086939756
-1.9067954905493065,-1.6882458933700841,1.4114721718779093,-1.9556382326511157,-1.5203883568848424,1.7620202786524004,-2.4349646090437744
-1.9067954909907572,-1.6882458932887048,1.4114721718591396,-1.9556382318924999,-1.520388356815852,1.762020278604131,-2.434964609358594
-1.9067954913880627,-1.6882458932154671,1.4114721718422472,-1.955638231209746,-1.5203883567537553,1.7620202785607018,-2.4349646096419333
-1.9067954917456376,-1.6882458931495568,1.411472171827044,-1.9556382305952678,-1.5203883566978633,1.7620202785216275,-2.434964609896939
-1.906795492067455,-1.6882458930902404,1.4114721718133614,-1.9556382300422375,-1.5203883566475564,1.7620202784864714,-2.4349646101264453
-1.9067954923570907,-1.6882458930368585,1.411472171801047,-1.9556382295445105,-1.5203883566022762,1.7620202784548407,-2.4349646103330014
-1.9067954926177628,-1.688245892988817,1.4114721717899643,-1.9556382290965564,-1.5203883565615206,1.7620202784263816,-2.434964610518903
-1.9067954928523678,-1.6882458929455821,1.4114721717799898,-1.955638228693398,-1.5203883565248373,1.7620202784007766,-2.434964610686215
-1.9067954930635123,-1.6882458929066726,1.411472171771013,-1.9556382283305556,-1.5203883564918195,1.762020278377739,-2.434964610836796
-1.9067954932535423,-1.688245892871656,1.411472171762934,-1.9556382280039974,-1.520388356462101,1.7620202783570116,-2.4349646109723198
-1.9067954934245692,-1.6882458928401425,1.4114721717556626,-1.9556382277100952,-1.520388356435352,1.7620202783383625,-2.434964611094291
-1.9067954935784934,-1.6882458928117818,1.4114721717491185,-1.9556382274455835,-1.520388356411276,1.7620202783215835,-2.434964611204066
-1.9067954937170253,-1.6882458927862585,1.411472171743229,-1.955638227207523,-1.5203883563896055,1.762020278306487,-2.434964611302864
-1.906795493841704,-1.6882458927632886,1.4114721717379284,-1.9556382269932686,-1.5203883563701004,1.7620202782929044,-2.434964611391782
-1.906795493953915,-1.688245892742617,1.411472171733158,-1.9556382268004397,-1.5203883563525444,1.762020278280684,-2.4349646114718086
-1.9067954940549046,-1.6882458927240134,1.4114721717288645,-1.955638226626894,-1.5203883563367426,1.7620202782696888,-2.434964611543833
-1.9067954941457954,-1.688245892707271,1.4114721717250005,-1.9556382264707026,-1.5203883563225198,1.7620202782597962,-2.4349646116086547
-1.906795494227597,-1.6882458926922037,1.4114721717215228,-1.9556382263301306,-1.5203883563097182,1.7620202782508956,-2.4349646116669947
-1.9067954943012186,-1.688245892678644,1.4114721717183931,-1.9556382262036158,-1.520388356298196,1.7620202782428875,-2.434964611719501
-1.906795494367478,-1.6882458926664405,1.4114721717155763,-1.9556382260897525,-1.5203883562878249,1.7620202782356826,-2.434964611766757
-1.9067954944271115,-1.6882458926554582,1.4114721717130412,-1.9556382259872755,-1.5203883562784901,1.7620202782292,-2.4349646118092876
-1.9067954944807814,-1.6882458926455746,1.4114721717107597,-1.9556382258950464,-1.5203883562700882,1.7620202782233676,-2.434964611847565
-1.9067954945290846,-1.6882458926366797,1.4114721717087062,-1.9556382258120402,-1.5203883562625258,1.76202027821812,-2.4349646118820147
-1.9067954945725574,-1.6882458926286747,1.4114721717068581,-1.9556382257373346,-1.520388356255719,1.7620202782133987,-2.4349646119130197
-1.906795494611683,-1.6882458926214707,1.411472171705195,-1.9556382256700995,-1.5203883562495923,1.7620202782091507,-2.434964611940924
-1.906795494646896,-1.6882458926149875,1.4114721717036982,-1.955638225609588,-1.5203883562440779,1.7620202782053287,-2.434964611966038
-1.9067954946785874,-1.6882458926091528,1.411472171702351,-1.955638225555128,-1.5203883562391145,1.76202027820189,-2.434964611988641
-1.90679549470711,-1.688245892603902,1.4114721717011385,-1.9556382255061135,-1.520388356234647,1.762020278198796,-2.434964612008984
-1.90679549473278,-1.6882458925991763,1.4114721717000474,-1.9556382254620008,-1.520388356230626,1.7620202781960124,-2.4349646120272923
