0.0,0.0,0.0,0.0,0.0,0.0,0.0
0.1597538293015257,-0.03946234096965259,-0.18475790498250652,-0.0916491947500441,-0.17117914665348008,0.1855068001871738,-0.22038237365275787
0.30353289582101534,-0.10099095146938986,-0.3510311847884557,-0.2645424313234045,-0.32524037864161226,0.3524626866234462,-0.4187323528798799
0.43293702467862705,-0.17076441179580146,-0.5007318110357577,-0.47805451979142854,-0.4638954874309311,0.5027223151870526,-0.5972300869732041
0.5493928399092312,-0.23260999281759442,-0.6354007558904406,-0.683867269782852,-0.5886850853413181,0.6379555507606889,-0.757896073304157
0.654204608528933,-0.28367364850441895,-0.7566750706288319,-0.8690917748040119,-0.7009957234606664,0.7596648809139308,-0.9024651546317977
0.7485412772400973,-0.32537853005252837,-0.8658570621395723,-1.0357915266474984,-0.8020752977680798,0.8692042029928231,-1.0325675577893534
0.8334466159771036,-0.3578723857095285,-0.9641257411878644,-1.1858214006045207,-0.8930469146447519,0.9677900065055133,-1.1496595686207502
0.9098602222596978,-0.38015339315586594,-1.0525615125935317,-1.3208486651185767,-0.9749213698337569,1.056517007210146,-1.2550440157877025
0.9786214989546689,-0.3902120632367754,-1.1321409030892327,-1.4423816858448053,-1.048611183599321,1.1363758199443081,-1.3498915932419309
1.0405088723423803,-0.3851766274636947,-1.2037623545353635,-1.5517582904520109,-1.1149311015696561,1.2082467539640098,-1.4352543328959058
1.096207230333572,-0.36149966652113985,-1.2682216608368813,-1.6501965412874438,-1.1746192658340684,1.2729298086591774,-1.5120806272705272
1.1463291924477164,-0.3151870413001871,-1.3262350365082471,-1.7387940852410106,-1.2283414054566593,1.3311450532484022,-1.5812234876366549
1.1913929677188617,-0.24206306908157565,-1.3784470746124764,-1.818551058347425,-1.2767063911517949,1.383542700084971,-1.6434478336072442
1.2316276516839677,-0.13791971622697535,-1.4254379089062827,-1.8904253813575296,-1.320303832204065,1.430718781458805,-1.6994308047565776
1.266344423297867,0.0017371730371062433,-1.4677296597707086,-1.9553119564117458,-1.3597114496536262,1.4731524918997418,-1.749774203122312
1.2961349686657853,0.17390240169469456,-1.5057922355486917,-2.013431256111835,-1.3952919488198272,1.5106406973422655,-1.795058163240618
1.3274819047349338,0.3293412406329649,-1.5402622401532886,-2.0661060575518913,-1.4267052548395662,1.5464318653111624,-1.8359388731284754
1.3557801227417527,0.46934144673425104,-1.571071557893014,-2.1135040811965937,-1.4548704140259525,1.5789025769831297,-1.8728126841577493
1.3801452862677712,0.5950929412747018,-1.5987999438587666,-2.15584460357707,-1.480486881048158,1.6068932198726786,-1.905912361706845
1.4019043032719418,0.7082058789685879,-1.623755491227944,-2.193880231785895,-1.5036065292796283,1.6317654857137933,-1.9356778241787156
1.4214699574590939,0.8099980838698984,-1.6462154838602037,-2.2281031750683598,-1.5244235118538436,1.6541024980790289,-1.9624629217435448
1.439077201870607,0.9016097172122025,-1.6664294772292374,-2.2589026853299585,-1.5431600849275646,1.674198820935843,-1.986568942800274
1.4549235121049178,0.984059987326231,-1.6846220712613678,-2.2866220952951446,-1.560023185923325,1.6922844538903976,-2.008264276338645
1.469185164118137,1.058265197513189,-1.700995405890285,-2.3115695420746736,-1.5752000065250225,1.7085613445747412,-2.0277900624459018
1.4820206467311994,1.1250498803099083,-1.7157314070563106,-2.3340222402225317,-1.5888591506774306,1.7232105104870248,-2.045363267262479
1.4935725802970055,1.185156093337639,-1.7289938081057337,-2.35422966768936,-1.601152381696015,1.7363947511997226,-2.061179150991656
1.5039693203284328,1.2392516846407406,-1.7409299690502145,-2.3724163521761077,-1.6122162899676722,1.748260565328178,-2.075413446184488
1.5133263863089854,1.287937716670523,-1.7516725139002471,-2.3887843681381384,-1.6221738075298933,1.758939797167773,-2.0882243118059027
1.5217477456766746,1.3317551454405185,-1.7613408042652765,-2.4035155824747494,-1.631135573381684,1.7685511054666632,-2.09975409084585
1.5293077715581993,1.3712592188513708,-1.7700571206491962,-2.417051024682504,-1.638808889488907,1.778444471063963,-2.110464742607968
1.5361097466593314,1.4068115049990277,-1.7778999112604708,-2.4292099396580444,-1.645751331288156,1.7872886188764583,-2.120371239079574
1.5422309351495929,1.4388041604704005,-1.7849561366650575,-2.4401250810819763,-1.652042829230865,1.7951459047776506,-2.129456328078881
1.5477404028828579,1.467591846173731,-1.7913044675953622,-2.4499203545240538,-1.6577498445054364,1.802100400899518,-2.13774845587586
1.5526987673567219,1.4934988775514162,-1.7970160419775503,-2.4587214048432635,-1.662908753145061,1.8083086527645262,-2.145284496138181
1.5571620559387478,1.5168105530167155,-1.802154697034029,-2.4666212721266008,-1.6675882498979722,1.8138035002952602,-2.1521073663438655
1.561180249213875,1.5377882946820511,-1.8067768643137312,-2.473714778186073,-1.6718264108624206,1.8186849327109234,-2.1582758606933603
1.564796007648722,1.5566661027706976,-1.8109376021029004,-2.480084832325543,-1.6756608837790514,1.8230217809531046,-2.1637780907144335
1.5680507242881578,1.5736544715720546,-1.8146810464110188,-2.4858050375669056,-1.6791321042772231,1.8268781783442185,-2.1687270281463915
1.5709803772562947,1.588943453242095,-1.8180486580059199,-2.49094416314968,-1.6822714142938822,1.8303213452548768,-2.173186281825507
1.5736128118623929,1.6027104459787531,-1.8210822460107885,-2.495578790933188,-1.6850688239244844,1.8335047017231543,-2.177296022681773
1.5759755685091061,1.615110745707316,-1.8238126266327002,-2.4997767143398675,-1.6875500086677038,1.8365318223103964,-2.181186708574217
1.578102348848686,1.6262724650283695,-1.8262670824017024,-2.50354780500705,-1.6897997632093846,1.839248268328313,-2.1846917032262176
1.580016509822683,1.6363179321718386,-1.8284746317239364,-2.5069369935246217,-1.6918372295469435,1.8416806312265765,-2.187876493103783
1.5817392565736441,1.645359276729419,-1.83045979273842,-2.509983696102417,-1.6936819145326278,1.8438646290398693,-2.1907696545884203
1.5832892239389584,1.6534970385470276,-1.832246254124114,-2.5127218801498414,-1.6953466838330273,1.8458273725421581,-2.193423232358907
1.5846836151795343,1.6608217473132452,-1.8338537201710996,-2.5151842220024223,-1.6968483744757439,1.8475977190734794,-2.195858214806079
1.5859382473313652,1.667414214697499,-1.8353000186117179,-2.5173978191775035,-1.6982062160732783,1.8491883813864114,-2.198086727666711
1.587067484291084,1.6733483642587987,-1.8365996149563184,-2.519388857407935,-1.699437254386344,1.850623973677246,-2.2000940458636347
1.5880835914070528,1.6786899862687596,-1.8377682420788675,-2.521178885761268,-1.7005512722061265,1.8519191085802027,-2.2019105922274
1.5889982143670989,1.6834985180799025,-1.8388182526253352,-2.5227875978657313,-1.7015614181434615,1.8530856776444937,-2.203539786140701
1.5898215846309358,1.6878268095655025,-1.8397617773575947,-2.5242339110858034,-1.7024773126068817,1.8541353062339498,-2.204999447539871
1.5905610114265345,1.691722694464792,-1.8406134076489005,-2.5255359225935377,-1.703293233951784,1.8550929217383703,-2.206410048484478
1.5912267685099473,1.6952290521207913,-1.8413783628972455,-2.526707746616276,-1.7040344560160303,1.8559540940314376,-2.207677008365512
1.5918258006220223,1.6983853932687611,-1.8420662143828217,-2.527761673645711,-1.7047047811727207,1.8567329724514783,-2.20882846604611
1.5923648742845762,1.7012290376032453,-1.8426835593140967,-2.5287087545872176,-1.7053106844131034,1.8574546069126505,-2.2098658974881418
1.5928499514359882,1.7037882700176854,-1.843238831626676,-2.5295608355897827,-1.7058594290013078,1.8581034356838857,-2.2108089189412183
1.5932953488199513,1.7060759206298264,-1.84373828778669,-2.5303226429987298,-1.7063551932322556,1.858497626620228,-2.2113436883224162
1.593695696571563,1.7081360802389998,-1.8441873075839055,-2.5310095249294755,-1.7068017285074555,1.8588680063449927,-2.211862994403021
1.5940558564293534,1.7099898823626596,-1.8445916933826496,-2.531629685415313,-1.7072026091583947,1.859205880014733,-2.2123644271361624
1.5943737990588993,1.7116690425878482,-1.8449571991549036,-2.5321887100120546,-1.7075527690887744,1.8596282629797098,-2.2130616160899304
1.594665536589037,1.7131699429762066,-1.8452856738721202,-2.5326918965612286,-1.7078702302013546,1.8598950410893351,-2.2135295184044277
1.5949279364890518,1.714521112116039,-1.8455811796110535,-2.533145596283064,-1.7081550519040871,1.860140800517248,-2.213972955718474
1.5951635268627964,1.7157378918639088,-1.845847760722551,-2.5335547447252047,-1.708407641964365,1.8603729218394072,-2.2144232683615734
1.5953750271600837,1.716833926625344,-1.846088046605148,-2.5339236422940923,-1.7086314273628118,1.8605933638966308,-2.2148737619753076
1.595559106673689,1.71783714976724,-1.846298309904832,-2.5342561823720398,-1.7088538408684246,1.8609698990207475,-2.215389054037794
1.5957276101907276,1.7187315580757705,-1.8464911920961946,-2.534556183126355,-1.709037491107207,1.8612174348167894,-2.215835257489928
1.5958786307927972,1.7195382961526844,-1.8466637006585094,-2.534826064024853,-1.7092088944267325,1.8614621170571213,-2.216247088728373
1.5960166603488783,1.7202576094240978,-1.8468206240046008,-2.535070284596268,-1.709358817208808,1.8616164428834254,-2.216589128529032
1.596141634441397,1.720903180893846,-1.8469629422883298,-2.535290581351383,-1.7094867755925527,1.8617376023324903,-2.216920309047865
1.5962520833588962,1.7214906804909669,-1.8470884675215093,-2.5354874227643203,-1.7096139408333135,1.8619149948920737,-2.2172402109306
1.5963548094157096,1.722010532137391,-1.8472047699309,-2.5356655549614033,-1.709711417743372,1.8619753151413005,-2.2174764722566596
1.5964431168618458,1.7224861412480124,-1.8473061943541198,-2.535826723607429,-1.7098227973021856,1.862151851808115,-2.2178409089785185
1.596526959916846,1.7229059700323377,-1.8474005865878267,-2.5359707583662545,-1.709900243473907,1.8621839282225223,-2.218012807801078
1.5966007117081393,1.7232874924846837,-1.8474832403548378,-2.53610185327648,-1.7099834996131202,1.8622779312891604,-2.2182631249285665
1.5966672507566038,1.7236302120776497,-1.8475578194956008,-2.5362197156328397,-1.7100590972666592,1.8623584099332104,-2.2184877095488575
1.596727198642249,1.7239384220529639,-1.8476249438204115,-2.536325541169136,-1.7101277912865758,1.862429479787442,-2.2186898351735667
1.5967811135780958,1.7242156294472282,-1.8476855472211091,-2.5364204941369257,-1.7101896620277817,1.8624930287513988,-2.2188771925621484
1.5968302007603383,1.7244636826488084,-1.847740983928844,-2.536505333578134,-1.7102409828723828,1.8625294340749443,-2.2190269667107567
1.5968737726720927,1.7246880612247382,-1.84779020233732,-2.53658196703049,-1.7102919897819957,1.8625833553254056,-2.219192434502288
1.5969129142391103,1.724889764950644,-1.8478348608175497,-2.536650654945454,-1.7103376153891618,1.8626320021307647,-2.2193513391598003
1.5969488543076642,1.7250702425865077,-1.84787422407437,-2.5367124970992916,-1.7103841572444103,1.8626677818426,-2.219461055476581
1.5969813018255736,1.7252324871355513,-1.8479096138854008,-2.5367678015626116,-1.7104262670664478,1.8626958896863772,-2.219546978980194
1.597010628463945,1.7253790603010604,-1.8479405020217874,-2.536817244456668,-1.7104661205105982,1.862722000990911,-2.2196000490969823
1.5970377223714423,1.7255101794835732,-1.8479669489524333,-2.5368618446176368,-1.7105097291290239,1.86273788419421,-2.219597881314599
1.5970624710633827,1.7256277706476773,-1.847990283212971,-2.5369016826311213,-1.7105512387732973,1.8627441588516258,-2.2195617863124673
1.5970902939544513,1.72572530945968,-1.8480121361168393,-2.536935108624231,-1.7105751059663434,1.8626086257433743,-2.2192560061287376
1.5971082893355404,1.72582414094236,-1.848032286297711,-2.536968563156496,-1.7105982928431158,1.8626598722179175,-2.2193720745569117
1.5971242171413083,1.7259132352751843,-1.848050999229938,-2.5369983201473914,-1.7106169985975292,1.8627090926516368,-2.219498392588575
1.597138597215097,1.725993168750644,-1.848068001912908,-2.53702468889863,-1.7106336088824876,1.862749132909203,-2.2196038384314325
1.5971511473669555,1.7260654518789476,-1.8480835692188193,-2.537048417501256,-1.7106490306228528,1.862795907585559,-2.2197308445126263
1.5971710136768253,1.7261183147088575,-1.8480948381921471,-2.537067910630991,-1.7106675290929674,1.862646448663566,-2.219369382636652
1.5971809936745076,1.726178024909351,-1.8481063684970827,-2.537088331163475,-1.7106824721129488,1.8627002852926904,-2.219492767664692
1.5971900694722172,1.7262314725043608,-1.8481168752267403,-2.5371061779840467,-1.710695725160792,1.8627429060692677,-2.2195896137638944
1.5971980401979236,1.726279711165085,-1.8481264221673779,-2.537121890113642,-1.710708256026141,1.862783283227091,-2.219678663658417
1.5972131207713902,1.7263113863104829,-1.8481333179115458,-2.537133991780539,-1.7107214116183447,1.862636442123554,-2.2193231111728773
1.597218812643034,1.7263520703322126,-1.8481405195061238,-2.537147870483984,-1.7107343250579803,1.862698682334871,-2.2194559297769847
1.5972242388475753,1.726388234032229,-1.8481471954883797,-2.537159867317948,-1.7107437211350809,1.8627439213765737,-2.21955640144845
1.5972288456134005,1.7264207647737893,-1.8481540110822967,-2.5371701010550503,-1.710749219324103,1.8627820842858471,-2.2196519672314095
1.5972405324801136,1.726438817137751,-1.8481584099777761,-2.5371771740620033,-1.7107569205890483,1.8626397861812838,-2.219313981749299
1.5972436969701846,1.7264666364945842,-1.8481628555378282,-2.5371867367157885,-1.7107667613630106,1.8626993938833687,-2.2194389007996507
1.597246698816777,1.7264914774964286,-1.8481670413181939,-2.5371948872936447,-1.7107735494616565,1.8627460775686713,-2.219539962341734
1.5972492173539268,1.726513724388348,-1.8481715210040215,-2.5372017012368566,-1.7107768660893874,1.8627836847442159,-2.2196296116949106
1.597251540331316,1.7265336585489934,-1.84817512979426,-2.5372076049402636,-1.7107828414771307,1.8628182273980658,-2.2197015402448432
1.5972614129209006,1.7265400107372733,-1.848176834791234,-2.5372110987580054,-1.7107887448040793,1.8626687448407573,-2.219340999458432
1.5972624776694349,1.7265578274850475,-1.8481792862536592,-2.537216919399871,-1.7107961877159097,1.8627254645448288,-2.2194550392640915
1.597263762975683,1.7265734054307622,-1.8481817109778347,-2.5372217801931267,-1.7108001450053671,1.8627654656469295,-2.21954054638145
1.5972647182847648,1.7265875683067045,-1.8481839752532532,-2.537225835718998,-1.7108043810395548,1.8628038620439888,-2.2196198572349073
1.5972725444997282,1.7265894721265198,-1.8481855797798796,-2.537226966910289,-1.7108048610021307,1.8626645353893856,-2.2193011023490454
1.5972726543301154,1.7266023029760478,-1.8481869531751782,-2.5372312259086622,-1.7108109387417367,1.8627200114983802,-2.219411297369301
1.5972729837487578,1.7266135316054816,-1.8481884055388846,-2.5372347037143212,-1.7108138923510543,1.862761099871504,-2.2194973224144214
1.5972733530856877,1.726623376325181,-1.8481898109454453,-2.5372375213199736,-1.7108165408314813,1.8627945064134173,-2.2195678567580437
1.597273459062488,1.7266323988300265,-1.8481912190424683,-2.537239721386527,-1.71081918906514,1.8628260200530724,-2.219631498791635
1.5972805707262787,1.7266296656709912,-1.848191904398031,-2.53723929259175,-1.7108189982319753,1.8626820197146239,-2.2193010012066816
1.597279877573974,1.726638561676776,-1.8481925294751145,-2.5372421227626476,-1.7108241588264395,1.862736043312313,-2.219406844868106
1.597279587838,1.7266460722033228,-1.848193307929673,-2.537244387242141,-1.7108262014858597,1.8627739172055633,-2.2194866160133784
1.5972791241086173,1.726652890063166,-1.8481941554794845,-2.537245959129517,-1.7108287354118739,1.8628081733794977,-2.219553749045846
1.597286235185557,1.7266499141419343,-1.8481916710598512,-2.5372441662839895,-1.7108368586883496,1.862678119883094,-2.2191571578538363
1.5972926672900998,1.7266454958776842,-1.8481910415466434,-2.5372439764934858,-1.7108373860670367,1.8625475477274447,-2.218841364597336
1.597298422084766,1.7266418601290032,-1.848190282174,-2.5372452170064697,-1.7108366581368994,1.8624365690875444,-2.2185816656412554
1.597308589022899,1.7266315233789626,-1.8481890932773097,-2.5372444810305246,-1.7108339500662735,1.862250973662488,-2.218206584131988
1.5973176460314065,1.726622776279227,-1.8481877472683252,-2.5372455311218043,-1.7108305092155647,1.862093175484934,-2.21789975064618
1.597320747561757,1.7266250355853114,-1.848184578362305,-2.537249351423387,-1.7108343898431932,1.862065604614806,-2.2177562736780474
1.5973234070056512,1.7266275673527798,-1.8481814920154207,-2.5372535169433332,-1.710837913812959,1.8620477418932049,-2.217641556179123
1.5973283790979138,1.7266249145379005,-1.8481795566020869,-2.5372569596205667,-1.7108367909656583,1.8619779416917437,-2.217489755754697
1.5973328993710976,1.7266227299874064,-1.8481776085114636,-2.5372604736523705,-1.7108357261672462,1.8619180477964161,-2.2173591227925096
1.5973302909449183,1.7266334926797042,-1.8481751896825727,-2.537264091272213,-1.710837538111387,1.8620102368484035,-2.217464437795151
1.5973278499781345,1.726643389683012,-1.8481729982292556,-2.5372673499749383,-1.710839042875002,1.8620958839686896,-2.2175650147639696
1.5973309598978935,1.726642556802549,-1.848170804567736,-2.537271749314385,-1.7108397189870754,1.8620637009153505,-2.217478308543988
1.5973341217661645,1.7266416511350111,-1.8481683042784527,-2.5372765422725525,-1.7108418716390628,1.8620343801986183,-2.2173934017412655
1.5973334016789673,1.7266467895986972,-1.8481655091749083,-2.5372802232864844,-1.7108517470397315,1.8620880235612125,-2.2174418418614703
1.5973324479982725,1.7266525502056393,-1.8481623751855876,-2.537283112282321,-1.710863352922095,1.862147967084422,-2.2174834188796093
1.5973314383411628,1.7266580759163153,-1.8481594533199712,-2.537285518311615,-1.7108740097449078,1.8622044495909307,-2.2175156528611764
1.5973303917873556,1.7266633900219064,-1.8481566107997889,-2.537287279215154,-1.7108851277741937,1.8622581561913556,-2.2175405986187573
1.5973302872145574,1.7266688656731908,-1.8481527257885675,-2.5372888484762672,-1.7108945484627907,1.8622941828450899,-2.2174785004875486
1.5973291824108429,1.726673538686228,-1.8481503430320676,-2.5372899462243215,-1.7109053017873288,1.8623436872931527,-2.2175066646394073
1.5973280281620486,1.7266780361056193,-1.8481481315489605,-2.5372906339944485,-1.7109157463193128,1.862391276005811,-2.217531187753862
1.5973268154486338,1.726682434349309,-1.848146081711342,-2.537291000984506,-1.7109252666361048,1.862436605015119,-2.2175485685097804
1.5973255537999056,1.72668663509044,-1.848144189824087,-2.537290966482131,-1.7109355232845156,1.8624826178601765,-2.217574618183401
1.5973261679348059,1.7266897301016513,-1.8481411600275857,-2.5372911209212172,-1.7109423475388883,1.8624927664057846,-2.2174806366356665
1.5973249633107094,1.726693473122425,-1.8481395329967432,-2.5372910233578034,-1.7109515333996608,1.862535183200021,-2.21750887141761
1.5973237194457786,1.7266971221677654,-1.8481380260888174,-2.537290658907582,-1.7109604097996236,1.8625764435382268,-2.2175344278743157
1.597324566199373,1.7266992869296593,-1.84813544325291,-2.5372904834001075,-1.7109655332730067,1.8625775877271444,-2.217437574761592
1.5973223920457196,1.7267042338084395,-1.8481356413070482,-2.537289788221054,-1.7109621915619493,1.8626222178906824,-2.217502962826754
1.5973213153312769,1.726707198769846,-1.8481342965121583,-2.5372894336158303,-1.7109707500279623,1.862658567503635,-2.2175278307575295
1.597322479334353,1.7267084501662335,-1.8481319049184317,-2.5372892792081547,-1.7109752363955546,1.8626519085735147,-2.2174272368958134
1.597320435242618,1.726712843991787,-1.8481322422074173,-2.537288586647623,-1.7109716215881021,1.8626925170027022,-2.2174919447843733
1.5973216533887538,1.7267137409399351,-1.8481299396084734,-2.5372886942199337,-1.7109760562048297,1.8626847601205843,-2.2173980731241527
1.5973197600829159,1.7267176957933716,-1.8481303159445042,-2.537288188953681,-1.7109724367952035,1.8627223258712522,-2.2174632966731105
1.5973182850056455,1.726720818180914,-1.8481308937355323,-2.53728766552333,-1.7109669381102341,1.8627467068978791,-2.217507355654419
1.59731980535089,1.7267210267428204,-1.8481285189174668,-2.5372880920277296,-1.7109719097527447,1.8627344320659782,-2.2174117635906003
1.569218272666178,1.71969603334472,-1.8402338833668985,-2.5137625871110565,-1.6961877865374086,1.8548276237922126,-2.241216025201189
1.5675230893989964,1.7203422942698805,-1.8410386582179132,-2.5160202882391642,-1.6977225444220758,1.8549063149105547,-2.2376021416529563
1.5699880659038379,1.7208504068949242,-1.841576881279432,-2.5173776100453806,-1.6986086589293803,1.855833648798869,-2.2369455563077465
1.5717006220556917,1.7211773037900433,-1.841878789762817,-2.517790901620093,-1.6990589872005668,1.8566975957257017,-2.2370671892360634
1.5727463146477174,1.7213208832813176,-1.8419711319409373,-2.5173467866536416,-1.6991211437748395,1.8572518489125343,-2.2375253283419325
1.573193516898952,1.7213019769208153,-1.8418723536277037,-2.516124568877365,-1.6988512159233975,1.8575021657603359,-2.238001878720597
1.5730959785430179,1.7211466144793577,-1.8416051813288312,-2.5142037726427477,-1.6982777179533177,1.8575840343909067,-2.238786046279692
1.5725119139159465,1.7208632021268997,-1.8411871834327274,-2.5116371897235448,-1.6974540659449389,1.8574308291081807,-2.239549861964741
1.5714840206219869,1.7204733814683821,-1.8406357059315015,-2.508500363011906,-1.696401685799037,1.8571722403021729,-2.240580749169149
1.5700555878672322,1.719989582120856,-1.8399619055165177,-2.5048433012715603,-1.6951854058276434,1.8568535995781321,-2.241782471560054
1.568266199231146,1.7194188831325223,-1.8391810636534784,-2.500719514181128,-1.6938208463857194,1.8564579905778424,-2.243178574793483
1.5661482132766258,1.7187778318724418,-1.83830967528674,-2.4961620511829596,-1.692305365197113,1.85598525214136,-2.2446205696990864
1.5637322630212678,1.7180726851819799,-1.8373622950827577,-2.4912148368968516,-1.6906482865649832,1.8554383182955225,-2.2461913750486353
1.561048629231474,1.71730717392463,-1.8363488494208773,-2.4859082157294923,-1.6888756570447039,1.8547875277851844,-2.247815770644989
1.5581227293917903,1.71649102689674,-1.835275889705825,-2.48027577343488,-1.6870042626263004,1.8540595701718734,-2.2494515607757304
1.554976061947354,1.7156287032522592,-1.8341557817069096,-2.4743508282449347,-1.6850359884666473,1.853263292075212,-2.2512349227444455
1.5516314566844025,1.714722455145479,-1.8329947825228277,-2.4681501776339925,-1.682993928992008,1.852363333861267,-2.2530185165057026
1.5481069544129817,1.7137810856490143,-1.8317980383319015,-2.4617013734992828,-1.68088477464867,1.851390247797685,-2.2548463714879365
1.5444183769090531,1.712806204929586,-1.8305775405930278,-2.4550340640107393,-1.6786853047715835,1.8503659556065761,-2.2570249333084265
1.5405870790202936,1.7117984154732937,-1.8293230032490813,-2.448154055339524,-1.6764769967623725,1.8491941460593728,-2.258883385234924
1.5366198665925246,1.710784592501943,-1.8280404109231814,-2.4410889300640823,-1.6741774937319918,1.848013375967874,-2.2609222419725343
1.5325368528810472,1.7097417598293339,-1.8267313755574939,-2.4338517759722875,-1.6719177732750876,1.846700637330218,-2.262642478172718
1.5283458433084647,1.7086878609982907,-1.8253963918249871,-2.426460098316778,-1.6696547596275386,1.845386023282182,-2.264212632684602
1.5240535914830449,1.7076247315009059,-1.8240436484608558,-2.418936689812721,-1.6673656365474252,1.8440744923946373,-2.2658679606482885
1.5196688266056493,1.706546419568365,-1.8226824046385852,-2.4112566975735943,-1.6651038673817031,1.842716127886285,-2.2674068030843673
1.515195798634732,1.705460844986318,-1.8213190654339115,-2.4034281848943277,-1.662847432862654,1.8413621506171773,-2.269053871538736
1.5106426945089801,1.7043674737586942,-1.8199534611960355,-2.395475704621514,-1.660586244777135,1.8399816936534061,-2.270757865887544
1.5060148562967053,1.703267860244913,-1.8185905239770628,-2.387399011386921,-1.6583239150287514,1.8385880216187351,-2.2725647262621975
1.5013184001092177,1.7021654478517247,-1.8172304591749924,-2.379212434031973,-1.6560516709555304,1.837198053229682,-2.2745132734203337
1.4965566200290181,1.7010575394875307,-1.8158766001700628,-2.3709385106489926,-1.6537759139849495,1.83580243884656,-2.2765833052173914
1.4917351193270798,1.6999452916202105,-1.8145286412697705,-2.3625834636790772,-1.6514955434961225,1.8343950969774532,-2.2787660105315184
1.4868585056121206,1.698830225410989,-1.8131854436502257,-2.354153243591821,-1.6492210624540415,1.8329601320903879,-2.280967612172972
1.4819302086655681,1.6977119091977413,-1.81184935840291,-2.345657875199145,-1.6469467613545568,1.8315087852963703,-2.283210679938341
1.476953930138615,1.6965913857868686,-1.8105191849480737,-2.3371104135259544,-1.6446689952689157,1.8300326353044822,-2.2854596237718368
1.4719364153771486,1.6954654568971224,-1.8091934164999455,-2.3285092704882193,-1.6423847858886167,1.8284684415277235,-2.287659769432156
1.4668746587589003,1.6943412367407342,-1.8078761255467122,-2.3198649132705356,-1.6400948988208712,1.8269240170350816,-2.2899054647204395
1.4617716188546808,1.693226723639247,-1.8065632660547728,-2.3111716891307537,-1.6377991006091854,1.8254172721595798,-2.292161432095698
1.456641549039618,1.6921312275999327,-1.8052317269250941,-2.3024367350503385,-1.6354068675369688,1.8236602591076494,-2.2935974043358334
1.4514723712925686,1.691021826051171,-1.8039231488001302,-2.293552225529988,-1.6333393795842646,1.8219984668485352,-2.2954905666509116
1.4462615660231581,1.6899230188623393,-1.8026404196354129,-2.284561354054323,-1.6313241860100465,1.8204234616085468,-2.297827920527129
1.441018418833798,1.6888200989233437,-1.8013729607495048,-2.275532023217111,-1.6292696188778701,1.818829107094187,-2.300467454466581
1.4357383876499001,1.6877252830871066,-1.8001218608283074,-2.266447441173647,-1.6272355018720785,1.8173428367146525,-2.303435081907214
1.430425381314577,1.6866323662781713,-1.7988863876487862,-2.25731279726593,-1.6252176974071617,1.8158643800668879,-2.306550530470367
1.4250895490896378,1.6855301592432022,-1.797659034463782,-2.248134703428143,-1.6231871481166655,1.8142758140553892,-2.3097234450912847
1.4197334025334165,1.6844185229327933,-1.7964384040517043,-2.2388985468962606,-1.6211553210163767,1.8125492818631777,-2.31297219496926
1.4143399955298785,1.6833219587568116,-1.7952463308990019,-2.229584258730468,-1.6191122019572088,1.8108772533787596,-2.316520007107757
1.4089875741835851,1.6819351886430962,-1.7940837410229609,-2.220475233818186,-1.6171005969050603,1.8073301024415964,-2.3201188082663906
1.403606860940857,1.6805697861214108,-1.7929320855151083,-2.211267160211506,-1.6150910920120058,1.8038943959268734,-2.3236211334838037
1.3981911065977501,1.6792757979469835,-1.791766067235346,-2.2019497763037275,-1.6131121416030714,1.8010194581755339,-2.327103567013116
1.3927316814936448,1.6780435513434386,-1.7905989732907757,-2.192473934928905,-1.6113566656640794,1.7978165373197355,-2.329917832283908
1.3872372034158569,1.6768369585420948,-1.7894529436666127,-2.1829066531459955,-1.6097047199542187,1.7950865061786423,-2.3329319814235276
1.381675325988477,1.6757459965791461,-1.7883433161417468,-2.1732677491588297,-1.6078703489168806,1.7933846581065196,-2.3368319918002167
1.3761227050620237,1.6745717632681514,-1.7872202209288421,-2.1635827887034744,-1.6062782816910637,1.7910460907726997,-2.3402729417864285
1.370521233514404,1.673459283695093,-1.7861249405413968,-2.1538321736764607,-1.604639359811147,1.789281754038338,-2.344072499366694
1.3648861265137702,1.6723678366575887,-1.785041381715307,-2.144018941249279,-1.603081309166033,1.7875404859442177,-2.3477772288184613
1.3592126049920974,1.6713123488713957,-1.7839798629670192,-2.134164589455003,-1.6014322039057924,1.7861809794836854,-2.3517816902211894
1.353492188461594,1.6703227536961474,-1.7829315542155693,-2.124233229645396,-1.5998188222403444,1.785102259250461,-2.3556714594645674
1.3477438044763268,1.6693483201611736,-1.7818903351656186,-2.114251859938641,-1.5981958166666654,1.7840916510679186,-2.3595913744251886
1.3419545148437186,1.6684176889797926,-1.7808673543145972,-2.1042171165516033,-1.596482820989263,1.7831784220863822,-2.3638624339749
1.3361405987454051,1.6674858392394496,-1.7798505846982369,-2.094147086188514,-1.5947636371413914,1.7822143618946846,-2.3684743604141025
1.3302999424564357,1.6665566452158445,-1.77884460584285,-2.0840330037589343,-1.5930264787806212,1.7812235974421915,-2.373466268782829
1.3244401563429684,1.665604381188183,-1.7778570066555597,-2.073852795812294,-1.5912472516482805,1.7799326696290025,-2.3785303276638543
1.3185334814410896,1.6646912006927201,-1.776909549984148,-2.063573306447111,-1.5895411202067924,1.7787945276964292,-2.3835936765376693
1.313210939573091,1.6639091886909516,-1.776062642323508,-2.0542681180632467,-1.5878406753369427,1.7778141736608164,-2.3885158814303016
1.3084364270595141,1.6631885662428956,-1.7752672761491275,-2.0459313791696996,-1.5862548986231904,1.7771485972133712,-2.3934030639542336
1.3041376822950155,1.6625453413738116,-1.7745752565333592,-2.0383448485979305,-1.5847602575068618,1.7762507746506768,-2.39771379239344
1.3002641487728714,1.6619959733493044,-1.7739418938049805,-2.031484013436667,-1.5834598203347914,1.7757126557959118,-2.4015180449435083
1.2967699924402627,1.6615041894466387,-1.7733845451450145,-2.0253554022332154,-1.5823054549609743,1.7755013014385064,-2.4053783816594096
1.2936237716152323,1.6611139306513996,-1.772859480978373,-2.019763540235105,-1.5812255416971492,1.7752734898869567,-2.40884428307548
1.2907857421809124,1.6607812917124665,-1.772392487610309,-2.0147393856048224,-1.5801952372410517,1.7753645692398146,-2.4122018596130452
1.2882380113415737,1.660478869976557,-1.7719599372255723,-2.010204415214315,-1.5791892583498108,1.7751961034258987,-2.4154038910637965
1.2859196161917075,1.6602550975112735,-1.771576799188603,-2.0062968125484315,-1.5781445324781196,1.7763375067741392,-2.41884297852448
1.2838639006305679,1.6599830377718907,-1.7712092123271646,-2.002651471317411,-1.5773391508476922,1.7759137094623547,-2.4214152617340257
1.2819738342112499,1.6598150625897679,-1.7709265003462902,-1.9994732483744397,-1.5764211621441382,1.7770547234266667,-2.4243323068541964
1.2803210631476092,1.6596018767863987,-1.7705880211595786,-1.9964705897504755,-1.5758413900004424,1.776801298820321,-2.4263461160915094
1.2787733180153606,1.6595115532894198,-1.7703608873004129,-1.993927386815172,-1.5749920787199643,1.7782196500035063,-2.428509860589186
1.2774136608292603,1.6593326737264829,-1.7701372137393787,-1.9915698757537665,-1.574431375159679,1.7783813658477823,-2.429680309220413
1.2761581391860863,1.6591393299796742,-1.7700218859844246,-1.9896439412397207,-1.573826538866001,1.779339289574041,-2.430878282800854
1.2750540664693044,1.6589517860632312,-1.769868284612282,-1.9877982969490025,-1.573424847966196,1.7794452160799616,-2.4316128230661977
1.2740639885334355,1.6587756711990906,-1.7697138876582883,-1.9861629199707693,-1.5730800404970973,1.779442776427421,-2.4322627863536845
1.2731253445466733,1.6586826997270196,-1.7696532238011755,-1.9848244449390997,-1.5724717630778242,1.7807067835799173,-2.4332928044338957
1.272283471010142,1.6586780025010563,-1.7695497137324294,-1.9834617509204295,-1.5720380143885904,1.7815038019806286,-2.434073558354104
1.2715099851735936,1.6586997283988552,-1.7694856349616497,-1.9822687904318796,-1.5714973312109537,1.7825762788668247,-2.4349532554214286
1.27083529898986,1.658687876662651,-1.7693882652791717,-1.9811444223172188,-1.5712206936657074,1.7831289917653654,-2.435474993095071
1.2702235206323316,1.658677715278079,-1.7693123475395836,-1.9801517523085468,-1.5709426648922344,1.7837420261833252,-2.435998236308075
1.2696682880196497,1.6586725141630987,-1.7692545180637298,-1.9792969031892858,-1.5705860341540525,1.784521953489224,-2.43656640178164
1.2691744558358833,1.6586589248299088,-1.7691879555934065,-1.9785397321906324,-1.570272432429119,1.7851381705574152,-2.4370310039627783
1.2687358565854927,1.6586369923981872,-1.7691107794523357,-1.9778695108841264,-1.5700183070984501,1.7855123619535251,-2.4373472266807026
1.2683099464609349,1.6587065741463805,-1.7690679290236588,-1.977263317422582,-1.5696691588005072,1.7865062126939701,-2.437841198857623
1.2679267662910778,1.6587917054737977,-1.7690058822592887,-1.9767198622605402,-1.5693520206684273,1.7874294859085647,-2.438243163326277
1.267590111582857,1.6588504456875313,-1.7689308095729135,-1.976250594761665,-1.569092582346149,1.7880681014580289,-2.438500811275131
1.2672919420614999,1.6588836642478928,-1.7688603158218184,-1.9758420214251997,-1.5688760694394934,1.788529090587647,-2.438687891813562
1.2670124970998822,1.6589269734885335,-1.768822013487753,-1.9754893747674196,-1.5686199754319787,1.7892046401276938,-2.438957434011461
1.266772951252445,1.6589435739773881,-1.7687615190387271,-1.9751907899103585,-1.5684008953464104,1.7895339040884881,-2.4390629592620887
1.2665587097039455,1.6589666284479072,-1.7686938671709762,-1.9749071210475566,-1.568246459766775,1.7897526408195146,-2.4391245877722816
1.2663652244006276,1.658968127723264,-1.768653258949575,-1.9746541395515935,-1.5681233739540397,1.7899889149110946,-2.4392320365436033
1.2661799737774178,1.6589890115937032,-1.7686399208413968,-1.9744314613589091,-1.5679464685341544,1.790479643094748,-2.4394410960996686
1.2660224427618016,1.6590194146499995,-1.7685819471990523,-1.9742193100773953,-1.567842051312192,1.7906764401388107,-2.4394923223796052
1.265859671992048,1.659051269353584,-1.7685993151514972,-1.974074773092166,-1.567575866007199,1.7913911736344788,-2.439752648443252
1.265726463919262,1.6591184624859598,-1.7685284837140272,-1.9739041716365473,-1.5674829002993909,1.79173522399793,-2.4397976995967063
1.2656135690215566,1.6591223687777599,-1.7684910726515917,-1.9737775355841503,-1.567379855960541,1.791847117118071,-2.4398077574969594
1.2655140013574384,1.6591137075003302,-1.768460889202186,-1.973665112410652,-1.56729716895627,1.791873449430658,-2.4398035025236506
1.2654258185842104,1.6590998646443729,-1.7684357786484761,-1.973555704418199,-1.5672448618491404,1.7918727036975197,-2.439812801470912
1.2653476137005424,1.6590821950033223,-1.768414466664112,-1.9734532218274032,-1.5672075745547036,1.791813935728986,-2.4398139115389395
1.2652734140030335,1.6590682826801633,-1.768408819601935,-1.973355688442354,-1.5671686039715669,1.7918381059839188,-2.4398646987524892
1.2652004987675034,1.6590684291203872,-1.7684190565068016,-1.9732621884189714,-1.5670955775977506,1.7920958751088505,-2.4400137308157315
1.2651407046586614,1.6590898155191134,-1.7683852100593584,-1.9731607909617286,-1.5670925361200654,1.7921580016651877,-2.4400441419397763
1.2650912621894386,1.6590765835246553,-1.7683692009138543,-1.9730825847352091,-1.5670825323992261,1.7920977385905288,-2.440056775188393
1.2650366346718622,1.6590755143373352,-1.7683838002675614,-1.9730159869004738,-1.5670175060968348,1.7923330223462168,-2.4401915225916837
1.2649950660872304,1.6590913855820362,-1.7683528468047194,-1.972935838942474,-1.5670316692267507,1.7923606175944164,-2.440209232596059
1.2649610053820088,1.659077889799982,-1.7683372806381092,-1.9728790626938144,-1.5670316816381884,1.7922627301462195,-2.4401998074074682
1.2649259740792471,1.6590683685087317,-1.7683376904860832,-1.9728264322820388,-1.5670173778455088,1.7922737582414408,-2.440241982386035
1.2648954955876615,1.6590628460938877,-1.7683334015491035,-1.9727717393348478,-1.567012366781105,1.7922827141238258,-2.4402826493149306
1.2648682992233204,1.659058971058596,-1.7683281658313825,-1.9727203426651838,-1.567010027872058,1.7922864783567825,-2.4403189210674774
1.2648436618013958,1.659056024354662,-1.7683238508573589,-1.9726731284738641,-1.5670073666485398,1.7922939056978973,-2.440354851479314
1.2648215026538192,1.6590539461668747,-1.768319656560921,-1.972629584192581,-1.56700542459928,1.792300739788412,-2.4403883371802317
1.264801515177179,1.6590524909961508,-1.7683158661755762,-1.9725896716950042,-1.5670036542382926,1.7923082034281976,-2.4404199781306457
1.2647835124241569,1.659051551443298,-1.7683123368658935,-1.9725531085717993,-1.5670021842118216,1.7923154992602033,-2.440449461125122
1.2647672885074623,1.6590510126424773,-1.7683090974837448,-1.972519682497498,-1.567000897261275,1.7923227408239166,-2.4404769394955466
1.2647526713211723,1.6590507984443883,-1.7683061108186278,-1.9724891451371742,-1.5669997901763868,1.7923297605064357,-2.4405024495978274
1.264739499904846,1.6590508440332628,-1.7683033663254493,-1.9724612667165713,-1.5669988263436023,1.7923365510389977,-2.4405261115168373
1.264727631203293,1.6590510999295198,-1.7683008438640915,-1.9724358228346655,-1.5669979900899988,1.7923430760681005,-2.440548032340357
1.2647169354693595,1.6590515254702192,-1.7682985278437178,-1.9724126044272305,-1.5669972631801052,1.792349331525892,-2.4405683313342257
1.2647072961517924,1.65905208774139,-1.7682964019200296,-1.9723914164113723,-1.5669966323813498,1.7923553140722905,-2.4405871225323055
1.2646986081883662,1.6590527593899485,-1.76829445116859,-1.9723720791185253,-1.5669960855387015,1.7923610279944717,-2.4406045167482175
1.26469077704603,1.6590535175855317,-1.7682926613587764,-1.972354427627222,-1.5669956124078357,1.7923664792686105,-2.4406206182131642
1.2646837176159942,1.6590543430543554,-1.7682910192881744,-1.9723383112604624,-1.5669952038872763,1.7923716757483057,-2.4406355245896716
1.2646773532981153,1.659055219448128,-1.7682895126736593,-1.972323592654984,-1.5669948519986208,1.7923766258432836,-2.440649326546907
1.264671615140596,1.6590561328402922,-1.7682881301761582,-1.9723101468101985,-1.5669945496705324,1.7923813382845044,-2.4406621080092883
1.264666441076268,1.659057071352271,-1.7682868613499363,-1.9722978600820267,-1.5669942906512393,1.792385821802422,-2.440673946441945
1.2646617752302456,1.6590580248556566,-1.7682856966028473,-1.9722866292095431,-1.5669940694071034,1.792390085030965,-2.4406849132719572
1.264657567298687,1.659058984734119,-1.7682846271418076,-1.9722763603858458,-1.566993881048565,1.7923941364389762,-2.440695074321403
1.2646430123359251,1.6590776304781143,-1.7683050376857343,-1.972285042547359,-1.5669049221083593,1.792645547720433,-2.440775094071726
1.264643953433795,1.659082873055366,-1.768283151771192,-1.9722754064684949,-1.5669294793212754,1.7925854838730457,-2.44073648449799
1.2646437087937055,1.6590780438571489,-1.7682749731769165,-1.972274137654879,-1.5669408376242804,1.7925236849406914,-2.4407078427868028
1.264641430104441,1.6590724380574124,-1.7682764168291727,-1.9722747679982089,-1.5669402182510368,1.7925110997389488,-2.4407054279848297
1.26463993983346,1.6590688124050037,-1.7682749860515725,-1.972271761352259,-1.5669453712703978,1.7924871064786636,-2.4406998513739366
1.2646381759761494,1.6590659641327303,-1.7682752343938357,-1.9722679762796946,-1.5669486664590306,1.792474565196917,-2.4407011103035967
1.2646366000932625,1.6590641633365184,-1.768275093157028,-1.9722629197596282,-1.5669528423353107,1.7924631676262763,-2.440703709712878
1.2646350683358683,1.6590630421105172,-1.768275202987718,-1.972257358725307,-1.566956593476768,1.7924556099659081,-2.440708463505598
1.264633652645392,1.6590624952736688,-1.7682752417295036,-1.972251466635709,-1.5669602636013567,1.7924498647146287,-2.440714078730674
1.2646323346354218,1.6590623540219456,-1.7682752881045425,-1.9722455282024427,-1.5669636371743585,1.7924458757449304,-2.4407203031159974
1.2646203809072671,1.6590801823442136,-1.7682966426174962,-1.972257707404305,-1.5668781293662581,1.7926898507954494,-2.44079690532639
1.2646236231324106,1.6590847489142329,-1.7682757716806072,-1.9722510783014127,-1.5669054941784146,1.7926245448389164,-2.4407562909827485
1.2646254652138036,1.6590795201727462,-1.7682682982193585,-1.9722522509083873,-1.566919714813985,1.7925576497621913,-2.4407256586311497
1.2646250384723978,1.6590735952027234,-1.7682704642499079,-1.9722550397948027,-1.5669214477016644,1.7925411239442348,-2.44072176913449
1.2646252097830792,1.6590697499224654,-1.7682696579761252,-1.9722539054588357,-1.56692873408692,1.7925137383191105,-2.440714930435861
1.2646249387920094,1.659066742681821,-1.7682704534332363,-1.972251772730829,-1.5669339250970087,1.7924982301312895,-2.4407150646691473
1.2646247021317432,1.6590648247471305,-1.7682708015273998,-1.9722481913767909,-1.5669397793697024,1.792484269701599,-2.4407166662402777
1.2646243741653593,1.6590636156925733,-1.7682713431655874,-1.9722439541956678,-1.5669450230828654,1.7924744421556569,-2.4407204989983993
1.2646240397421238,1.6590630006438598,-1.7682717681962383,-1.972239258325976,-1.5669500144321276,1.79246669731825,-2.4407252656246907
1.264612963625718,1.6590804548849256,-1.768293484867044,-1.9722523727365677,-1.5668661172720624,1.792707272811821,-2.4408007280318604
1.2646169676353074,1.6590847718913895,-1.7682730016717467,-1.9722465041326598,-1.5668947035179084,1.7926398567802453,-2.4407596167570973
1.2646195093634274,1.6590793760392861,-1.7682657895627265,-1.9722482569447553,-1.5669101916409214,1.7925706966301584,-2.4407284073436486
1.2646196956432223,1.6590733219355112,-1.768268245281111,-1.9722515453370926,-1.566912968259455,1.7925525095734058,-2.4407241989253694
1.2646204188099117,1.6590693948063664,-1.7682676786096627,-1.9722508160475873,-1.5669212143375395,1.7925236427374707,-2.4407170899179587
1.2646206410892948,1.6590663345471055,-1.7682686900095586,-1.9722490268456956,-1.5669272529365978,1.7925068846500383,-2.4407170194269097
1.2646208466424218,1.6590643855699383,-1.768269227952721,-1.9722457392807486,-1.566933863473498,1.792491841871025,-2.4407184510342526
1.2646209151564458,1.6590631605450563,-1.7682699378016866,-1.9722417576989926,-1.566939778935062,1.7924810745297646,-2.440722138056475
1.2646209363261296,1.6590625401752868,-1.7682705121314555,-1.9722372867763192,-1.566945366693314,1.7924725098348313,-2.4407267755341984
1.264610179056538,1.6590799957706968,-1.7682923632974854,-1.9722506034855232,-1.566861984825623,1.7927123583424767,-2.4408021056404374
1.2646144660677594,1.6590843260249741,-1.7682720044081233,-1.9722449120733836,-1.5668910367504068,1.7926444026447608,-2.440760925299435
1.2646172678602752,1.6590789421897403,-1.7682648850892178,-1.9722468192019151,-1.5669069663379847,1.7925746152030926,-2.4407295848094392
1.2646176840359722,1.6590728989026624,-1.7682674394314004,-1.9722502548177103,-1.5669101045389988,1.792555951770125,-2.4407252884554813
1.2646186143128275,1.6590689865563988,-1.7682669563504192,-1.972249655394096,-1.5669186790936454,1.79252664807118,-2.4407180886905033
1.2646190221314506,1.6590659423465828,-1.7682680436048595,-1.9722479838764133,-1.5669250064271436,1.792509511992078,-2.440717935979132
1.264619394178751,1.659064010554977,-1.768268649080136,-1.9722448022228456,-1.5669318735222364,1.79249413620488,-2.4407192904771926
1.2646196120523778,1.6590628032528592,-1.7682694193864121,-1.972240916182551,-1.5669380162865179,1.7924830765018076,-2.4407229057614694
1.264619767216168,1.6590622008262068,-1.7682700478430828,-1.972236531414112,-1.566943805533303,1.7924742550884183,-2.440727476629533
1.264609130083952,1.6590796739390938,-1.7682919483003998,-1.9722499264474194,-1.5668605983104569,1.7927138753616736,-2.4408027409477
1.2646135235543803,1.659084025420273,-1.7682716346262044,-1.9722443038340676,-1.5668898068737338,1.792645760672474,-2.4407615190622414
1.2646164233501587,1.6590786591824633,-1.768264549451116,-1.9722462719565577,-1.5669058856484692,1.7925757721275235,-2.4407301143042273
1.2646169261087925,1.659072631599266,-1.7682671404400687,-1.9722497656407305,-1.5669091452420423,1.7925569614385948,-2.440725772093795
1.2646179344595694,1.6590687351621427,-1.7682666882570992,-1.9722492173633872,-1.5669178305684281,1.7925275203986721,-2.440718526260662
1.2646184121799402,1.6590657062321184,-1.7682678037748698,-1.9722475921283378,-1.5669242549792077,1.7925102671724167,-2.4407183326463837
1.2646188469721262,1.6590637892338134,-1.7682684343661947,-1.9722444519407443,-1.5669312084442741,1.7924947882363176,-2.4407196493293255
1.2646191211227504,1.6590625961054977,-1.7682692272147202,-1.9722406031656805,-1.5669374276465908,1.7924836387122234,-2.4407232301492616
1.2646193267767252,1.6590620072169493,-1.7682698758458,-1.972236251843225,-1.5669432846456293,1.7924747388617586,-2.440727769516571
1.2646087349537773,1.659079492941558,-1.7682917946517365,-1.972249676927902,-1.5668601368613106,1.7927142884178344,-2.4408030037386226
1.2646131685839812,1.6590838579596716,-1.7682714977391294,-1.9722440806577666,-1.5668893979132528,1.7926461277532137,-2.4407617611711894
1.2646161052480358,1.659078503396522,-1.7682644254822624,-1.9722460722087731,-1.5669055266050478,1.7925760784419362,-2.4407303288484505
1.2646166406231356,1.6590724863637905,-1.7682670300848014,-1.9722495879622983,-1.5669088268771005,1.7925572247312618,-2.440725966064427
1.2646176783872898,1.659068600070057,-1.7682665893955307,-1.972249059099024,-1.5669175493110667,1.7925277431703368,-2.440718700045844
1.264618182440949,1.6590655806427874,-1.7682677154337714,-1.9722474513750115,-1.5669240061756255,1.7925104559561638,-2.4407184886315734
1.26461864087517,1.6590636726008436,-1.7682683553569796,-1.9722443268189964,-1.5669309885107627,1.7924949472190737,-2.440719788996495
1.2646189362300833,1.6590624878687306,-1.7682691565831345,-1.9722404920446248,-1.5669372332259646,1.7924837720510556,-2.4407233550915466
1.2646191609095496,1.6590619068450199,-1.768269812703245,-1.9722361532393613,-1.5669431128218811,1.7924748500189276,-2.4407278811139563
1.2646085861781038,1.659079399766778,-1.7682917383083967,-1.972249589436753,-1.5668599852022707,1.7927143790315478,-2.4408031028425023
1.2646130349619675,1.659083772151417,-1.7682714475632852,-1.9722440028781627,-1.5668892636820373,1.792646206609694,-2.4407618512940967
1.2646159854935266,1.6590784240473964,-1.7682643801733857,-1.972246003108183,-1.566905408865335,1.7925761404742524,-2.4407304080076226
1.264616533155342,1.65907241288679,-1.7682669897993026,-1.9722495269572937,-1.5669087226365688,1.792557275575033,-2.4407260368219466
1.2646175820010206,1.6590685321137735,-1.7682665533539712,-1.9722490052020347,-1.566917457370443,1.7925277832567659,-2.4407187626581197
1.2646180959744566,1.6590655178023823,-1.7682676832809776,-1.9722474038677176,-1.5669239249626232,1.7925104873264366,-2.4407185441182535
1.2646185633165905,1.6590636145239976,-1.7682683266445558,-1.972244284989187,-1.5669309168395376,1.792494971009863,-2.440719837988288
1.2646188666601104,1.6590624342127172,-1.7682691309601264,-1.9722404552780588,-1.5669371699696777,1.7924837894892298,-2.440723398277955
1.2646190985076535,1.6590618572923317,-1.7682697898375002,-1.9722361209758783,-1.5669430570117673,1.7924748620799331,-2.4407279190802376
1.2646085302239263,1.6590793539323954,-1.7682917179411461,-1.9722495611040416,-1.5668599362216409,1.7927143857765584,-2.4408031360079194
1.2646129847247483,1.65908373003807,-1.7682714294410575,-1.9722439779596326,-1.5668892204074334,1.7926462112009303,-2.4407618809378646
1.2646159404693036,1.6590783852258448,-1.7682643638717463,-1.972245981260656,-1.5669053709408622,1.792576141221188,-2.4407304336040063
1.2646164927569257,1.6590723770708047,-1.768266975334095,-1.97224950794239,-1.5669086891322102,1.7925572741758842,-2.4407260592795197
1.2646175457756448,1.6590684990897036,-1.7682665404386944,-1.972248988663454,-1.566917427885276,1.7925277796550603,-2.4407187820866483
1.2646180634835111,1.6590654873508517,-1.76826767178885,-1.97224738954444,-1.5669238989690575,1.7925104821296545,-2.4407185609320354
1.2646185341799203,1.659063586452585,-1.7682683164064221,-1.9722442726194587,-1.5669308939519702,1.7924949644639832,-2.44071985243174
1.264618840530916,1.6590624083384213,-1.7682691218484452,-1.9722404446385051,-1.5669371498132274,1.7924837819221138,-2.440723410629783
1.2646190750770012,1.6590618334475495,-1.7682697817287345,-1.9722361118619294,-1.566943039269271,1.7924748537256163,-2.4407279295704147
1.264608509224522,1.6590793319146984,-1.7682917107390674,-1.972249553285089,-1.566859920793697,1.7927143764068358,-2.440803144821266
1.2646129658804435,1.6590837098282836,-1.7682714230430439,-1.97224397125167,-1.5668892068115972,1.7926462019769638,-2.440761888524454
1.2646159235818282,1.6590783666244615,-1.7682643581479591,-1.9722459755621577,-1.5669053590342366,1.7925761316061686,-2.4407304398471603
1.2646164776086337,1.6590723599435164,-1.76826697027222,-1.9722495031604494,-1.5669086786468482,1.7925572646316237,-2.44072606448489
1.264617532196885,1.6590684833217137,-1.7682665359335794,-1.9722489846753413,-1.5669174186875006,1.7925277700639382,-2.440718786286828
1.2646180513085825,1.659065472831399,-1.7682676677967373,-1.972247386260525,-1.5669238908832812,1.792510472656959,-2.4407185642869162
1.2646185232662335,1.6590635730841523,-1.7682683128635353,-1.9722442699477258,-1.5669308868559673,1.7924949551247016,-2.4407198550258777
1.2646188307476651,1.6590623960293749,-1.7682691187092596,-1.9722404425018731,-1.5669371435836534,1.7924837727850806,-2.4407234125680923
1.2646190663079806,1.659061822114543,-1.7682697789476478,-1.9722361101892971,-1.5669430338044164,1.7924748448232173,-2.4407279309356333
1.2646085013711479,1.6590793214560393,-1.7682917082807446,-1.9722495519845333,-1.5668599161168937,1.7927143675363442,-2.4408031456882013
1.2646129588381347,1.6590837002304053,-1.7682714208654722,-1.9722439702611292,-1.5668892027064452,1.792646193576704,-2.4407618890428333
1.2646159172721747,1.659078357795368,-1.7682643562164193,-1.9722459748592385,-1.566905355439747,1.7925761235211954,-2.4407304400032417
1.2646164719512663,1.6590723518215345,-1.7682669685740624,-1.9722495027109228,-1.566908675497661,1.7925572569588848,-2.440726064372171
1.2646175271285005,1.6590684758486598,-1.7682665344303243,-1.9722489844401614,-1.5669174159390133,1.7925277627154423,-2.440718785907447
1.264618046766564,1.6590654659533584,-1.7682676664741157,-1.972247386211801,-1.566923888477631,1.7925104656692883,-2.4407185636988067
1.2646185191972514,1.6590635667535725,-1.7682683116975346,-1.972244270055383,-1.5669308847559411,1.7924949484693296,-2.4407198542530137
1.2646188271024215,1.6590623902018842,-1.7682691176840846,-1.972240442741602,-1.5669371417492386,1.7924837664650053,-2.4407234116463803
1.2646190630428467,1.6590618167499736,-1.768269778046655,-1.9722361105383621,-1.566943032203993,1.7924748388265788,-2.440727929891043
1.2646084984501,1.659079316504479,-1.7682917074912017,-1.972249552406694,-1.5668599147877986,1.792714361731199,-2.4408031445484446
1.2646129562214752,1.6590836956849482,-1.768271420169949,-1.9722439707374129,-1.566889201547815,1.792646188134521,-2.4407618878528314
1.2646159149286902,1.6590783536136455,-1.7682643556086977,-1.9722459753899555,-1.5669053544239757,1.7925761184064812,-2.4407304387691675
1.2646164698514581,1.659072347975541,-1.76826696804576,-1.9722495032844438,-1.5669086746159935,1.7925572521737378,-2.4407260631170664
1.2646175252488991,1.6590684723097755,-1.76826653396743,-1.9722489850459528,-1.5669174151764662,1.7925277582063683,-2.4407187846248557
1.2646180450835112,1.6590654626958283,-1.768267666072456,-1.9722473868428971,-1.5669238878153626,1.792510461439384,-2.4407185624078167
1.2646185176908928,1.6590635637546662,-1.7682683113480897,-1.9722442707032601,-1.5669308841833918,1.7924949444923535,-2.4407198529571428
1.2646188257542081,1.6590623874404802,-1.768269117381627,-1.972240443399941,-1.5669371412536677,1.792483762732165,-2.440723410355993
1.2646190618364503,1.6590618142070184,-1.7682697777852148,-1.9722361112010458,-1.5669430317760549,1.7924748353226994,-2.4407279286120844
1.2646084973725433,1.6590793141557385,-1.768291707266323,-1.9722495530596054,-1.566859914455272,1.7927143583796015,-2.440803143289973
1.2646129552576513,1.6590836935274298,-1.768271419974288,-1.9722439713759239,-1.5668892012622038,1.7926461850051814,-2.440761886625384
1.2646159140660709,1.6590783516277674,-1.7682643554432886,-1.9722459760189053,-1.5669053541721534,1.792576115497302,-2.440730437579397
1.264616469079318,1.6590723461486354,-1.7682669679057665,-1.972249503900421,-1.5669086744019534,1.7925572494696647,-2.440726061966998
1.2646175245586206,1.6590684706279706,-1.7682665338477914,-1.972248985647317,-1.5669174149950875,1.7925277556775514,-2.440718783507577
1.2646180444661632,1.6590654611469213,-1.768267665972243,-1.972247387429039,-1.5669238876606,1.792510459082404,-2.4407185613285436
1.2646185171391346,1.6590635623278878,-1.768268311263928,-1.972244271272578,-1.5669308840526557,1.7924949422901078,-2.440719851913832
1.2646188252610804,1.6590623861258473,-1.7682691173119296,-1.9722404439516659,-1.5669371411430044,1.7924837606769122,-2.4407234093504475
1.264619061395872,1.6590618129955506,-1.7682697777278977,-1.9722361117342686,-1.5669430316829474,1.7924748334038194,-2.4407279276441454
1.264608496979942,1.659079313035707,-1.7682917072198998,-1.9722495535689035,-1.5668599143968927,1.7927143565549113,-2.440803142361928
1.2646129549072622,1.6590836924977002,-1.7682714199356102,-1.9722439718609452,-1.566889201214682,1.7926461833045726,-2.4407618857377376
1.2646159137528143,1.6590783506792264,-1.7682643554144306,-1.9722459764839857,-1.566905354129016,1.7925761139256158,-2.4407304367363385
1.2646164687993506,1.6590723452755447,-1.7682669678841088,-1.9722495043448922,-1.566908674368144,1.7925572480137475,-2.44072606116572
1.2646175243088242,1.659068469823644,-1.7682665338315287,-1.9722489860718255,-1.5669174149687983,1.7925277543214464,-2.4407187827428998
1.2646180442431716,1.6590654604055846,-1.7682676659613663,-1.9722473878344637,-1.5669238876399258,1.792510457822794,-2.4407185606012094
1.2646185169402628,1.6590635616444473,-1.7682683112571822,-1.9722442716592061,-1.5669308840371956,1.7924949411171083,-2.440719851221143
1.2646188250837285,1.659062385495588,-1.768269117308919,-1.972240444320093,-1.5669371411315762,1.7924837595855734,-2.4407234086918286
