0.0,0.0,0.0,0.0,0.0,0.0,0.0
0.14249350201061434,-0.03945999859451626,-0.17626868481605446,-0.0918794299323115,-0.16188352634356848,0.1821486562102875,-0.20901956882500505
0.2707382976871274,-0.1018590735739408,-0.33490789152782124,-0.26763605093373044,-0.3075787000527801,0.3460821439908915,-0.39714078469835745
0.38616395265976616,-0.17346387415654,-0.47771544314369063,-0.48817193883530874,-0.4387043563910705,0.4936221101714002,-0.5664460873237879
0.4900390408160015,-0.23089895921096898,-0.6062262611374571,-0.6880418416834615,-0.556717447095532,0.6264073234423069,-0.7188182217639805
0.5835266824728453,-0.27594642174666856,-0.7219352876987568,-0.8679198557182256,-0.6629292287295472,0.7459134012399686,-0.8559304645039219
0.6676710137894526,-0.3097700916287269,-0.8261081185711663,-1.0298078071536028,-0.758519832200161,0.8534697063952958,-0.9793213391573256
0.7434047002046996,-0.33233681372281554,-0.9198755003979138,-1.1755068583636756,-0.8445513753237133,0.950271115972602,-1.090371784418864
0.8115655069866541,-0.34252584784631107,-1.0042654696460638,-1.3066364064742988,-0.9219797641349103,1.0373925340966854,-1.1903185450655407
0.8729095816028303,-0.33826115795450357,-1.0802149045375513,-1.4246532890051755,-0.9916653140649878,1.11580179824704,-1.2802717592960902
0.9281014021392275,-0.3166622104956749,-1.148542111832391,-1.5308688031838773,-1.0543831121110094,1.1863729578719193,-1.3612299902921814
0.9777483408770218,-0.274184313912295,-1.2100353976869647,-1.626462765944709,-1.110830516016998,1.2498949678497016,-1.4340879222875176
1.022315106664089,-0.20681298003284893,-1.265377842533735,-1.7124973324294575,-1.1616362361845256,1.3070925214840499,-1.4996464175288884
1.0619009904337517,-0.11011475663491035,-1.315193864715841,-1.7899284422657311,-1.2073624846467836,1.3586510944887917,-1.5586153885543599
1.0958948856838724,0.020805959602844565,-1.360075567957351,-1.8596164411183773,-1.2484931550906835,1.4050602421027043,-1.6116489650316528
1.1243635727093637,0.18991386815719719,-1.4004638308556456,-1.922335640085759,-1.2854539801568985,1.4459287797541183,-1.6593642793067653
1.147041805715523,0.34514570376334897,-1.4379270543936338,-1.9787866868342752,-1.317985018680788,1.480969303822267,-1.702321327430479
1.1754009219818695,0.4846712290018992,-1.470435714929214,-2.029588861230067,-1.348106475562852,1.5155071064725527,-1.7410872749978474
1.2005798899210576,0.610247478640481,-1.4997245626701867,-2.07531081818628,-1.3752116280947575,1.546385156401606,-1.7759672110745752
1.2230435643980178,0.7232683423642191,-1.5260998819002474,-2.1164605794468714,-1.3995811907538656,1.5739398032092258,-1.807357809944581
1.2432360532270756,0.8249873504565662,-1.5498391839304633,-2.1534953645814037,-1.42150786847238,1.5986993448857656,-1.8356099668834374
1.2614064895138917,0.9165344680635392,-1.5712046708217338,-2.186826671202483,-1.441240814904309,1.6209773669014933,-1.8610371183533339
1.2777595620629825,0.9989268722840753,-1.5904336161615507,-2.216824847161454,-1.459000292930477,1.641026834065367,-1.8839216003025956
1.2924772890856324,1.0730800354604224,-1.607739667282178,-2.243823205524528,-1.4749837954935052,1.65907125165464,-1.904517642687968
1.3057232384498336,1.1398178821748641,-1.6233151132954353,-2.2681217280512946,-1.48936894327259,1.6753112126779992,-1.9230540824298175
1.3176445921654298,1.1998819441872426,-1.6373330147085137,-2.2899903983253846,-1.502315575482788,1.6899271752881164,-1.939736878503333
1.3283738103941665,1.2539395999917677,-1.6499491259815227,-2.3096722015720657,-1.513967544320892,1.7030815412391878,-1.9547513950325233
1.3380301067788132,1.3025914902143167,-1.661303626127831,-2.3273858244940784,-1.5244543162431758,1.7149204705187004,-1.9682644599230354
1.346720773520544,1.3463781914142292,-1.6715226762597377,-2.34332808512389,-1.5338924109656655,1.725575506853708,-1.9804262183280417
1.3545423735870492,1.3857862224940471,-1.6807198213785193,-2.35767611969072,-1.5423866962139452,1.7351650395509903,-1.9913718008934813
1.3615818136466467,1.421253450465856,-1.6889972519854113,-2.3705893508008673,-1.5500315529369004,1.7437956189770276,-2.0012228252025728
1.3679173097002526,1.4531739556404815,-1.6964469395315567,-2.3822112588,-1.5569119239875224,1.7515631404594718,-2.0100887470806885
1.373619256148552,1.4819024102976521,-1.7031516583229955,-2.3926709759992195,-1.5631042579332304,1.7585539097926577,-2.018068076770797
1.3787510079521232,1.5077580194891194,-1.7091859052351694,-2.402084721478517,-1.5686773584846156,1.764845602191344,-2.0252494734916158
1.3833695845754723,1.5310280677614572,-1.7146167274559811,-2.4105570924098845,-1.573693148981174,1.7705081253487962,-2.0317127305400153
1.3875263035366465,1.5519711112065813,-1.719504467454549,-2.418182226248115,-1.5782073604284286,1.7756043961889876,-2.0375296618831977
1.3912673506018807,1.5708198503072142,-1.7239034334530872,-2.425044846702523,-1.58227015073133,1.7801910399435512,-2.0427649000916643
1.394634292960778,1.5877837154978056,-1.7278625028515955,-2.43122120511149,-1.585926662004315,1.7843190193210239,-2.0474766144788847
1.3976645410839734,1.603051194169359,-1.7314256653100817,-2.4367799276795603,-1.589217522150361,1.7880342007591554,-2.051717157426999
1.4003917643950308,1.6167919249737768,-1.7346325115225587,-2.4417827779908237,-1.5921792962821337,1.7913778640519804,-2.0555336460799474
1.4028462653751508,1.6291585826977704,-1.7375186731136436,-2.4462853432709606,-1.5948448930010217,1.7943871610141777,-2.058968485867287
1.4050553162574093,1.6402885746493798,-1.7401162185454955,-2.4503376520230837,-1.5972439300482681,1.797095528278993,-2.0620598416756266
1.407043462051571,1.6503055674058407,-1.7424540094340597,-2.453984729899995,-1.5994030633909881,1.799533058816368,-2.064842061902919
1.408832793266422,1.6593208608866648,-1.7445580212336878,-2.4572670999892146,-1.6013462833995844,1.801726836299258,-2.067346060107321
1.4104431913598692,1.667434625019413,-1.7464516318532959,-2.4602212330695123,-1.603095181407421,1.8037012360333204,-2.0695996584911738
1.411892549644029,1.6747370127388905,-1.7481558814109075,-2.4628799528417806,-1.604669189614529,1.805478195793636,-2.0716278970365796
1.4131969720998083,1.6813091616864217,-1.7496897060127419,-2.465272800636822,-1.606085797000941,1.8070774595777603,-2.0734533117274263
1.4143709523100245,1.6872240957391993,-1.751070148154394,-2.467426363652359,-1.6073607436486912,1.8085167969834723,-2.075096184949208
1.4154275344992162,1.6925475363866969,-1.752312546081897,-2.4693645703663423,-1.608508195631616,1.809812200648751,-2.076574770848862
1.4163784584694703,1.6973386329694407,-1.753430704216678,-2.4711089564089272,-1.6095409024161738,1.8109780639477537,-2.077905498158628
1.4172342900426682,1.7016506198939052,-1.7544370465380192,-2.472678903847254,-1.610470338522182,1.8120273409172005,-2.079103152737515
1.4180045384585052,1.7055314081259172,-1.7553427546272724,-2.4740918565417482,-1.611306831017481,1.8129716901901183,-2.0801810418586264
1.4186977620327095,1.7090241175347214,-1.756157891907652,-2.475363513966793,-1.6120596742631315,1.8138216045362123,-2.081151142067751
1.4193216632494388,1.7121675560026381,-1.756891515460049,-2.476508005649333,-1.6127372331840917,1.814586527448201,-2.0820242322560945
1.4198831743444367,1.714996650623756,-1.7575517766572644,-2.477538048163619,-1.6133470362128273,1.815274958069516,-2.082810013425739
1.420388534329874,1.7175428357827547,-1.7581460117348169,-2.4784650864264766,-1.61389585893856,1.8158945456292348,-2.083517216478555
1.4208433583167062,1.7198344024258463,-1.758680823304673,-2.479299420863048,-1.614389799391591,1.8164521744335167,-2.084153699226225
1.4212526999047934,1.7218968124046214,-1.7591621537176012,-2.4800503218559626,-1.6148343457991934,1.8169540403578974,-2.08472653369926
1.4216211073340115,1.7237529813855121,-1.759595351089293,-2.4807261327495858,-1.6152344375659142,1.8174057196903528,-2.08524208472512
1.421952674020249,1.725423533468307,-1.7599852287238698,-2.4813343625538464,-1.6155945201558468,1.8178122310900566,-2.0857060806485164
1.4222510840378062,1.726927030342816,-1.7603361185950406,-2.481881769377681,-1.6159185944866754,1.8181780913502619,-2.0861236769796903
1.4225196530535538,1.728280177529868,-1.7606519194791435,-2.4823744355191324,-1.6162102613843166,1.818507365584894,-2.086499513677857
1.4227613651676754,1.7294980099982091,-1.7609361402748822,-2.4828178350464385,-1.6164727615920955,1.8188037123964846,-2.086837766706311
1.4229789060703366,1.7305940592197109,-1.7611919389910904,-2.4832168946210142,-1.6167090117790048,1.8190704245273117,-2.0871421944320163
1.4231746928826867,1.7315805035190575,-1.761422157835718,-2.4835760482381324,-1.6169216369471378,1.819310465445425,-2.0874161793852415
1.4233509010137597,1.7324683033884647,-1.7616293547959208,-2.4838992864935383,-1.617112999598378,1.81952650227207,-2.087662765843228
1.4235094883316863,1.733267323270927,-1.7618158320601378,-2.484190200923404,-1.617285225984421,1.8197209354163677,-2.0878846936554933
1.423652216917784,1.7339864411651391,-1.7619836615979654,-2.484452023910283,-1.6174402297317922,1.819895925246529,-2.088084428686604
1.4237806726452387,1.7346336472699264,-1.7621347081820398,-2.484687664598474,-1.6175797331043642,1.8200534160939439,-2.0882641902146686
1.423896282799917,1.7352161327642317,-1.7622706501077339,-2.484899741217846,-1.6177052861396222,1.8201951578568651,-2.088425975589987
1.4240003319390995,1.7357403697091034,-1.7623929978408834,-2.485090610175281,-1.6178182838713022,1.8203227254437215,-2.088571582427829
1.4240939761643376,1.7362121829594852,-1.7625031108007407,-2.4852623922369723,-1.6179199818297665,1.8204375362721,-2.0887026285819372
1.4241782559670284,1.7366368148848261,-1.762602212464633,-2.4854169960924946,-1.618011509992341,1.8205408660178302,-2.0888205701206806
1.4242541077894284,1.7370189836176306,-1.762691403962155,-2.4855561395624646,-1.6180938853386184,1.8206338627891603,-2.0889267175055912
1.4243223744295688,1.7373629354771527,-1.7627716763099421,-2.4856813686854373,-1.618168023150232,1.820717559883515,-2.0890222501520492
1.424383814405677,1.7376724921507205,-1.762843921422966,-2.485794074896113,-1.6182347471806515,1.8207928872685775,-2.089108229533896
1.4244391103841583,1.73795109315693,-1.762908942024702,-2.4858955104857214,-1.6182947988079994,1.8208606819152637,-2.0891856109775895
1.4244888767647765,1.738201834062517,-1.7629674605662773,-2.4859868025163685,-1.6183488452725856,1.8209216970973996,-2.0892552542769423
1.4245336665073196,1.7384275008775436,-1.7630201272537067,-2.486068965343951,-1.6183974870906888,1.820976610761429,-2.0893179332463854
1.4245739772755963,1.7386306010110664,-1.763067527272404,-2.4861429118887752,-1.6184412647269595,1.8210260330591523,-2.089374344318908
1.4246102569670342,1.7388133911312358,-1.763110187289241,-2.486209463779117,-1.618480664599583,1.8210705131271911,-2.0894251142841993
1.4246429086893184,1.7389779022393872,-1.763148581304403,-2.4862693604804247,-1.6185161244849262,1.8211105451885057,-2.089470807252981
1.4246722952393651,1.7391259622367223,-1.7631831359180568,-2.486323267511602,-1.6185480383817186,1.8211465740437607,-2.0895119309249015
1.424698743134399,1.7392592162343232,-1.7632142350703521,-2.486371783839661,-1.6185767608888169,1.821179000013555,-2.0895489422296456
1.424722546239922,1.7393791448321632,-1.7632422243074244,-2.486415448534914,-1.6186026111451919,1.8212081833864286,-2.0895822524039294
1.424743969034886,1.7394870805702185,-1.7632674146207954,-2.486454746760642,-1.6186258763759174,1.821234448422068,-2.0896122315607975
1.4247632495503475,1.7395842227344676,-1.7632900859028344,-2.486490115163797,-1.6186468150835596,1.8212580869541912,-2.0896392128019903
1.4247806020142575,1.7396716506822911,-1.7633104900566743,-2.486521946726637,-1.6186656599204277,1.8212793616331455,-2.0896634959190745
1.4247962192317716,1.739750335835332,-1.7633288537951344,-2.4865505951331928,-1.6186826202736,1.8212985088442433,-2.0896853507244595
1.4248102747275297,1.739821152473068,-1.7633453811597524,-2.486576378699093,-1.618697884591447,1.8213157413342664,-2.0897050200493146
1.4248229246737083,1.73988488744703,-1.763360255787912,-2.486599583908403,-1.6187116224775022,1.821331250575319,-2.089722722441692
1.4248343096252654,1.7399422489235956,-1.763373642953259,-2.486620468596782,-1.6187239865749454,1.821345208892295,-2.0897386545948384
1.4248445560816634,1.7399938742525043,-1.763385691402074,-2.4866392648163234,-1.6187351142626385,1.8213577713775992,-2.0897529935326764
1.4248537778924186,1.7400403370485218,-1.7633965350060101,-2.4866561814139105,-1.6187451291815569,1.8213690776143963,-2.089765898576736
1.4248620775220957,1.7400821535649373,-1.7634062942495548,-2.4866714063517388,-1.6187541426085787,1.8213792532275346,-2.089777513116395
1.4248695471888027,1.740119788429711,-1.7634150775687472,-2.4866851087957844,-1.6187622546928941,1.821388411279378,-2.0897879662020924
1.4248762698888369,1.7401536598080072,-1.7634229825560221,-2.4866974409954254,-1.618769555568774,1.821396653526054,-2.0897973739792244
1.4248823203188656,1.7401841440484733,-1.7634300970445713,-2.486708539975102,-1.6187761263570624,1.8214040715480777,-2.089805840978647
1.4248877657058898,1.7402115798648927,-1.7634365000842671,-2.4867185290568115,-1.6187820400665187,1.821410747767913,-2.0898134612781303
1.42489266655421,1.74023627209967,-1.7634422628199946,-2.4867275192303495,-1.6187873624050266,1.8214167563657768,-2.0898203195476683
1.4248970773176968,1.7402584951109694,-1.7634474492821506,-2.486735610386534,-1.6187921525096813,1.8214221641038657,-2.089826491990255
1.4249010470048336,1.7402784958211388,-1.7634521170980921,-2.4867428924271002,-1.6187964636038683,1.8214270310681557,-2.089832047188586
1.4249046197232555,1.7402964964602912,-1.7634563181324405,-2.4867494462636097,-1.6188003435886344,1.821431411336026,-2.0898370468670855
1.4249078351698343,1.740312697035528,-1.7634600990633549,-2.4867553447164683,-1.6188038355749221,1.8214353535771173,-2.089841546577737
1.4249107290717542,1.7403272775532412,-1.7634635019011786,-2.486760653324041,-1.6188069783625794,1.8214389015941068,-2.0898455963173257
1.4249133335834814,1.740340400019183,-1.7634665644552208,-2.486765431070856,-1.6188098068714694,1.8214420948094039,-2.0898492410829568
1.424915677644035,1.7403522102385307,-1.7634693207538592,-2.48676973104299,-1.6188123525294689,1.8214449687031773,-2.0898525213720265
1.4249177872985326,1.7403628394359434,-1.7634718014226345,-2.4867736010179105,-1.6188146436216673,1.8214475552075788,-2.0898554736321904
1.42491968598758,1.7403724057136147,-1.7634740340245327,-2.4867770839953387,-1.6188167056046447,1.821449883061545,-2.089858130666339
1.424921394807722,1.7403810153635189,-1.7634760433662418,-2.4867802186750243,-1.6188185613893236,1.821451978130119,-2.089860521997074
1.4249229327458492,1.7403887640484326,-1.7634778517737801,-2.4867830398867414,-1.6188202315955336,1.8214538636918394,-2.089862674194736
1.4249243168901633,1.740395737864855,-1.7634794793405653,-2.486785578977287,-1.6188217347811218,1.8214555606973912,-2.089864611172633
1.4249255626200457,1.7404020142996348,-1.763480944150672,-2.4867878641587775,-1.6188230876481504,1.821457088002391,-2.0898663544527407
1.4249266837769394,1.7404076630909369,-1.7634822624797686,-2.486789920822119,-1.6188243052284756,1.821458462576894,-2.0898679234048387
1.4249276928181434,1.7404127470031086,-1.7634834489759557,-2.4867917718191266,-1.6188254010507677,1.821459699693949,-2.0898693354617275
1.4249286009552267,1.7404173225240631,-1.7634845168225244,-2.4867934377164334,-1.61882638729083,1.8214608130993009,-2.0898706063129278
1.4249294182786014,1.7404214404929221,-1.7634854778844364,-2.4867949370240092,-1.6188272749068855,1.8214618151641195,-2.0898717500790087
1.4249301538696384,1.7404251466648952,-1.7634863428401575,-2.4867962864008275,-1.6188280737613352,1.8214627170224584,-2.089872779468482
1.4249308159015714,1.740428482219671,-1.7634871213003065,-2.4867975008399643,-1.6188287927303395,1.821463528694965,-2.089873705919008
1.4249314117303111,1.7404314842189692,-1.7634878219144408,-2.486798593835187,-1.618829439802443,1.8214642592002224,-2.089874539724482
1.4249319479761766,1.7404341860183377,-1.763488452467162,-2.4867995775308875,-1.6188300221673357,1.8214649166549555,-2.089875290149409
1.4249324305974553,1.7404366176377692,-1.763489019964611,-2.486800462857018,-1.618830546295739,1.8214655083642164,-2.0898759655318435
1.424932864956606,1.7404388060952576,-1.7634895307123153,-2.4868012596505356,-1.6188310180113017,1.8214660409025525,-2.089876573376035
1.4249332558798415,1.740440775706997,-1.7634899903852492,-2.4868019767647014,-1.6188314425553079,1.821466520187056,-2.0898771204358075
1.4249336077107535,1.7404425483575625,-1.7634904040908899,-2.4868026221674504,-1.6188318246449132,1.82146695154311,-2.089877612789603
1.4249339243585741,1.7404441437430715,-1.7634907764259666,-2.4868032030299245,-1.6188321685255578,1.8214673397635592,-2.0898780559080192
1.4249342093416126,1.7404455795900295,-1.7634911115275358,-2.4868037258061513,-1.6188324780181378,1.8214676891619643,-2.0898784547145937
1.4249344658263472,1.7404468718522919,-1.763491413118948,-2.4868041963047554,-1.6188327565614598,1.8214680036205297,-2.089878813640511
1.4249346966626082,1.7404480348883278,-1.7634916845512192,-2.4868046197534994,-1.6188330072504493,1.821468286633239,-2.089879136673837
1.424934904415243,1.74044908162076,-1.7634919288402633,-2.4868050008573688,-1.6188332328705397,1.821468541344678,-2.0898794274038304
1.4249350913926144,1.7404500236799492,-1.763492148700403,-2.4868053438508513,-1.618833435928621,1.8214687705849737,-2.089879689060824
1.4249352596722484,1.7404508715332194,-1.7634923465745287,-2.4868056525449855,-1.618833618680894,1.8214689769012402,-2.089879924552119
1.424935411123919,1.7404516346011627,-1.7634925246612418,-2.4868059303697065,-1.6188337831579398,1.8214691625858803,-2.0898801364942843
1.4249355474304224,1.7404523213623115,-1.7634926849392838,-2.4868061804119552,-1.6188339311872808,1.8214693297020568,-2.0898803272422333
1.4249356701062754,1.7404529394473456,-1.7634928291895215,-2.486806405449979,-1.6188340644136876,1.821469480106616,-2.089880498915387
1.4249357805145433,1.7404534957238762,-1.7634929590147357,-2.4868066079842004,-1.6188341843174536,1.8214696154707195,-2.089880653421226
1.4249358798819842,1.7404539963727537,-1.7634930758574283,-2.4868067902649997,-1.6188342922308432,1.821469737298413,-2.089880792476481
1.424935969312681,1.7404544469567433,-1.7634931810158518,-2.486806954317719,-1.6188343893528936,1.8214698469433372,-2.0898809176262105
1.4249360498003083,1.7404548524823342,-1.763493275658433,-2.4868071019651667,-1.618834476762739,1.8214699456237693,-2.089881030260967
1.4249361222391728,1.740455217455366,-1.763493360836756,-2.4868072348478694,-1.6188345554315997,1.8214700344361583,-2.0898811316322483
1.4249361874341506,1.7404555459310946,-1.7634934374972469,-2.486807354442302,-1.6188346262335744,1.8214701143673087,-2.0898812228664014
1.4249362461096307,1.7404558415592504,-1.7634935064916886,-2.4868074620772913,-1.6188346899553516,1.8214701863053442,-2.089881304977139
1.4249362989175627,1.7404561076245904,-1.7634935685866862,-2.4868075589487817,-1.6188347473049511,1.8214702510495762,-2.089881378876803
1.4249363464447016,1.7404563470833965,-1.763493624472184,-2.4868076461331228,-1.6188347989195906,1.8214703093193851,-2.0898814453865007
1.4249363892191265,1.740456562596322,-1.7634936747691319,-2.48680772459903,-1.6188348453727661,1.8214703617622132,-2.0898815052452284
1.424936427716109,1.740456756557955,-1.7634937200363852,-2.486807795218346,-1.618834887180624,1.8214704089607587,-2.0898815591180835
1.424936462363393,1.7404569311234246,-1.763493760776913,-2.4868078587757307,-1.618834924807696,1.8214704514394497,-2.0898816076036533
1.424936493545949,1.7404570882323473,-1.7634937974433882,-2.4868079159773773,-1.618834958672061,1.8214704896702718,-2.089881651240666
1.4249365216102492,1.7404572296303777,-1.7634938304432157,-2.486807967458859,-1.6188349891499894,1.8214705240780116,-2.089881690513977
1.4249365468681194,1.740457356888605,-1.7634938601430605,-2.4868080137921926,-1.6188350165801249,1.8214705550449775,-2.0898817258599576
1.4249365696002025,1.7404574714210097,-1.7634938868729209,-2.486808055492193,-1.6188350412672468,1.8214705829152469,-2.08988175767134
1.3935848287134684,1.7357104889184078,-1.7601162126103331,-2.4405967740136947,-1.6098353108751273,1.8159775787320045,-2.105350825388065
1.3967173978912015,1.736184542147051,-1.7604544725895128,-2.443429012651529,-1.6107153535879755,1.8166026623364366,-2.1038864077477353
1.398892550643929,1.736493724575086,-1.7606522483974099,-2.4468728135803195,-1.6112904484719826,1.8169756819874878,-2.1027457780886403
1.4002039996491908,1.7366551088033682,-1.7607260732767909,-2.4490757289589076,-1.6115737959246481,1.8171977993893536,-2.1019817924807085
1.4007383773096829,1.7366847966605248,-1.760690608884613,-2.4501591223197416,-1.6115975812969143,1.8172843903864742,-2.101558979026663
1.4005694508227202,1.7365948185982845,-1.760556637124313,-2.4502363100129885,-1.6113696642909134,1.8172835750334104,-2.10147102846545
1.3997690939809262,1.7363976014056122,-1.76033571072522,-2.44940792573765,-1.6108968939369708,1.8171622678092256,-2.1016223019026032
1.3983996245923307,1.7361056251092681,-1.760043746492386,-2.4477600776422466,-1.6101929920803042,1.8169142067395814,-2.1020060452326015
1.396518233880658,1.7357295325850888,-1.7596897645484677,-2.445372022265073,-1.6092860081783844,1.8165576549722056,-2.1026122376205025
1.3941766887639766,1.7352788024320152,-1.7592810091021511,-2.442315136094068,-1.6082019403100336,1.8161046675372543,-2.103415966249511
1.3914213203482015,1.7347619615998096,-1.7588244798354322,-2.4386535242408485,-1.606962716590772,1.8155654576731843,-2.1043967611948733
1.3882939990003955,1.7341863681677148,-1.758325282018286,-2.434445372938671,-1.6055867242852846,1.8149466983811673,-2.1055252089551635
1.3848307434190053,1.7335589953675636,-1.757789868989298,-2.4297428066212836,-1.6040915650025607,1.8142847794515047,-2.1068160736902835
1.3810595773143204,1.73288576046225,-1.757226105185015,-2.4245940625840685,-1.6024865419691425,1.8136759607892268,-2.108354273326588
1.3770153902389326,1.7321722453071056,-1.756637512422878,-2.419039109710535,-1.6007855740865946,1.8130310789269661,-2.110042257960437
1.3727381031091137,1.7314238696193192,-1.7560223258102308,-2.413110712849106,-1.5990106118153324,1.8121211793709098,-2.1115811540773994
1.3682393666942079,1.7306410852260674,-1.7553810204880225,-2.406853391127045,-1.5971369395287318,1.8111553754983472,-2.1131476579559414
1.3635461746034816,1.729833498115078,-1.7547178107715744,-2.400289760190148,-1.5952353930220886,1.8101877206509183,-2.114758820011342
1.3586726406950937,1.7290005006570586,-1.75403716876239,-2.3934533816123316,-1.5932696078904558,1.8092194373044703,-2.116424269770943
1.3536399055429276,1.7281483332954166,-1.753350041652753,-2.3863626150627693,-1.5912611601590076,1.8081887457047598,-2.1181342292602556
1.3484608310815158,1.7272766332227865,-1.752650165004735,-2.3790450278053004,-1.5892071924989135,1.8071555119478626,-2.119892262205957
1.3431497722113026,1.7263884534012466,-1.7519415662314155,-2.3715194040394905,-1.5871158658029485,1.8061215462326576,-2.121707688849968
1.3377172584336725,1.725487417781003,-1.7512328726814026,-2.3638015329936244,-1.5849917498815902,1.8051155376161856,-2.123639260560573
1.3321738708552515,1.7245742958922072,-1.7505214500266293,-2.35590917510831,-1.5828463491007017,1.8041785901477174,-2.125712746654748
1.3265313177391358,1.7236525399903617,-1.7498167197381314,-2.34785318842991,-1.5806737770033272,1.8032393727761395,-2.1278796269405595
1.3207948665095561,1.7227163380351307,-1.7490955024614487,-2.339660363754705,-1.5784660892704052,1.8024765512228762,-2.1302503150232086
1.3149785564646945,1.7217741830152218,-1.7483705914767556,-2.3313287140466707,-1.5762794087907446,1.8017799082738204,-2.1327795058119348
1.3091029171930968,1.7208289744084937,-1.7476315429530114,-2.322859014452678,-1.5741924707930584,1.8009426187366253,-2.135271756647815
1.3031405767971007,1.7198742110205036,-1.7469201218708204,-2.314292078583667,-1.57191503186556,1.8003295608691496,-2.1381651708676435
1.2971259565401776,1.7189168956782999,-1.7462074828142267,-2.305610919031877,-1.5696654041448932,1.7995543814311514,-2.1409206260083575
1.2910602423060413,1.7179599720171685,-1.7455003309779422,-2.2968191965651705,-1.5674569188223237,1.7987409808651835,-2.1437449901054433
1.2849900175835438,1.7170137819499875,-1.7447523107013212,-2.287896440534633,-1.5656108402818325,1.7975791955327471,-2.1462533184809733
1.2789078968103136,1.7160785393991966,-1.7440134544051353,-2.2788852013154943,-1.563792573979756,1.7962698717571466,-2.1486044530033723
1.2728079049228112,1.715161559392033,-1.7433039540892292,-2.2697571049350707,-1.5621758904881526,1.7947950340328491,-2.151166191297011
1.2666676921026927,1.7142544290623318,-1.7426298619739833,-2.2605256712508432,-1.5606740953436262,1.7932770672312,-2.1538843591920567
1.2604866037335714,1.7133527205977677,-1.7419794743696788,-2.251205903412952,-1.5592409874709872,1.7918171362860864,-2.1568314792503602
1.2542657728075666,1.7124535136120385,-1.7413455580809374,-2.2418082524210616,-1.5578409124069093,1.7904441609588728,-2.1599832693009295
1.2480067325862978,1.7115555836225007,-1.7407143311843294,-2.2323360232544913,-1.556518106636078,1.7892313221533591,-2.1633842728342647
1.241668799077753,1.710658143259662,-1.740134863798536,-2.222787214131502,-1.5551751287991569,1.7885151881385046,-2.167159439491974
1.235295857987272,1.7097573587046633,-1.7395674915304546,-2.213194158003094,-1.5536794017783833,1.7878585325721683,-2.170768912094601
1.2289349144712935,1.7088680653492325,-1.7389893302619996,-2.203527004683207,-1.552355182727921,1.786895269636877,-2.1745029019167927
1.2225449875875753,1.7079773334807213,-1.7384166263840384,-2.1938008628103036,-1.5510156905782988,1.7859016403000796,-2.178182336791252
1.2161275796864626,1.707086727237708,-1.7378518835371044,-2.184016932614836,-1.549672494764442,1.7849185023773342,-2.1819076666913118
1.2096839510657993,1.7061994203401716,-1.7373056508163256,-2.1741716466957994,-1.5483442849242557,1.7839617592656878,-2.1857783735335223
1.203214877143397,1.7053133819285788,-1.7367730005120603,-2.164269141431132,-1.5470071092307396,1.782989475387389,-2.1896680005741067
1.1967188103530895,1.7044251238717159,-1.7362419638350377,-2.154314051849882,-1.5456466328269962,1.7820091350428306,-2.1934975112602815
1.1902016973483671,1.7035391389050039,-1.7357191904144238,-2.144303114629576,-1.5442988593124363,1.7810236034343148,-2.1973674885730357
1.1836563380681773,1.7026504723051104,-1.7352012556998109,-2.13424209638798,-1.5429098988177399,1.780031746502678,-2.2011463585523146
1.1770935569538963,1.7017680006487166,-1.7347012082909272,-2.1241219526708632,-1.5415580059561842,1.7790426055768274,-2.205095373401946
1.170506472027046,1.7008809242447263,-1.734192598455914,-2.1139530757920695,-1.5401804282921088,1.7780041727701075,-2.2088732817545647
1.164579004207173,1.7000864798729176,-1.7337491460161336,-2.1047980347790403,-1.5389428845436404,1.777116619786059,-2.212337528709041
1.1592503370650793,1.6993714159091469,-1.73333955204794,-2.0965562692847195,-1.5378681017547704,1.7762475857169935,-2.2154605473597435
1.154452144997116,1.6987262309151747,-1.7329674234618428,-2.0891396457358344,-1.5368912767836245,1.7754764502026217,-2.2182088500590136
1.1501338921189408,1.6981460904367018,-1.7326344388282935,-2.082463691151375,-1.5360142721866596,1.7747809542927013,-2.220675021554802
1.1462484213666617,1.697624944741608,-1.7323375535817842,-2.076454298167388,-1.5352287135407194,1.7741516549451586,-2.222899184623944
1.1427550632534234,1.6971581138959677,-1.7320723704396324,-2.071042033008015,-1.5345530899484825,1.7735494843183643,-2.224991989457927
1.1396133696044648,1.6967397305666208,-1.7318383980052208,-2.0661674429452574,-1.5339693350511623,1.7729195255471288,-2.226952881968393
1.1367879489929433,1.6963635844064264,-1.7316277882562552,-2.061779499390423,-1.5334544433048873,1.7723085251818578,-2.228744866231559
1.1342472793631275,1.6960253236427227,-1.7314372889004954,-2.0578298354279916,-1.5330014999834216,1.771711296347225,-2.2303926747162777
1.131964467527003,1.6957215559220078,-1.7312652744073744,-2.0542765941005725,-1.532585123773076,1.7711942207594116,-2.2318106506780713
1.1299099368785928,1.6954481649739042,-1.7311104613591295,-2.0510786769058953,-1.5322103851909468,1.770728852715462,-2.233086829036388
1.1280608592984405,1.6952021131210577,-1.7309711296119252,-2.0482005514306856,-1.531873120472994,1.7703100214636813,-2.234235389552812
1.1263966894795543,1.6949806664539198,-1.7308457310358072,-2.045610238502997,-1.5315695822325017,1.7699330733255296,-2.2352690940118345
1.124898936645632,1.6947813644538956,-1.7307328723138342,-2.043278956868077,-1.5312963978214096,1.7695938199903376,-2.2361994280195137
1.1235509590979955,1.694601992654249,-1.730631299460771,-2.0411808033966494,-1.5310505318564551,1.7692884919785066,-2.2370367286213106
1.122337779307833,1.694440558034918,-1.7305398838899138,-2.0392924652723643,-1.5308292524927005,1.7690136967583905,-2.2377902991581426
1.1212459174992147,1.6942952668778464,-1.7304576098732318,-2.0375929609605077,-1.5306301010697043,1.7687663810514926,-2.2384685126368318
1.1202632418738074,1.6941645048367848,-1.7303835632554982,-2.036063407079837,-1.530450864793077,1.7685437969071438,-2.239078904763511
1.119378833813117,1.6940468190001092,-1.730316921297006,-2.0346868085872334,-1.5302895521478783,1.7683434711697146,-2.239628257673689
1.118582866560505,1.6939409017473595,-1.7302569435320136,-2.03344786994389,-1.5301443707706746,1.7681631779991087,-2.240122675289311
1.1178664960350055,1.6938455762201219,-1.7302029635413478,-2.032332825164881,-1.5300137075343896,1.7680009141392066,-2.2405676511401147
1.1172217625637568,1.693759783245826,-1.7301543815477445,-2.031329284863773,-1.5298961106246702,1.767854876659467,-2.2409681294028463
1.1166415024411929,1.693682569569159,-1.7301106577516576,-2.0304260985927756,-1.5297902734086144,1.767723442922369,-2.241328559836563
1.1161192683323127,1.6936130772603413,-1.7300713063334867,-2.029613230948878,-1.5296950199166264,1.7676051525541092,-2.2416529472244
1.1156492576356247,1.6935505341825716,-1.7300358900555821,-2.02888165006937,-1.5296092917760855,1.7674986912182322,-2.2419448958711623
1.1152262480097954,1.6934942454127306,-1.7300040154040497,-2.028223227277813,-1.529532136451649,1.7674028760118952,-2.242207649651159
1.114845539347633,1.6934435855200118,-1.7299753282163755,-2.0276306467654117,-1.5294626966615232,1.7673166423225093,-2.2424441280512535
1.1145029015526733,1.6933979916166906,-1.729949509746288,-2.0270973243042505,-1.5294002008521084,1.7672390319987152,-2.2426569586096075
1.114194527538106,1.6933569571038154,-1.7299262731221345,-2.0266173340892055,-1.5293439546251781,1.767169182704262,-2.2428485061105534
1.1139169909258095,1.6933200260423311,-1.7299053601594185,-2.026185342895665,-1.5292933330223417,1.7671063183364975,-2.2430208988599767
1.1136672079754812,1.6932867880870892,-1.729886538492086,-2.0257965508214784,-1.5292477735810592,1.767049740403011,-2.2431760523331623
1.113442403320855,1.6932568739274565,-1.7298695989906805,-2.0254466379547105,-1.5292067700850562,1.76699882026061,-2.2433156904578557
1.1132400791322978,1.693229951183864,-1.7298543534386845,-2.025131716374619,-1.5291698669396963,1.7669529921304006,-2.243441364769017
1.1130579873631452,1.6932057207147004,-1.7298406324412257,-2.0248482869525373,-1.529136654109816,1.7669117468113589,-2.2435544716480997
1.1128941047714045,1.6931839132925162,-1.7298282835429126,-2.0245932004726637,-1.529106762563777,1.7668746260225456,-2.243656267838404
1.112746610439287,1.693164286612607,-1.729817169533888,-2.0243636226407773,-1.529079860173114,1.7668412173110992,-2.243747884408891
1.112613865540787,1.6931466226007403,-1.7298071669252746,-2.0241570025920796,-1.5290556480222144,1.7668111494694292,-2.243830339321618
1.1124943951325035,1.6931307249901069,-1.7297981645770786,-2.0239710445482517,-1.5290338570870345,1.7667840884106907,-2.24390454874243
1.1123868717653795,1.6931164171405786,-1.729790062463301,-2.0238036823088064,-1.5290142452459416,1.7667597334567107,-2.2439713372205805
1.1122901007352668,1.693103540076041,-1.7297827705605386,-2.0236530562933055,-1.5289965945894715,1.7667378139971222,-2.2440314468503924
1.112203006808435,1.6930919507179913,-1.7297762078477255,-2.023517492879355,-1.5289807089991116,1.7667180864825842,-2.2440855455167505
1.1121246222745298,1.6930815202957774,-1.729770301405898,-2.0233954858067995,-1.5289664119682058,1.766700331718681,-2.2441342343160464
1.1120540761942348,1.6930721329158127,-1.7297649856079869,-2.0232856794414995,-1.5289535446407674,1.7666843524304292,-2.2441780542350283
1.1119905847221672,1.6930636842738696,-1.7297602013896265,-2.0231868537127293,-1.5289419640464128,1.7666699710703366,-2.244217492161765
1.1119334423974847,1.6930560804961432,-1.7297558955928851,-2.0230979105568365,-1.5289315415118003,1.7666570278456528,-2.2442529862955154
1.1118820143054315,1.6930492370962098,-1.7297520203756225,-2.0230178617165326,-1.5289221612309252,1.7666453789428962,-2.244284931015609
1.1118357290227288,1.6930430780362882,-1.7297485326799098,-2.0229458177602595,-1.5289137189783866,1.7666348949299275,-2.244313681263439
1.111794072268427,1.6930375348823752,-1.7297453937536094,-2.0228809781996135,-1.5289061209513264,1.7666254593178163,-2.244339556486257
1.111756581189673,1.6930325460438684,-1.7297425687197958,-2.022822622595032,-1.5288992827271743,1.7666169672665202,-2.2443628441865875
1.1117228392189007,1.693028056089226,-1.7297400261892344,-2.0227701025509086,-1.5288931283256197,1.766609324419997,-2.244383803116699
1.1116924714453011,1.6930240151300595,-1.7297377379116128,-2.022722834511198,-1.5288875893643845,1.766602445857805,-2.244402666153632
1.1116651404491475,1.6930203782668207,-1.7297356784616487,-2.022680293275458,-1.5288826042994208,1.7665962551515426,-2.2444196428867205
1.111640542552687,1.6930171050899157,-1.7297338249565866,-2.022642006163292,-1.5288781177410864,1.766590683515646,-2.2444349219463646
1.1116184044459423,1.69301415923071,-1.7297321568019457,-2.022607547762343,-1.5288740798387055,1.7665856690431043,-2.244448673099922
1.111598480149935,1.6930115079574328,-1.7297306554626923,-2.0225765352014884,-1.5288704457266706,1.7665811560176055,-2.244461049138013
1.111580548283585,1.6930091218114904,-1.7297293042572952,-2.0225486238967196,-1.5288671750259364,1.766577094294466,-2.244472187572196
1.111564409603921,1.6930069742801488,-1.7297280881723758,-2.0225235037224274,-1.528864231395363,1.7665734387434693,-2.2444822121628714
1.1115498847922693,1.693005041501947,-1.7297269936958923,-2.022500895565565,-1.528861582127926,1.766570148747418,-2.244491234294399
1.1115368124618243,1.693003302001571,-1.729726008667007,-2.0224805482243884,-1.5288591977873036,1.7665671877508327,-2.244499354212701
1.111525047364461,1.6930017364512369,-1.7297251221409646,-2.0224622356173296,-1.5288570518808073,1.766564522853781,-2.2445066621391083
1.1115144587768673,1.6930003274559406,-1.7297243242674858,-2.0224457542709766,-1.5288551205650183,1.7665621244463219,-2.2445132392728158
1.1115049290480632,1.6929990593601778,-1.7297236061813182,-2.022430921059259,-1.5288533823808599,1.7665599658795073,-2.2445191586931
1.1114963522921668,1.6929979180739947,-1.729722959903734,-2.022417571168713,-1.528851818015164,1.766558023169283,-2.244524486171308
1.1114886332118845,1.692996890916433,-1.7297223782538786,-2.0224055562672216,-1.5288504100860796,1.766556274729999,-2.244529280901652
1.1114816860396524,1.6929959664746301,-1.7297218547689819,-2.0223947428558793,-1.5288491429499413,1.7665547011345695,-2.2445335961589237
1.1114754335846633,1.69299513447701,-1.7297213836325507,-2.0223850107856713,-1.528848002527451,1.7665532848986163,-2.2445374798904334
1.1114698063751909,1.6929943856791543,-1.729720959609741,-2.022376251922484,-1.5288469761472403,1.7665520102861985,-2.2445409752487606
1.1114647418866819,1.692993711761086,-1.7297205779891927,-2.0223683689456156,-1.5288460524050782,1.7665508631349685,-2.244544121071227
1.1114601838470382,1.6929931052348266,-1.7297202345306815,-2.022361274266434,-1.5288452210371573,1.766549830698813,-2.244546952311422
1.1114560816113719,1.6929925593611947,-1.7297199254180056,-2.022354889055171,-1.5288444728060506,1.7665489015062295,-2.244549500427574
1.111452389599284,1.6929920680749275,-1.729719647216583,-2.0223491423650337,-1.5288437993980748,1.766548065232865,-2.2445517937320907
1.1114490667884154,1.6929916259172884,-1.72971939683529,-2.0223439703439103,-1.5288431933309146,1.7665473125868014,-2.244553857706137
1.1114460762586431,1.6929912279754142,-1.7297191714921145,-2.022339315524899,-1.5288426478704866,1.7665466352053123,-2.2445557152827624
1.1114433847818566,1.6929908698277287,-1.7297189686832461,-2.022335126187789,-1.5288421569561161,1.7665460255619434,-2.24455738710171
1.1114409624527564,1.6929905474948126,-1.7297187861552554,-2.0223313557843903,-1.5288417151331959,1.7665454768828857,-2.2445588917387496
1.1114387823565732,1.692990257395189,-1.7297186218800553,-2.0223279624213313,-1.5288413174925797,1.7665449830717104,-2.244560245912073
1.1114368202700147,1.6929899963055286,-1.7297184740323677,-2.022324908394578,-1.5288409596160357,1.7665445386416319,-2.244561464668053
1.1114350543921174,1.6929897613248348,-1.7297183409694419,-2.0223221597705003,-1.5288406375271557,1.7665441386545424,-2.2445625615484253
1.111433465102015,1.6929895498422112,-1.7297182212128026,-2.02231968600883,-1.5288403476471724,1.7665437786661449,-2.244563548740752
1.1114320347409274,1.6929893595078505,-1.7297181134318216,-2.022317459623327,-1.5288400867551952,1.766543454676572,-2.2445644372138376
1.1114307474159526,1.6929891882069263,-1.7297180164289339,-2.0223154558763743,-1.5288398519524227,1.7665431630859425,-2.2445652368396076
1.1114295888234789,1.6929890340360951,-1.7297179291263303,-2.022313652504117,-1.5288396406299338,1.7665429006543636,-2.244565956502794
1.111428546090256,1.6929888952823473,-1.729717850553983,-2.0223120294690853,-1.5288394504396994,1.7665426644659314,-2.244566604199656
1.1114276076303582,1.6929887704039748,-1.7297177798388668,-2.0223105687375567,-1.5288392792684935,1.7665424518963326,-2.2445671871268265
1.111426763016453,1.69298865801344,-1.729717716195259,-2.0223092540791807,-1.528839125214413,1.7665422605836847,-2.2445677117612752
1.1114260028639407,1.6929885568619587,-1.729717658916009,-2.0223080708866426,-1.5288389865657446,1.7665420884022933,-2.2445681839322753
1.1114253187266818,1.692988465825626,-1.7297176073646814,-2.0223070060133583,-1.5288388617819468,1.7665419334390338,-2.2445686088861714
1.1114247030031508,1.6929883838929267,-1.7297175609684843,-2.0223060476274024,-1.528838749476532,1.7665417939720938,-2.2445689913446745
1.1114241488519745,1.6929883101534975,-1.7297175192119048,-2.022305185080042,-1.5288386484016618,1.7665416684518418,-2.244569335557324
1.1114236501159176,1.6929882437880115,-1.729717481630981,-2.022304408787418,-1.5288385574342813,1.7665415554836097,-2.244569645348706
1.1114232012534677,1.6929881840590744,-1.729717447808148,-2.022303710124056,-1.5288384755636413,1.766541453812196,-2.244569924160947
1.1114227972772641,1.692988130303031,-1.7297174173675969,-2.0223030813270304,-1.5288384018800676,1.7665413623079194,-2.244570175091962
1.111422433698682,1.6929880819225922,-1.7297173899710994,-2.022302515409707,-1.5288383355648532,1.7665412799540665,-2.2445704009298737
1.1114221064779592,1.6929880383801974,-1.7297173653142504,-2.0223020060841166,-1.528838275881162,1.7665412058355954,-2.244570604183992
1.1114218119793096,1.6929879991920422,-1.729717343123085,-2.022301547691085,-1.5288382221658416,1.7665411391289683,-2.244570787112697
1.1114215469305257,1.6929879639227026,-1.7297173231510352,-2.0223011351373565,-1.5288381738220547,1.7665410790930012,-2.24457095174853
1.1114213083866211,1.692987932180297,-1.7297173051761896,-2.022300763839001,-1.5288381303126477,1.7665410250606282,-2.2445710999207784
1.1114210936971076,1.692987903612132,-1.7297172889988277,-2.022300429670481,-1.5288380911541826,1.76654097643149,-2.2445712332758005
1.111420900476546,1.6929878779007836,-1.729717274439201,-2.022300128918813,-1.528838055911565,1.766540932665264,-2.2445713532953193
1.1114207265780411,1.6929878547605701,-1.7297172613355365,-2.0222998582423117,-1.5288380241932102,1.7665408932756583,-2.2445714613128853
1.1114205700693873,1.692987833934378,-1.7297172495422377,-2.0222996146334604,-1.5288379956466918,1.7665408578250117,-2.244571558528694
1.1114204292115992,1.6929878151908053,-1.7297172389282685,-2.0222993953854944,-1.5288379699548258,1.7665408259194282,-2.244571646022921
1.1114203024395903,1.69298779832159,-1.7297172293756955,-2.022299198062325,-1.5288379468321471,1.7665407972044018,-2.2445717247677246
1.1114201883447827,1.692987783139296,-1.7297172207783795,-2.0222990204714724,-1.528837926021737,1.7665407713608767,-2.244571795638047
1.1114200856594563,1.6929877694752318,-1.7297172130407947,-2.022298860639705,-1.5288379072923686,1.766540748101703,-2.244571859421337
1.1114199932426627,1.6929877571775738,-1.7297172060769679,-2.0222987167911146,-1.5288378904359374,1.766540727168446,-2.244571916826297
1.1114199100675488,1.6929877461096816,-1.7297171998095235,-2.0222985873273833,-1.5288378752651497,1.7665407083285134,-2.244571968490761
1.1114198352099465,1.6929877361485788,-1.7297171941688232,-2.022298470810025,-1.5288378616114413,1.7665406913725734,-2.244572014988778
1.1114197678381046,1.6929877271835863,-1.7297171890921927,-2.0222983659444025,-1.528837849323104,1.7665406761122266,-2.244572056836993
1.111419707203447,1.692987719115093,-1.729717184523225,-2.0222982715653424,-1.5288378382636008,1.766540662377914,-2.2445720945003864
1.1114196526322555,1.692987711853449,-1.729717180411154,-2.0222981866241883,-1.528837828310048,1.7665406500170322,-2.24457212839744
1.1114196035181834,1.6929877053179696,-1.7297171767102897,-2.0222981101771493,-1.528837819351851,1.766540638892238,-2.244572158904788
1.1114195593155185,1.692987699436038,-1.7297171733795118,-2.0222980413748144,-1.5288378112894738,1.7665406288799226,-2.2445721863614008
1.1114195195331202,1.6929876941422997,-1.7297171703818115,-2.0222979794527127,-1.5288378040333346,1.7665406198688383,-2.2445722110723523
1.111419483728962,1.6929876893779352,-1.7297171676838812,-2.0222979237228214,-1.5288377975028096,1.766540611758862,-2.244572233312208
1.1114194515052196,1.6929876850900072,-1.7297171652557437,-2.022297873565919,-1.5288377916253373,1.766540604459883,-2.2445722533280783
1.1114194225038516,1.692987681230872,-1.7297171630704198,-2.022297828424707,-1.5288377863356124,1.7665405978908018,-2.2445722713423613
1.1114193964026204,1.6929876777576502,-1.7297171611036282,-2.0222977877976165,-1.52883778157486,1.7665405919786283,-2.244572287555216
1.1114193729115125,1.6929876746317507,-1.7297171593335157,-2.0222977512332347,-1.5288377772901829,1.766540586657672,-2.2445723021467847
1.1114193517695155,1.6929876718184411,-1.7297171577404142,-2.0222977183252913,-1.5288377734339738,1.7665405818688111,-2.2445723152791968
1.1114193327417181,1.6929876692864625,-1.729717156306623,-2.022297688708142,-1.5288377699633857,1.766540577558836,-2.2445723270983673
1.1114193156167005,1.6929876670076818,-1.7297171550162107,-2.022297662052708,-1.5288377668398565,1.7665405736798583,-2.2445723377356206
1.1114193002041848,1.692987664956779,-1.7297171538548397,-2.022297638062817,-1.5288377640286803,1.7665405701887782,-2.244572347309149
1.1114192863329206,1.6929876631109666,-1.7297171528096058,-2.0222976164719153,-1.5288377614986217,1.766540567046806,-2.244572355925324
1.111419273848783,1.6929876614497354,-1.7297171518688952,-2.0222975970401036,-1.5288377592215692,1.7665405642190308,-2.2445723636798816
1.111419262613059,1.6929876599546274,-1.7297171510222555,-2.022297579551473,-1.5288377571722218,1.766540561674033,-2.2445723706589833
1.1114192525009075,1.6929876586090302,-1.72971715026028,-2.022297563811706,-1.5288377553278092,1.766540559383535,-2.244572376940175
1.1114192433999712,1.6929876573979927,-1.7297171495745018,-2.022297549645915,-1.528837753667838,1.7665405573220867,-2.244572382593247
1.1114192352091286,1.692987656308059,-1.7297171489573016,-2.0222975368967036,-1.5288377521738639,1.766540555466783,-2.244572387681012
1.1114192278373702,1.6929876553271186,-1.7297171484018212,-2.022297525422413,-1.5288377508292872,1.7665405537970096,-2.2445723922600007
1.1114192212027878,1.6929876544442723,-1.729717147901889,-2.0222975150955516,-1.5288377496191683,1.7665405522942135,-2.2445723963810904
1.1114192152316635,1.6929876536497106,-1.7297171474519497,-2.0222975058013763,-1.5288377485300613,1.766540550941697,-2.244572400090071
1.1114192098576516,1.692987652934605,-1.7297171470470045,-2.0222974974366186,-1.5288377475498651,1.766540549724432,-2.244572403428154
1.111419205021041,1.6929876522910101,-1.7297171466825538,-2.0222974899083366,-1.5288377466676886,1.7665405486288934,-2.244572406432428
1.1114192006680914,1.6929876517117746,-1.7297171463545482,-2.022297483132883,-1.5288377458737297,1.7665405476429088,-2.244572409136275
1.1114191967504368,1.6929876511904627,-1.729717146059343,-2.0222974770349746,-1.5288377451591666,1.7665405467555224,-2.2445724115697367
1.1114191932245476,1.692987650721282,-1.7297171457936584,-2.022297471546857,-1.52883774451606,1.7665405459568748,-2.244572413759853
1.1114191900512476,1.6929876502990193,-1.7297171455545421,-2.0222974666075513,-1.528837743937264,1.7665405452380918,-2.244572415730957
1.1114191871952774,1.6929876499189829,-1.7297171453393376,-2.022297462162176,-1.5288377434163476,1.766540544591187,-2.244572417504951
1.1114191846249044,1.69298764957695,-1.7297171451456534,-2.022297458161338,-1.5288377429475228,1.7665405440089728,-2.2445724191015453
1.1114191823115687,1.6929876492691205,-1.7297171449713378,-2.0222974545605843,-1.5288377425255806,1.76654054348498,-2.2445724205384803
1.1114191802295665,1.6929876489920739,-1.7297171448144535,-2.022297451319906,-1.5288377421458326,1.7665405430133863,-2.244572421831722
1.1114191783557645,1.692987648742732,-1.7297171446732578,-2.0222974484032954,-1.5288377418040593,1.766540542588952,-2.244572422995639
1.1114191766693426,1.6929876485183244,-1.7297171445461816,-2.022297445778346,-1.5288377414964633,1.766540542206961,-2.244572424043165
1.111419175151563,1.6929876483163575,-1.7297171444318131,-2.022297443415891,-1.528837741219627,1.7665405418631694,-2.244572424985938
1.1114191737855614,1.6929876481345874,-1.7297171443288815,-2.022297441289682,-1.5288377409704743,1.766540541553757,-2.2445724258344333
1.11141917255616,1.6929876479709942,-1.729717144236243,-2.0222974393760937,-1.528837740746237,1.7665405412752855,-2.2445724265980793
1.1114191714496986,1.6929876478237604,-1.7297171441528683,-2.0222974376538643,-1.5288377405444233,1.7665405410246613,-2.2445724272853607
1.1114191704538834,1.69298764769125,-1.729717144077831,-2.022297436103858,-1.528837740362791,1.7665405407990995,-2.244572427903914
1.1114191695576496,1.6929876475719905,-1.7297171440102974,-2.022297434708852,-1.528837740199322,1.7665405405960939,-2.244572428460612
1.1114191687510393,1.692987647464657,-1.7297171439495171,-2.0222974334533466,-1.5288377400522,1.7665405404133887,-2.24457242896164
1.11141916802509,1.692987647368057,-1.729717143894815,-2.0222974323233918,-1.52883773991979,1.766540540248954,-2.2445724294125657
1.1114191673717357,1.6929876472811167,-1.729717143845583,-2.0222974313064324,-1.5288377398006212,1.7665405401009628,-2.2445724298183984
1.1114191667837168,1.6929876472028706,-1.7297171438012742,-2.022297430391169,-1.5288377396933692,1.766540539967771,-2.244572430183648
1.1114191662544999,1.6929876471324492,-1.7297171437613963,-2.022297429567432,-1.5288377395968424,1.7665405398478982,-2.2445724305123727
1.1114191657782047,1.69298764706907,-1.7297171437255061,-2.0222974288260684,-1.5288377395099684,1.7665405397400127,-2.244572430808225
1.1114191653495389,1.6929876470120284,-1.729717143693205,-2.0222974281588417,-1.5288377394317816,1.7665405396429157,-2.244572431074492
1.1114191649637397,1.692987646960691,-1.729717143664134,-2.0222974275583376,-1.5288377393614137,1.7665405395555285,-2.244572431314132
1.1114191646165203,1.6929876469144876,-1.7297171436379701,-2.0222974270178837,-1.5288377392980825,1.7665405394768798,-2.2445724315298086
1.111419164304023,1.6929876468729044,-1.7297171436144227,-2.0222974265314755,-1.5288377392410843,1.766540539406096,-2.2445724317239173
1.1114191640227753,1.6929876468354794,-1.72971714359323,-2.022297426093708,-1.528837739189786,1.7665405393423907,-2.244572431898615
1.1114191637696524,1.692987646801797,-1.7297171435741565,-2.0222974256997173,-1.5288377391436176,1.766540539285056,-2.244572432055843
1.111419163541842,1.6929876467714828,-1.7297171435569905,-2.0222974253451254,-1.528837739102066,1.7665405392334546,-2.244572432197348
1.1114191633368125,1.6929876467442,-1.7297171435415408,-2.0222974250259926,-1.5288377390646695,1.7665405391870133,-2.2445724323247025
1.1114191631522858,1.6929876467196456,-1.7297171435276362,-2.0222974247387735,-1.5288377390310126,1.7665405391452162,-2.2445724324393215
1.111419162986212,1.6929876466975466,-1.729717143515122,-2.0222974244802763,-1.5288377390007215,1.7665405391075988,-2.2445724325424785
1.1114191628367456,1.6929876466776574,-1.7297171435038592,-2.0222974242476286,-1.5288377389734595,1.7665405390737432,-2.2445724326353202
1.1114191627022256,1.6929876466597573,-1.7297171434937229,-2.022297424038246,-1.5288377389489238,1.7665405390432731,-2.2445724327188774
1.1114191625811578,1.692987646643647,-1.7297171434846002,-2.022297423849801,-1.5288377389268415,1.76654053901585,-2.244572432794079
1.1114191624721967,1.692987646629148,-1.7297171434763896,-2.0222974236802007,-1.5288377389069674,1.7665405389911693,-2.2445724328617604
1.1114191623741319,1.6929876466160987,-1.7297171434690002,-2.0222974235275606,-1.5288377388890808,1.7665405389689566,-2.244572432922674
1.1114191622858733,1.6929876466043543,-1.7297171434623497,-2.0222974233901843,-1.5288377388729828,1.7665405389489652,-2.244572432977496
1.1114191622064407,1.6929876465937843,-1.7297171434563643,-2.022297423266546,-1.5288377388584946,1.766540538930973,-2.2445724330268355
1.1114191621349514,1.6929876465842715,-1.7297171434509773,-2.0222974231552713,-1.5288377388454553,1.76654053891478,-2.2445724330712413
1.1114191620706109,1.6929876465757099,-1.7297171434461291,-2.0222974230551243,-1.52883773883372,1.7665405389002062,-2.2445724331112067
1.1114191620127045,1.6929876465680045,-1.7297171434417657,-2.022297422964992,-1.5288377388231582,1.7665405388870898,-2.2445724331471752
1.1114191619605889,1.6929876465610696,-1.7297171434378387,-2.022297422883873,-1.5288377388136525,1.766540538875285,-2.244572433179547
1.1114191619136846,1.6929876465548281,-1.7297171434343044,-2.0222974228108654,-1.5288377388050973,1.7665405388646607,-2.2445724332086816
1.1114191618714708,1.6929876465492109,-1.7297171434311234,-2.022297422745159,-1.5288377387973977,1.7665405388550988,-2.244572433234903
1.1114191618334786,1.6929876465441553,-1.7297171434282606,-2.022297422686023,-1.5288377387904681,1.7665405388464932,-2.2445724332585018
1.1114191617992855,1.6929876465396054,-1.729717143425684,-2.0222974226328008,-1.5288377387842316,1.766540538838748,-2.2445724332797408
1.1114191617685116,1.6929876465355105,-1.7297171434233651,-2.022297422584901,-1.5288377387786185,1.7665405388317774,-2.244572433298856
1.1114191617408151,1.692987646531825,-1.7297171434212781,-2.022297422541791,-1.5288377387735668,1.766540538825504,-2.2445724333160597
1.1114191617158884,1.692987646528508,-1.7297171434193999,-2.0222974225029917,-1.5288377387690202,1.7665405388198578,-2.2445724333315433
1.1114191616934543,1.692987646525523,-1.7297171434177094,-2.0222974224680725,-1.5288377387649283,1.7665405388147764,-2.2445724333454784
1.1114191616732636,1.6929876465228362,-1.729717143416188,-2.0222974224366452,-1.5288377387612457,1.766540538810203,-2.24457243335802
1.111419161655092,1.692987646520418,-1.7297171434148186,-2.0222974224083607,-1.5288377387579313,1.7665405388060869,-2.2445724333693073
1.1114191616387374,1.6929876465182419,-1.7297171434135863,-2.0222974223829047,-1.5288377387549483,1.7665405388023825,-2.244572433379466
1.1114191616240183,1.6929876465162832,-1.7297171434124772,-2.022297422359994,-1.5288377387522636,1.7665405387990485,-2.244572433388609
1.1114191616107711,1.6929876465145204,-1.7297171434114789,-2.0222974223393746,-1.5288377387498473,1.7665405387960478,-2.2445724333968373
1.1114191615988487,1.6929876465129339,-1.7297171434105805,-2.022297422320817,-1.5288377387476728,1.7665405387933473,-2.244572433404243
1.1114191615881186,1.6929876465115061,-1.729717143409772,-2.0222974223041152,-1.5288377387457157,1.7665405387909168,-2.244572433410908
1.1114191615784614,1.6929876465102212,-1.7297171434090444,-2.0222974222890837,-1.5288377387439542,1.7665405387887294,-2.2445724334169066
1.11141916156977,1.6929876465090645,-1.7297171434083893,-2.0222974222755554,-1.528837738742369,1.7665405387867608,-2.2445724334223054
1.1114191615619478,1.6929876465080236,-1.7297171434077998,-2.02229742226338,-1.5288377387409424,1.7665405387849888,-2.244572433427164
1.1114191615549076,1.6929876465070868,-1.7297171434072693,-2.022297422252422,-1.5288377387396583,1.7665405387833941,-2.244572433431537
1.1114191615485716,1.6929876465062437,-1.729717143406792,-2.0222974222425596,-1.5288377387385026,1.7665405387819588,-2.2445724334354726
1.111419161542869,1.692987646505485,-1.7297171434063623,-2.0222974222336836,-1.5288377387374625,1.7665405387806672,-2.2445724334390147
1.111419161537737,1.692987646504802,-1.7297171434059755,-2.0222974222256953,-1.5288377387365264,1.7665405387795048,-2.244572433442203
