0.0,0.0,0.0,0.0,0.0,0.0,0.0
0.27177015350766726,-0.03567028762936593,-0.2458472433510739,-0.08948810029928136,-0.262186324825893,0.04806428716786331,-0.28971708921141276
0.5163634712882317,-0.09066294035206676,-0.4671284221219457,-0.24756444179214016,-0.4981540171691966,0.09132167436086003,-0.5504586033705878
0.7364982574158421,-0.15204498659129861,-0.6663247683689422,-0.4293478949972876,-0.7105249402781699,0.13025265493247823,-0.7851093787619006
0.9346189490234466,-0.21763618071157337,-0.8456145047076202,-0.617182890327888,-0.9016587710762458,0.16529020028500088,-0.9962871150368664
1.1129274982924038,-0.28875129704821223,-1.0069761430365793,-0.8050625868542193,-1.0736792187945143,0.19682395352978466,-1.186346488039426
1.27340455436012,-0.366833762052289,-1.1522024122453756,-0.9899497444932565,-1.2284983714230835,0.22520441179675224,-1.3573992288733012
1.4178343137303528,-0.4527915340540546,-1.2829067339661997,-1.1700235835967132,-1.367834859106668,0.25074683981115037,-1.5113457341845318
1.542408415825192,-0.5445359057200257,-1.4005399440820339,-1.3478331880509757,-1.4932376980218942,0.27373494981163393,-1.6498984737315092
1.6541607265508644,-0.642188150196403,-1.5064098331862847,-1.5141896741979424,-1.606100253040365,0.294424248812014,-1.7745959393178619
1.7602992748355482,-0.7415434934087283,-1.6103000888764496,-1.6639105117346686,-1.7076765525622215,0.31304461791241117,-1.8868236583515061
1.8560396673850568,-0.8396403786844407,-1.7092675768832417,-1.7986592345014452,-1.799095214922917,0.32980293120885,-1.987828566041771
1.9422060206796146,-0.9356364325838342,-1.8006974532453448,-1.9199331147582874,-1.881372017826737,0.3448854313705556,-2.0787330203577064
2.0197557386447165,-1.0297267890212465,-1.881084962329933,-2.0290796082032894,-1.9554211408550008,0.35845968219715013,-2.1605470312127113
2.089550484813308,-1.1218639624230229,-1.94738418632137,-2.127311452337947,-2.0220653515946942,0.3706765079583422,-2.234179641052873
2.152365571674155,-1.2106799281921838,-1.9985702428453995,-2.215720109719729,-2.082045141261118,0.38167165856655394,-2.3004488500088516
2.2088995077153792,-1.289537121573089,-2.0446365599462473,-2.295287862004856,-2.136026951960899,0.39156729726840195,-2.3600911006835386
2.259780072470581,-1.3565263158414846,-2.0860962172657,-2.3668987684918186,-2.1846105815907024,0.40047339665126663,-2.4137686458809817
2.3055732095790464,-1.3147247916094567,-2.123393247915232,-2.4313362503057254,-2.2283592100707237,0.39921526872755675,-2.46179312692145
2.34678631869063,-1.2549343120826124,-2.1569774161865913,-2.4893422853871816,-2.2677096138895445,0.40735658069995057,-2.5053001686433123
2.383878071281982,-1.1763129480924859,-2.187203254933324,-2.541547758801746,-2.3031249773264832,0.4146837481807566,-2.544456767381276
2.4172609451270755,-1.0772614988400901,-2.2144068129524457,-2.5885327682905372,-2.3349995491092375,0.42127817409236645,-2.579698545610273
2.447305246799574,-0.9562890137839544,-2.2388893476452956,-2.63081914377317,-2.3636859190242068,0.4272131968984576,-2.6114149362755974
2.4743443250198096,-0.8234586930394963,-2.2609242963932203,-2.6688770054544757,-2.389502755546451,0.4325544091766575,-2.639960667791094
2.498680156795187,-0.703910861653651,-2.280756908990591,-2.703129227188871,-2.4127388048176988,0.437361726469449,-2.6656527552605755
2.520582409036324,-0.5963177947654951,-2.298606609903826,-2.733956228500227,-2.433651249161822,0.44168831119639956,-2.6887756558711993
2.5402943877750945,-0.49948369624687605,-2.314673841756144,-2.7617006586180985,-2.4524724490715326,0.4455821970695769,-2.7095872173840605
2.5580351365671943,-0.41233268879644125,-2.3291376724997415,-2.7866707549669356,-2.4694115289902725,0.449086659292576,-2.7283184418653352
2.5740018336520865,-0.33389681853708225,-2.3421563193695607,-2.8091438145056995,-2.4846567009171383,0.45224068278890767,-2.745176359455456
2.58837194493459,-0.2633051869332349,-2.3538674599170757,-2.8293693279723446,-2.4983773556513174,0.455079379768148,-2.7603467075405543
2.601305145125994,-0.19977390164622913,-2.3643914800255166,-2.847571864123403,-2.5107259449120787,0.4576343435173763,-2.7739968320150172
2.6129450792513276,-0.14259703072879298,-2.373837512059562,-2.8639536399380616,-2.521839675246764,0.45993397311360323,-2.786278124620806
2.6234209964275332,-0.09113872245895796,-2.382309584388237,-2.8786967649112234,-2.5318420325479805,0.46200378845561046,-2.7973277018044835
2.6328492407486976,-0.04482641187717963,-2.3899098052299017,-2.8919652184035636,-2.5408441541190756,0.4638667302205584,-2.807269586606487
2.641334573315134,-0.0031448423056946867,-2.39673708331391,-2.9039066244234433,-2.548946063533061,0.4655434331815379,-2.8162157281962554
2.6489713228282654,0.034369407352783585,-2.402882599312949,-2.914653854526422,-2.5562377820056477,0.4670524692189791,-2.82426696079899
2.6558443961988236,0.06813307145590322,-2.408425414684632,-2.9243264716479564,-2.562800328630976,0.46841056276977144,-2.8315138776326547
2.6620301933749233,0.0985210044959694,-2.4134311525657934,-2.933032035594598,-2.568706620593771,0.46963278116636054,-2.8380376626180563
2.6675974514195806,0.1258705331607608,-2.4179539423647602,-2.9408672954520108,-2.574022283360287,0.4707327009914943,-2.843910969158812
2.672608018494303,0.1504853031093971,-2.42203968135573,-2.9479192811784727,-2.5788063798501515,0.4717225534164568,-2.849198850002432
2.677117552553096,0.17263866804577643,-2.4257287811026216,-2.9542662937797397,-2.5831120666910294,0.472613353463164,-2.8539596538714425
2.6811761463654977,0.19257670400573018,-2.4290578078467506,-2.959978793951295,-2.5869871848478194,0.47341501728484275,-2.8582458147790732
2.6848288862135505,0.21052091554571245,-2.4320602682431702,-2.965120195815756,-2.5904747911889303,0.47413646943003473,-2.8621045174599615
2.688116352623316,0.22667067621055778,-2.434766950189432,-2.9697475762142247,-2.59361363689593,0.4747857407600173,-2.8655782580624978
2.691075070274848,0.24120543134256572,-2.4372060920210026,-2.973912309972751,-2.59643859803223,0.47537005740723065,-2.86870532525208
2.693737912840505,0.2542866853290707,-2.4394035088810986,-2.9776606400638492,-2.5989810630549,0.4758959212637772,-2.8715202210860444
2.696134467493415,0.2660597929839256,-2.4413827223752613,-2.9810341900798187,-2.6012692815753033,0.4763691826053802,-2.8740540345525307
2.698291363153976,0.27665557333889007,-2.4431651032129316,-2.9840704252667556,-2.603328678243666,0.47679510550793225,-2.876334776180968
2.700232566065778,0.28619176282424497,-2.444770023638825,-2.9868030674912247,-2.6051821352451925,0.47717842671447547,-2.8783876793847916
2.701979645920914,0.29477432347850446,-2.4462150135153697,-2.9892624688364626,-2.6068502465465664,0.4775234085816585,-2.8802354725780512
2.703552015440382,0.30249862047293813,-2.4475159145530485,-2.991475947985394,-2.608351546717803,0.4778338866910958,-2.881898625163953
2.7049671460363442,0.3094504819209815,-2.4486870287370097,-2.993468093100517,-2.6097027168719156,0.47811331266156026,-2.8833955699364893
2.7062407644058326,0.31570715759886636,-2.4497410335423138,-2.995261021702253,-2.610918770010617,0.4783647967334748,-2.8847428043040484
2.7073870220800136,0.321338166697818,-2.450689608475735,-2.996874653760186,-2.612013217835448,0.47859113363192374,-2.8859552862288442
2.7084196978469,0.3264060432824024,-2.4515445311406157,-2.998327055711674,-2.612998886423063,0.47879487494829004,-2.887047450844442
2.709348062005071,0.3309671614698245,-2.45231288337751,-2.9996340886400166,-2.6138853226066496,0.47897820275956515,-2.8880295008044716
2.7101835916117136,0.33507217016153756,-2.453004305115044,-3.000810410876567,-2.6146831151718777,0.4791432002112127,-2.88891328783793
2.7109366293421777,0.33876664673836054,-2.4536277581159935,-3.0018692405445084,-2.6154018503616236,0.4792917354894179,-2.8897096804032576
2.7116133030563616,0.3420917067194792,-2.4541877119478697,-3.002822046189229,-2.6160479901513543,0.47942538020202435,-2.890425438080471
2.7122233764089847,0.34508422990119325,-2.454692824265537,-3.0036797139531597,-2.616630266504507,0.47954569752779436,-2.8910706295386364
2.7127713769263737,0.34777753261250166,-2.4551462332586884,-3.0044514674962333,-2.6171535646799495,0.47965394764515595,-2.891650254745857
2.713264576227825,0.35020150276774076,-2.4555544031130263,-3.005146051615148,-2.6176245330378474,0.4797513708610599,-2.8921719635754686
2.7137094881464496,0.352383046866668,-2.455922846314178,-3.005771318092662,-2.6180491595501207,0.4798390867252048,-2.8926425022214017
2.714108878621638,0.3543464680056638,-2.456253254161808,-3.0063339086027536,-2.618430568421002,0.4799179988577699,-2.893064919221674
2.7144683291066594,0.356113545287586,-2.4565506978236056,-3.006840244686853,-2.6187738364047948,0.47998901829823126,-2.893445130538258
2.714791833668139,0.35770391327397166,-2.4568184657156773,-3.0072959513776665,-2.6190827775902084,0.48005293444436026,-2.8937873535615783
2.715084003914794,0.3591352167858897,-2.4570605026565637,-3.0077062281437077,-2.6193615948237357,0.4801104925500514,-2.894096359000342
2.71534594422626,0.3604234214447315,-2.457277126594764,-3.0080753237829363,-2.6196117601672553,0.48016226544065843,-2.8943733596389474
2.715581689823527,0.36158280443866675,-2.457472140282659,-3.0084075131064094,-2.619836908976423,0.4802088600004856,-2.894622685525768
2.7157938601963143,0.3626262480050895,-2.4576477015428946,-3.0087064866015485,-2.6200395429046734,0.4802507941068642,-2.8948471030236234
2.715984812941988,0.3635653462258568,-2.45780574951778,-3.0089755654831007,-2.620221913440099,0.48028853392280524,-2.8950491001051613
2.716156669889774,0.36441053375630256,-2.457948030255418,-3.0092177388898533,-2.620386046921982,0.48032249898060286,-2.895230916299429
2.716312364976246,0.3651711756028119,-2.4580771107423307,-3.0094358386209445,-2.6205345684267574,0.4803531005785302,-2.8953955802327265
2.7164514710405263,0.36585578548817976,-2.45819202778465,-3.0096319674446383,-2.6206674364099745,0.4803806146266973,-2.895542613189137
2.716576666119711,0.366471933740095,-2.4582954809542765,-3.0098084851539517,-2.62078701759487,0.4804053767020585,-2.8956749566329525
2.7166893412752966,0.3670264664954752,-2.4583886177456615,-3.009967352981292,-2.620894640661276,0.48042766196112024,-2.8957940804690425
2.716790748542989,0.3675255453782332,-2.4584724665788293,-3.010110335711571,-2.620991501421041,0.48044771815079984,-2.895901305073514
2.716882014751296,0.36797471584239516,-2.458547953360661,-3.0102390216701074,-2.62107867610483,0.4804657682373203,-2.895997818931799
2.7169641540414537,0.3683789687885519,-2.4586159117577084,-3.0103548403711153,-2.62115713332024,0.4804820128834235,-2.896084691847703
2.717038079136662,0.36874279602025295,-2.4586770923737857,-3.0104590783961567,-2.621227744814109,0.48049663267956405,-2.896162886790872
2.717104611484353,0.3690702401546274,-2.4587321710158823,-3.010552893685047,-2.6212912951585907,0.4805097901518889,-2.8962332705618654
2.71716449038417,0.3693649395418078,-2.4587817561395378,-3.0106373283980012,-2.6213484904686246,0.4805216315693149,-2.896296623393272
2.7172183812030997,0.3696301686922983,-2.4588263955547136,-3.0107133204918455,-2.621399966247655,0.4805322885698103,-2.8963536475928957
2.717266882769043,0.36986887466151097,-2.4588665824652844,-3.0107817141388424,-2.6214462944487824,0.48054187962397316,-2.8964049753244496
2.717310534024997,0.3700837097957696,-2.4589027609080976,-3.0108432691038347,-2.6214879898297974,0.4805505113521883,-2.8964511756117397
2.717349820017778,0.3702770612036454,-2.458935330651089,-3.0108986691838444,-2.6215255156727104,0.4805582797100145,-2.896492760643757
2.717385177287852,0.3704510772801023,-2.458964651604091,-3.0109485298038585,-2.621559288931332,0.48056527105498664,-2.896530191450393
2.7174169987201506,0.3706076915781796,-2.458991047790679,-3.010993404853161,-2.621589684864092,0.48057156310669746,-2.896563883011555
2.717445637909788,0.3707486442934648,-2.4590148109246432,-3.011033792838137,-2.6216170412035757,0.4805772258108373,-2.896594208856208
2.7174714130911855,0.3708755016000841,-2.459036203630356,-3.011070142419895,-2.621641661909111,0.48058232211679985,-2.896621505202235
2.7174956438063065,0.370989647075645,-2.4590564667797743,-3.011103003606779,-2.6216646546303837,0.48058694137359476,-2.896647125688791
2.7175174464985132,0.37109237802426576,-2.459074703614251,-3.011132578363632,-2.6216853446019206,0.4805910984233526,-2.896670182170399
2.717537064468627,0.37118483589651513,-2.45909111676528,-3.011159195364658,-2.621703962445744,0.48059483951516635,-2.8966909312431137
2.717554716645093,0.37126804799810925,-2.459105888601206,-3.011183150414058,-2.6217207156936184,0.4805982062707803,-2.8967096038274174
2.7175706000159727,0.371342938904398,-2.4591191832535397,-3.0112047097326484,-2.621735791091243,0.48060123614705424,-2.896726407733192
2.717584891827978,0.3714103407333791,-2.45913114844064,-3.0112241129165054,-2.621749356680235,0.48060396285273776,-2.8967415299726915
2.7175977515651732,0.3714710023914125,-2.4591419171090303,-3.011241575599724,-2.6217615636716567,0.4806064167235427,-2.8967551388420696
2.7176093227292943,0.37152559789436673,-2.4591516089105814,-3.0112572918508658,-2.6217725481318457,0.4806086250596785,-2.8967673857945555
2.7176197344415813,0.37157473385665185,-2.4591603315319777,-3.0112714363297375,-2.621782432499361,0.480610612429608,-2.8967784071261464
2.717629102884028,0.3716189562313515,-2.459168181891234,-3.011284166228465,-2.621791326949964,0.4806124009434047,-2.8967883254925733
2.717637532596155,0.37165875637634316,-2.459175247214565,-3.0112956230184387,-2.6217993306248677,0.4806140104987541,-2.896797251274438
2.7176451176417946,0.3716945765138077,-2.4591816060055627,-3.011305934022545,-2.6218065327359463,0.48061545900233715,-2.8968052838057172
2.717651942658922,0.37172681464378965,-2.4591873289174604,-3.01131521383016,-2.62181301356024,0.48061676256905983,-2.89681251247931
2.7176580838042628,0.37175582896640175,-2.4591924795381686,-3.011323565570624,-2.6218188453348414,0.4806179357013454,-2.8968190177419366
2.71766360960322,0.37178194186181074,-2.459197115096806,-3.0113310820593604,-2.6218240930621484,0.48061899145048564,-2.896824871989465
2.7176685817146207,0.37180544347222516,-2.4592012870995794,-3.0113378468293672,-2.621828815234456,0.48061994156184557,-2.896830140372629
2.7176730556188153,0.37182659492568493,-2.459205041902076,-3.011343935059551,-2.621833064485976,0.48062079660553836,-2.8968348815221083
2.717677081236817,0.3718456312374728,-2.4592084212243224,-3.0113494144102146,-2.6218368881795473,0.4806215660940239,-2.8968391482010434
2.7176807034873907,0.37186276392138523,-2.4592114626143444,-3.011354345774994,-2.621840328934582,0.48062225858793983,-2.896842987892245
2.717683962788314,0.37187818333987677,-2.459214199865364,-3.011358783957586,-2.6218434251021345,0.4806228817913426,-2.896846443326634
2.7176868955074043,0.37189206081919024,-2.459216663391282,-3.0113627782808035,-2.6218462111923895,0.4806234426374185,-2.8968495529587988
2.717689534368347,0.37190455055297456,-2.459218880564608,-3.011366373134715,-2.6218487182593306,0.4806239473656178,-2.896852351394956
2.717691908815855,0.3719157913155409,-2.459220876020601,-3.011369608469965,-2.6218509742468874,0.4806244015910709,-2.8968548697780827
2.717693061792056,0.3719259396945168,-2.4592214133923234,-3.0113723572415694,-2.6218522016480916,0.4806247866354109,-2.8968559492471164
2.717695087219161,0.3719350415353249,-2.459223155565545,-3.011374994419892,-2.621854112343506,0.4806251571350948,-2.896858109508115
2.717695922340512,0.37194326487024015,-2.459223465934918,-3.0113772046604286,-2.6218550259350484,0.48062546660437694,-2.896858865503497
2.71769766094292,0.3719506341965483,-2.4592250028538802,-3.0113793570482095,-2.6218566536541683,0.4806257690636873,-2.8968607338315473
2.7176982386787936,0.3719572982458147,-2.459225129336235,-3.011381131083049,-2.6218573131146443,0.4806260173216249,-2.896861227841
2.7176997450231677,0.3719632642370543,-2.459226499915066,-3.011382890789111,-2.621858711671681,0.4806262646739608,-2.896862859686074
2.7177001143404107,0.3719686652664647,-2.4592264773726864,-3.0113843114961094,-2.621859165330406,0.48062646335590786,-2.896863141471431
2.717701432613379,0.3719734945576537,-2.459227713147872,-3.011385753128928,-2.621860378306369,0.4806266660762834,-2.8968645817517262
2.7177016331630157,0.3719778725422103,-2.4592275698337596,-3.0113868876393814,-2.621860665301625,0.48062682460588585,-2.896864691623028
2.717702799144743,0.3719817811074553,-2.459228696362838,-3.0113880716320196,-2.6218617279894567,0.4806269911781674,-2.8968659767248606
2.717702863034294,0.371985330426675,-2.459228455173704,-3.01138897432247,-2.621861880016404,0.48062711718777634,-2.8968659473356384
2.7177039056978183,0.3719884932047934,-2.4592294931687877,-3.0113899496258703,-2.621862820997179,0.4806272544831718,-2.8968671067340126
2.7177038589264355,0.3719913713058951,-2.4592291726604953,-3.011390664541469,-2.621862863723354,0.4806273541543427,-2.896866964535565
2.7177048017327246,0.37199392999716,-2.4592301389069,-3.0113914708060268,-2.621863706142721,0.4806274677379451,-2.8968680221069265
2.7177046653532964,0.37199626441223754,-2.459229754117401,-3.0113920336234714,-2.6218636603543417,0.4806275460772128,-2.8968677885263716
2.717705527299916,0.3719983337937333,-2.4592306622181153,-3.0113927029661123,-2.621864422956215,0.4806276404562739,-2.8968687636120123
2.717705318360082,0.3720002278236584,-2.4592302253343834,-3.0113931425836276,-2.6218643054864863,0.4806277015185065,-2.8968684560065814
2.7177061148303543,0.3720019008647125,-2.459231086313399,-3.011393701019148,-2.621865003450149,0.4806277803435169,-2.8968693642740577
2.717705847134491,0.3720034381830908,-2.459230607211925,-3.0113940408443773,-2.6218648279310273,0.4806278274128135,-2.8968689967041334
2.7177065905850983,0.37200479018876875,-2.459231430003187,-3.0113945094448322,-2.6218654735490396,0.4806278936403606,-2.8968698508450665
2.717706275311344,0.37200603857113945,-2.4592309166880075,-3.011394768438032,-2.621865251020029,0.4806279293765631,-2.8968694347003865
2.717706975829117,0.3720071305384718,-2.459231708531661,-3.0113951642718426,-2.6218658542472113,0.48062798540123164,-2.8968702449957178
2.717706622029004,0.3720081448829559,-2.4592311674893486,-3.011395357790874,-2.621865593648383,0.4806280119585865,-2.89686978950264
2.7177072877817814,0.3720090262194784,-2.459231934252868,-3.011395694683507,-2.621866162546398,0.48062805971978695,-2.896870564280522
2.717706902784818,0.3720098509935007,-2.459231370740219,-3.01139583516828,-2.621865871117651,0.4806280788430513,-2.896870076912939
2.7177075403865305,0.37201056171926977,-2.4592321171786513,-3.0113961243184013,-2.6218664122150352,0.4806281199115417,-2.896870822919654
2.71770713012781,0.37201123294140126,-2.4592315354558334,-3.0113962218452777,-2.6218660958194246,0.4806281330138211,-2.8968703097318573
2.717707744934107,0.3720118054726241,-2.4592322654227043,-3.0113964723238356,-2.621866614403151,0.48062816866178243,-2.89687103243228
2.717707314219591,0.3720123523178723,-2.4592316689422042,-3.011396535054697,-2.6218662777887287,0.48062817688757276,-2.896870498328601
2.7177079105672264,0.3720128129116454,-2.459232385560438,-3.0113967542091853,-2.621866778140321,0.4806282081453638,-2.8968712021495935
2.7177074632885576,0.37201325901173826,-2.459231777120188,-3.0113967887551776,-2.6218664251521817,0.48062821242160986,-2.896870651102828
2.717708044689231,0.37201362893628465,-2.4592324829206236,-3.0113969825370854,-2.6218669107389263,0.48062824012373395,-2.896871339630403
2.717707583997681,0.37201399343289887,-2.459231864788096,-3.011396994253256,-2.621866544490927,0.4806282412011827,-2.8968707748587486
2.717708153295002,0.3720142899154586,-2.4592325618217408,-3.0113971674833055,-2.6218670181207204,0.480628266023517,-2.896871450997781
2.7177076817423242,0.3720145883133339,-2.4592319358345174,-3.0113971607072574,-2.6218666411345413,0.48062826451020996,-2.8968708751081658
2.717708241238915,0.372014825307955,-2.4592326257635198,-3.0113973172902466,-2.62186710508129,0.48062828700015775,-2.896871541211771
2.7177077608914,0.3720150701659154,-2.4592319934107936,-3.01139729553545,-2.621866719399054,0.4806282833885572,-2.8968709563159596
2.717708312451816,0.3720152589753632,-2.4592326775821682,-3.0113974386342757,-2.6218671755042235,0.4806283039894688,-2.896871614290296
2.5108765410992717,0.4121238803529941,-2.3027982233685877,-2.9706448797200724,-2.6103464955578874,0.549007360469237,-2.881623063253685
2.5245696788904026,0.4167837706475029,-2.318442284544183,-2.9731533221030073,-2.6114983934862632,0.5421694743951638,-2.8831481604104376
2.5427237731832495,0.4117396591898488,-2.3320416218715874,-2.9761527679167656,-2.613171766074749,0.5361426725618529,-2.884564478202545
2.557821788826456,0.4066559877544095,-2.3436799756383904,-2.97801922196796,-2.615235176078818,0.5308695671681029,-2.8858372491342683
2.5701498199319706,0.40154403392443433,-2.3535212027044876,-2.978863973574787,-2.6176342542671245,0.5262829790426926,-2.8869827985129866
2.5799643956627003,0.39641385548900715,-2.361709293323142,-2.9787869625391767,-2.6203206761789053,0.5223220999412398,-2.8880138368434976
2.587495390131641,0.391274446906294,-2.3683734267360617,-2.977878152493557,-2.6232514862522827,0.5189319048921494,-2.88894179882219
2.5929486628318847,0.3861338612221507,-2.3736294095299484,-2.976218527322739,-2.626388534591076,0.5160625912389546,-2.8897769785002874
2.5965084354327264,0.38099931989232205,-2.3775809592828607,-2.973880986952147,-2.6296979716392244,0.5136690728641731,-2.8905286427273804
2.598339295533746,0.3758771547369,-2.3803207062728884,-2.9709311868765655,-2.6331498248407916,0.5117103971325654,-2.8912051333926594
2.598588625412645,0.3707734971262508,-2.3819318169652783,-2.967428136680578,-2.6367174772711706,0.5101498176746756,-2.8918139595778167
2.5973880468206105,0.3656938780320785,-2.38248857854014,-2.9634249590947754,-2.6403773873006298,0.5089540297556894,-2.8923618805238194
2.5948541336283313,0.36064259858417563,-2.3820566323529127,-2.9589696296767616,-2.644108917894524,0.5080922979693433,-2.892855135806686
2.5910909336748813,0.3556239227320801,-2.3806940722586565,-2.954105232689669,-2.6478938052502103,0.5075370266074423,-2.8932990367967526
2.5861906504778105,0.35064166186040246,-2.3784524196746624,-2.9488705744162367,-2.651715984315929,0.50726313168637,-2.893698513771116
2.58023673949237,0.3457003425453955,-2.375379292138109,-2.943300397685734,-2.6555611644994928,0.5072486484540881,-2.8940581395713085
2.5733021664961635,0.3408034716808127,-2.371515158938604,-2.9374260765394933,-2.6594169096687903,0.5074731165207417,-2.8943817683972846
2.565450532756771,0.33595311313977105,-2.3668950810564287,-2.9312762374934054,-2.6632733282885446,0.5079172005395387,-2.894674004322069
2.5567364607207232,0.331152590963002,-2.361548110591963,-2.924875962992355,-2.667119440067104,0.508563974884593,-2.894936091095015
2.5472138416362307,0.3264063090260978,-2.355505620473418,-2.9182479767760547,-2.6709472271593717,0.5093993923182173,-2.8951719303164904
2.5369236113521825,0.3217153990224979,-2.3487887072848386,-2.9114131921569455,-2.6747501558122404,0.5104083374982898,-2.895384253996854
2.5259016046090603,0.3170813670632581,-2.34141519864729,-2.9043903371915247,-2.678522563218061,0.5115773288271748,-2.8955753124898984
2.514185183802798,0.31250899089094214,-2.3334071423718474,-2.8971956487386414,-2.6822581821510987,0.5128964821489548,-2.8957473224227033
2.5018017193404978,0.3079994592841677,-2.324777807693609,-2.889844488804355,-2.6859536048077435,0.5143545633426889,-2.895902902856005
2.488774422973708,0.3035552554773577,-2.315538278991507,-2.882350193903716,-2.6896044199514133,0.5159418658029747,-2.8960429428955012
2.475124238632748,0.29917877904496815,-2.3056988043418545,-2.874724891265255,-2.693207424042172,0.5176496832574591,-2.8961689992717123
2.460868964193866,0.2948724311167786,-2.2952677943451603,-2.866979483549207,-2.696759944324866,0.5194700843704025,-2.896282469792453
2.4460236351518363,0.2906386254961004,-2.284252068714084,-2.8591237704764807,-2.700259784175282,0.521395838403843,-2.896384614427922
2.4306008741381437,0.28647980294037856,-2.2726570788776166,-2.8511665578839063,-2.703705162520312,0.5234203508644538,-2.8964765658363536
2.414611226336316,0.2823984407033788,-2.2604871310497145,-2.8431157562596545,-2.7070946671069245,0.5255376038078031,-2.8965593440715347
2.3980634749938177,0.27839706070609177,-2.2477456009448007,-2.834978469364166,-2.710427212329485,0.527742101998481,-2.896633869488081
2.380964933323824,0.2744782404623232,-2.234435133455118,-2.8267610735672433,-2.713701990945534,0.5300288264185743,-2.8967009667703754
2.363321736238665,0.2706446161918551,-2.220557854425624,-2.8184692899221284,-2.7169184455485915,0.5323931892497349,-2.896761378922092
2.3451391160138586,0.26689888565445014,-2.2061155741946186,-2.810108248803469,-2.720076240490499,0.5348309937143131,-2.8968157779480825
2.326421661950566,0.26324381490945553,-2.1911099803879392,-2.801682547726462,-2.723175223544381,0.5373384004920062,-2.89686476494863
2.307173580280915,0.2596822380412625,-2.1755428401160963,-2.7931963038119942,-2.7262154038714765,0.5399118948096748,-2.8969088788817037
2.287398950890756,0.2562170481624217,-2.159416207855203,-2.784653201370458,-2.7291969499846394,0.5425482532279485,-2.8969486169683383
2.267101951721172,0.25285121246139125,-2.142732596469971,-2.7760565331120852,-2.732120127848412,0.5452445256124441,-2.896984410028812
2.246287110805059,0.24958775651683035,-2.125495191843849,-2.7674092393085536,-2.734985310189832,0.547998005817683,-2.897016646496074
2.224959529052059,0.24642975021936794,-2.10770804164995,-2.758713942136316,-2.73779298190247,0.5508062059623676,-2.8970456917695535
2.203125098842893,0.24338031863977094,-2.089376233329905,-2.74997297615661,-2.7405436787692286,0.5536668460601161,-2.897071858282263
2.1807907015632417,0.2404426149190848,-2.0705060688909094,-2.7411884161263393,-2.743238021846574,0.5565778272994324,-2.8970954422766266
2.157964424104671,0.237619828130684,-2.0511052471240854,-2.732362102394915,-2.745876654717187,0.5595372258314497,-2.8971166900231604
2.134655711456315,0.2349151492981783,-2.031183000766457,-2.7234956628949463,-2.7484602912224165,0.5625432673601467,-2.89713584143998
2.110875551388851,0.2323317689224153,-2.0107502549410494,-2.7145905339907057,-2.750989672193841,0.5655943204218479,-2.8971531079292623
2.0866366181248486,0.2298728672655158,-1.989819750285423,-2.7056479782366867,-2.7534655458933153,0.5686888869075599,-2.8971686661183367
2.061953377283583,0.22754157938197067,-1.9684061363807956,-2.6966691011298045,-2.755888702710634,0.571825583270466,-2.89718268919214
2.0368421985350227,0.22534099050165116,-1.9465260650404592,-2.6876548657577226,-2.75825993600258,0.5750031370821116,-2.8971953251662996
2.011321408739209,0.22327410999652483,-1.9241982319960864,-2.6786061059645725,-2.7605800537817866,0.5782203749972629,-2.8972067103431947
1.9854113252684422,0.2213438530877104,-1.9014433979772543,-2.669523538095798,-2.762849871453518,0.5814762152653233,-2.8972169687660463
1.9591311555553956,0.21955225881571688,-1.8782810744752705,-2.660408042454866,-2.7650704672476403,0.5847686363259686,-2.897226212732168
1.932508888522294,0.2179026371457978,-1.8547399638961586,-2.6512599164083914,-2.7672423808908655,0.5880975141026289,-2.8972345310103536
1.9055716680033898,0.21639813457009854,-1.8308480323877696,-2.6420793401483484,-2.769366303011924,0.5914629649007329,-2.897242014218757
1.878345997549835,0.215040381840127,-1.806632179852507,-2.6328669347926787,-2.771443193851284,0.5948631552164828,-2.897248743913642
1.8508633111900206,0.21383233169361796,-1.782124778117832,-2.623622648977028,-2.773473627301824,0.5982986023103026,-2.897254788480473
1.8231532435706048,0.212775352681566,-1.7573559776849643,-2.614346910229306,-2.775458542311069,0.6017677862354621,-2.897260215678454
1.7952484193168832,0.21187129234712831,-1.7323591586003655,-2.6050398191343187,-2.7773986275423597,0.6052702808960231,-2.8972650817827947
1.767224542888921,0.2112627210212103,-1.7071985022433924,-2.59568698772506,-2.779069563863107,0.6088499295164186,-2.8971085486013126
1.7392082779513134,0.2110724796354626,-1.681990795774846,-2.5862763979893697,-2.7802822072635087,0.6125459725292135,-2.8966550540229608
1.7113485666604906,0.21138497343864776,-1.6568807536945975,-2.5767997728101517,-2.780910066923698,0.6163866855496744,-2.8958141154668744
1.6837924818664642,0.2122467831268559,-1.6320165399863333,-2.56725234596295,-2.7808867988005606,0.6203894351695174,-2.8945385390727614
1.6566697455526822,0.21367317374817998,-1.6075329252183486,-2.557632215171571,-2.780194762021357,0.6245623765173749,-2.8928161751105312
1.6300858375583425,0.21565646972884933,-1.58354294128858,-2.54793956980543,-2.7788510624172793,0.628906679061246,-2.8906598660224967
1.6041209983059952,0.21817371762661744,-1.5601356755371592,-2.5381759992838484,-2.776895122556891,0.633418612050292,-2.888098494843588
1.5788323393743422,0.2211926869062797,-1.5373775034022847,-2.5283439543206114,-2.774379160792097,0.6380912263277839,-2.8851701285131726
1.554709940795087,0.22470517031575743,-1.5152696380516577,-2.518646039497457,-2.7715969340413937,0.6429104740328865,-2.882202637928727
1.5314714687812214,0.2286582000209141,-1.4938825957037905,-2.5089356881380116,-2.768438946159626,0.6480206584403853,-2.878964778805074
1.5090084436746811,0.23300495280964326,-1.4732367877716066,-2.499176067385182,-2.764906990945978,0.6533065993410342,-2.8754988018852328
1.4871813718064009,0.23769614176189083,-1.4533435655385012,-2.4893121858479694,-2.7609857533443853,0.6585769916525691,-2.871853336475183
1.4661396644751123,0.24270985202476314,-1.4341922760418333,-2.4794161801256513,-2.7568238986208327,0.6640617466704102,-2.867965611979632
1.4458285237004804,0.24801020353356754,-1.4157741060080447,-2.469465747119326,-2.7524452303088225,0.6696308164557877,-2.8638894163736675
1.4264497253104877,0.2535875132975679,-1.3980506437820557,-2.459663421279629,-2.7480119303643944,0.6754225233558544,-2.8597647260625303
1.4079663790393002,0.2594184070583058,-1.3810204415110727,-2.4499371474559553,-2.743565509413499,0.6816566677289813,-2.8555993345235504
1.3900898930499108,0.26544518559378266,-1.3646695344838167,-2.440146972610455,-2.738965388352531,0.688021627094397,-2.8514048455877226
1.372779424594142,0.2716428778129676,-1.3489765692760782,-2.4302717398898537,-2.7342424613368035,0.6944211823322795,-2.8471651837180385
1.3559782974893866,0.2779835265695978,-1.3339232271142623,-2.420297969678956,-2.7293917402324053,0.7010398943327963,-2.8427441662079573
1.3396532855908894,0.2844488782051762,-1.3194778036061183,-2.4102250154347464,-2.724458267374254,0.7076159595044048,-2.838272133055058
1.32374440235972,0.29101539508464674,-1.3056148523712745,-2.4000458790507073,-2.719466593713003,0.7141228772627523,-2.8337120363122046
1.3079042074910308,0.29760635559407944,-1.2922931868756944,-2.38969724645037,-2.714238959679137,0.7203604571945353,-2.8294469046358923
1.29270144157589,0.3043117916338404,-1.27950553081621,-2.37934887979629,-2.709166225324242,0.726962775151302,-2.8248883913091007
1.2777292692031765,0.3110479514184375,-1.267215221254991,-2.3688681072232014,-2.7039962036837295,0.7332699139974164,-2.820520984844783
1.2632436313014679,0.3178567590411861,-1.2554070649759528,-2.3583530884923727,-2.698968140245863,0.7397296089701823,-2.8159242341286026
1.249024093459199,0.3246886165318907,-1.2440528542249392,-2.3477517089458204,-2.6939451819765017,0.7460778529967548,-2.811456329710471
1.2350328539561277,0.3315298781360538,-1.2331320113159132,-2.3370650014010006,-2.68894635040182,0.7523127164701642,-2.8071002473845517
1.2212183036940458,0.33836440574876586,-1.222624809705107,-2.3262620043827944,-2.683942114512496,0.7583089846527081,-2.80287220861251
1.2075865473383365,0.3451868946201424,-1.2125047356828755,-2.315363994973525,-2.678958006524438,0.7640679776878082,-2.7987969885844066
1.1941801786252002,0.3520057484626971,-1.2027490895443178,-2.304407163892239,-2.6740625167972123,0.7695003920584611,-2.795016719849018
1.1810712004045814,0.35883147637302315,-1.1933400274937072,-2.2933966273698747,-2.669251026618617,0.7748861111957689,-2.791346530434897
1.1682370924222243,0.36565711579561666,-1.1842612916997288,-2.282315336214297,-2.664490573616257,0.7803307240758319,-2.7878617118196765
1.1556519537175596,0.37247456607991714,-1.1754905984602417,-2.271192424882517,-2.6598018946923188,0.7859006022505968,-2.7844512465710465
1.1432746570341963,0.37927518334040455,-1.1670127585053571,-2.2600108508446444,-2.6551184984498306,0.7912816884501488,-2.781072629838229
1.1311706260828165,0.3860772835214214,-1.158811534258974,-2.2487920341701546,-2.6505103446220155,0.7966636889704598,-2.777804345716813
1.1193446302680272,0.39288356433116517,-1.1508735558536585,-2.2375520966903446,-2.6460306623191574,0.8021398426166076,-2.7745645136160166
1.1077714495591493,0.3996885907898457,-1.1431847394562389,-2.2262910242155134,-2.6416626217780546,0.8077279151825434,-2.7714921801432397
1.0964247429153724,0.4064879405609252,-1.1357368910614347,-2.214988071637546,-2.637393879430831,0.8134685334749578,-2.768701107952058
1.0853205262626437,0.4132864542085414,-1.1285027334719953,-2.2036924870143144,-2.6332519410060495,0.8191713435009319,-2.765840509546418
1.0744331857008327,0.4200811607428081,-1.1214811249478696,-2.1923470027170993,-2.6291320042917468,0.8249372623564373,-2.7632717799342386
1.0637386143388963,0.4268688423221524,-1.1146696330174244,-2.180962878912015,-2.6251744982604395,0.8308849865477229,-2.7607931155968313
1.0532494480191503,0.4336534017709786,-1.1080302942330835,-2.1695566888403595,-2.6211985960091635,0.8368264880408472,-2.758531250135506
1.042842828191463,0.44039883394025964,-1.1015672519958892,-2.158013777690645,-2.6173326096148704,0.8420930479816207,-2.755421465610936
1.0325941844188211,0.4471351801244313,-1.0952830766339499,-2.146460562902238,-2.6136010666387697,0.8475797597277793,-2.7525994111613876
1.022495320355122,0.4538615565011798,-1.0891644664035582,-2.134879982570807,-2.6099729694572047,0.8532101500479525,-2.7499896968945636
1.012525773350738,0.46057414832215055,-1.0832019500225551,-2.1232742465205847,-2.6064055557721577,0.8590007977930543,-2.7476534017992558
1.002692218278458,0.467278094268389,-1.0773911094835882,-2.1116485144023773,-2.6029457377370147,0.8650956389479044,-2.745697610390598
0.9930281866411814,0.4739895600130982,-1.071740152984012,-2.100012553709838,-2.5997943773741286,0.8717137497266487,-2.7443126745420465
0.9834834231475947,0.4806917429303217,-1.06621747311717,-2.0883481159949673,-2.5967538402072665,0.8783210505139917,-2.742923930362356
0.9740511204939741,0.48738576635622677,-1.060819798403225,-2.0766309282362703,-2.593773902958098,0.8848886645621415,-2.741654980203598
0.9647217424749153,0.494070992039762,-1.0555377047521073,-2.064870815807439,-2.590868812527545,0.8914052408580155,-2.740402160233611
0.9554952739382702,0.5007510767067357,-1.0503670005752455,-2.053055168266018,-2.5880130776206305,0.897907256115665,-2.73919007297894
0.9463616739089347,0.5074248882667413,-1.0453005653726244,-2.0411918329883108,-2.58521943984694,0.904373346470537,-2.73797936755273
0.9373130368647978,0.5140926228101724,-1.0403336411309894,-2.0292740674756162,-2.5824749147859163,0.9108058139164237,-2.7367825701957758
0.9283423334664296,0.5207544325666791,-1.035461995265494,-2.0172975734131473,-2.5797679127887254,0.9172068976909693,-2.735617865423343
0.9194484681687277,0.5274134402939918,-1.0306838707803205,-2.0052582069409053,-2.5771110234897026,0.9236217687747666,-2.7345622267479137
0.9106313957525612,0.5340721301052802,-1.0259949337208922,-1.99312920919709,-2.5744068562598907,0.9300423280513024,-2.733546800140004
0.9018739352513115,0.540727231779451,-1.021386712562271,-1.9809703899141602,-2.5718601618594863,0.936458500718658,-2.732567284743414
0.8931838646444107,0.5473855056535631,-1.0168660156799154,-1.9687061548884506,-2.569291585270761,0.942904591985571,-2.7318024198984765
0.8845490420593006,0.5540440534560634,-1.0124210620930814,-1.9563771875986398,-2.5667655406476335,0.9493819938504326,-2.731045726430882
0.8759611949279911,0.5607030528849705,-1.0080503263084701,-1.9439780539966753,-2.564298060017243,0.9558731639191926,-2.730402955204132
0.8674071027465128,0.5673595786324536,-1.003747839525606,-1.931511538006433,-2.561859333394051,0.9624017952436538,-2.7298318456147697
0.8589015419956765,0.5740239539034558,-0.9995193431303349,-1.9189683711690757,-2.5595172485295437,0.9690299728260772,-2.7294350030841272
0.8504273897436029,0.5806907955043559,-0.9953557482037546,-1.906348353570626,-2.557233867506769,0.9756557931721593,-2.729145961912456
0.8419767246114719,0.5873597195431284,-0.9912554928420527,-1.8936470590544907,-2.5550064735250024,0.9822927584343429,-2.728989771600362
0.8335394304689535,0.5940289934611779,-0.9872120372708173,-1.8808721907747994,-2.552802244888794,0.9890438985404159,-2.7288731657392864
0.8251215753022048,0.6007059634341366,-0.9832202149110648,-1.8680054254298502,-2.5506548137922085,0.9955525982920325,-2.7288572159003435
0.8167068774982259,0.6073844104549619,-0.9792796840630718,-1.8550603094996194,-2.548536001605287,1.0020332967322834,-2.7288592144172816
0.8083003087409276,0.6140695546510815,-0.975390170376318,-1.8420320971641218,-2.546459118016277,1.0085392021947077,-2.7289134705775853
0.7999173110915309,0.6207718550145779,-0.9715504728956379,-1.8289178276317344,-2.5444403203496577,1.0151552915927737,-2.7289968588235824
0.7915555998241349,0.6274931972063887,-0.9677603841268512,-1.8157061527242608,-2.5424648823932565,1.021886333696206,-2.7291203357008595
0.7832154840549336,0.6342355362889457,-0.9640153807570395,-1.802377244853378,-2.5404959282241566,1.0286771761827473,-2.729196442908099
0.7748591443291437,0.6409872918976841,-0.960309703268774,-1.7889668425118639,-2.538567268393966,1.0355146810726348,-2.7293417076249735
0.7665475323675708,0.6477724148533075,-0.9566437525535337,-1.775384931229068,-2.536656172718268,1.0423203985515088,-2.729473425138981
0.7582747704198062,0.65459303573079,-0.9530212410732937,-1.761640385693716,-2.5348078440336175,1.0491463766995266,-2.7296954011036125
0.7499943870017751,0.6614361210667952,-0.9494318943843324,-1.7477870991851991,-2.5329718680655984,1.0560175719895213,-2.7299401394088623
0.7416985148841487,0.6683009219633692,-0.9458757451082027,-1.7338213356882648,-2.531189682418224,1.0628861536764167,-2.7303219815378554
0.7333819742840056,0.6751880907893575,-0.9423617022684588,-1.7197184566630532,-2.5294661656602857,1.0697278982778164,-2.730857419752693
0.7250532098270472,0.6821060222580534,-0.9388851447619525,-1.7054781885735992,-2.527748907497943,1.0765083105013031,-2.7314593989013063
0.7166731986625756,0.6890367567611848,-0.9354339895139654,-1.6911019555934201,-2.5260786864147744,1.083277204593023,-2.732229361633029
0.7082439303710494,0.6959822341874445,-0.9320161758339707,-1.6765615672807848,-2.5244160143903125,1.0899570759701949,-2.733101402586424
0.6997868741937084,0.7029622431240362,-0.9286213891096489,-1.6618825242556037,-2.5227782579316727,1.096685490635416,-2.7340519050557885
0.6913003651812766,0.7099802899167318,-0.9252481636878339,-1.6470582000094756,-2.52116358505998,1.1034648521249064,-2.7350805750417804
0.6836595276307862,0.7162949716491398,-0.9222122608082005,-1.6337159860050212,-2.519711410123439,1.1095639546737035,-2.7360083114823954
0.6767828586086514,0.7219782554096734,-0.9194799482165305,-1.621707989803006,-2.518404332323318,1.1150532444556116,-2.7368431794041164
0.6705940765666002,0.7270933533913247,-0.9170208668840274,-1.6109008027419556,-2.517227787975735,1.119993810256887,-2.7375943753577285
0.6650243726165028,0.7316970725879934,-0.9148076936847747,-1.601174342140598,-2.5161687330643137,1.12444050795225,-2.7382702814161863
0.6600118148175638,0.735840536838742,-0.9128158378054472,-1.5924205334152846,-2.51521543099688,1.1284427042027085,-2.738878444581213
0.655500667830946,0.739569759255435,-0.9110231675140524,-1.584542109888013,-2.51435731835379,1.1320448314107778,-2.7394256550944034
0.6514407729094792,0.742926153195996,-0.9094097642517972,-1.5774515319098181,-2.513584887365603,1.1352868809860501,-2.739918022215521
0.6477869896518584,0.7459469919820811,-0.9079577013157675,-1.5710700140674716,-2.5128895803449987,1.138204847060687,-2.740361042631796
0.644498693706476,0.7486658226932777,-0.9066508446733407,-1.5653266496927658,-2.51226369469386,1.1408311259096384,-2.740759661971621
0.6415393248130755,0.7511128386271678,-0.9054746736951566,-1.5601576229387666,-2.5117002974147993,1.1431948754981363,-2.741118330113558
0.6388759801207371,0.7533152145476825,-0.9044161198147909,-1.5555054996612652,-2.5111931481745122,1.1453223391260676,-2.741441050923474
0.6364790482335753,0.7552974084342915,-0.9034634213224617,-1.5513185892212908,-2.5107366300628793,1.1472371367460048,-2.74173142698693
0.6343218798960844,0.7570814330755629,-0.9026059926793655,-1.5475503701140338,-2.5103256872777036,1.1489605271776737,-2.7419926998447766
0.6323804916430443,0.7586871005179708,-0.9018343069005789,-1.5441589730397511,-2.5099557690421186,1.150511644122097,-2.7422277861871946
0.6306332991094306,0.7601322420809953,-0.9011397896996709,-1.5411067156711868,-2.509622779131055,1.1519077085903016,-2.742439310414455
0.629060877028415,0.7614329063793722,-0.9005147242188538,-1.538359683946952,-2.5093230304455236,1.1531642201014187,-2.742629633930768
0.6276457432443153,0.7626035375499393,-0.8999521652861184,-1.5358873552376129,-2.509053204129613,1.1542951287705536,-2.7428008815001608
0.6263721643358093,0.7636571356612601,-0.8994458622466566,-1.533662259196741,-2.5088103127756236,1.1553129901954895,-2.742954964959853
0.6252259806860204,0.7646054010867466,-0.8989901895111408,-1.5316596725280727,-2.50859166730825,1.1562291048609161,-2.743093604556614
0.6241944490530228,0.7654588644441758,-0.8985800840491768,-1.5298573442769046,-2.5083948471796575,1.1570536436073715,-2.743218348144753
0.6232661008893896,0.7662270035443939,-0.898210989133409,-1.5282352485930975,-2.508217673544156,1.157795760557633,-2.74333058846028
0.6224306148348621,0.7669183486478479,-0.8978788037092181,-1.5267753622183742,-2.5080581851143475,1.1584636947542077,-2.7434315786641785
0.6216787019640385,0.7675405771978182,-0.8975798368274462,-1.5254614642253588,-2.5079146164304675,1.1590648616363413,-2.743522446328318
0.6210020025129623,0.7681005990824051,-0.8973107666338516,-1.5242789557830898,-2.5077853783015103,1.159605935372216,-2.7436042060200814
0.6203929929362242,0.7686046333721677,-0.8970686034596164,-1.5232146979462828,-2.507669040200902,1.160092922960515,-2.7436777706261397
0.6198449022611252,0.7690582773856591,-0.8968506566028047,-1.52225686566591,-2.5075643144212383,1.1605312309241564,-2.7437439615416883
0.619351636808864,0.769466568849907,-0.8966545044316743,-1.5213948163989115,-2.507470041812171,1.1609257253367598,-2.7438035178388156
0.6189077124457661,0.7698340418462034,-0.8964779674776568,-1.5206189718570937,-2.5073851789431516,1.161280785848383,-2.743857104516269
0.618508193611318,0.7701647771625478,-0.8963190842190412,-1.5199207115812576,-2.5073087865485713,1.1616003543104296,-2.743905319922639
0.6181486384451178,0.7704624476119682,-0.896176089286287,-1.5192922771580126,-2.507240019127109,1.1618879785396585,-2.7439487024357625
0.617825049402677,0.7707303588200312,-0.8960473938468083,-1.5187266860149868,-2.507178115579915,1.1621468517072449,-2.743987736472857
0.6175338288110312,0.7709714859345306,-0.8959315679512775,-1.5182176538365766,-2.5071223907838096,1.1623798477902638,-2.7440228578984254
0.6172717388700402,0.7711885066650565,-0.8958273246452997,-1.5177595247381688,-2.507072228006061,1.1625895534792388,-2.7440544588902633
0.6170358656546864,0.7713838310193778,-0.8957335056699197,-1.5173472084229773,-2.5070270720766517,1.1627782968960398,-2.7440828923178615
0.6168235867181623,0.7715596280668906,-0.8956490685920777,-1.5169761236232246,-2.5069864232423464,1.1629481734410025,-2.744108475682045
0.6166325419355673,0.7717178500263602,-0.8955730752220199,-1.5166421471972271,-2.5069498316344583,1.1631010690562529,-2.7441314946598174
0.6164606072640659,0.7718602539454704,-0.8955046811889679,-1.5163415683167871,-2.5069168922890013,1.1632386811635382,-2.744152206293957
0.6163058711277806,0.7719884212129469,-0.8954431265592211,-1.5160710472358583,-2.506887240664055,1.1633625375090357,-2.744170841862968
0.6161666131648714,0.7721037751199464,-0.895387727392449,-1.5158275781823531,-2.5068605486046858,1.1634740131243722,-2.7441876094634012
0.6160412851005217,0.7722075966657438,-0.895337868142354,-1.515608455960775,-2.506836520710717,1.1635743455921703,-2.7442026963333843
0.6159284935331759,0.7723010387832432,-0.8952929948172687,-1.5154112458945905,-2.5068148910671297,1.1636646487856122,-2.7442162709432734
0.615826984442654,0.7723851391422968,-0.8952526088246917,-1.5152337567743683,-2.5067954203008687,1.1637459252345617,-2.744228484876777
0.6157356292479047,0.7724608316730148,-0.8952162614313725,-1.5150740165111034,-2.506777892931473,1.1638190772555446,-2.7442394745235443
0.6156534122593894,0.7725289569370374,-0.8951835487773852,-1.51493025022421,-2.506762114986181,1.1638849169691547,-2.744249362602107
0.6155794193865953,0.7725902714619444,-0.8951541073887966,-1.5148008605207137,-2.5067479118531155,1.1639441753161044,-2.7442582595301857
0.6155128279751277,0.7726454561424637,-0.8951276101390669,-1.514684409746525,-2.5067351263487643,1.1639975101720157,-2.7442662646576483
0.6154528976603921,0.7726951238017753,-0.8951037626143102,-1.5145796040125823,-2.5067236169783755,1.1640455136510488,-2.7442734673758897
0.6153989621361764,0.7727398259968801,-0.8950822998420291,-1.5144852788183796,-2.506713256369997,1.1640887186794497,-2.7442799481160196
0.6153504217466184,0.7727800591436086,-0.8950629833469762,-1.5144003861131403,-2.5067039298648326,1.1641276049120002,-2.744285779246998
0.6153067368191947,0.7728162700292883,-0.8950455985014285,-1.5143239826508716,-2.506695534248302,1.1641626040570545,-2.74429102588375
0.615267421664608,0.7728488607742878,-0.8950299521404356,-1.5142552195099104,-2.5066879766077665,1.164194104669281,-2.7442957466142794
0.6152320391768635,0.7728781932975362,-0.895015870415542,-1.5141933326605144,-2.506681173304269,1.1642224564633181,-2.744299994153904
0.6152001959734968,0.7729045933356071,-0.8950031968631378,-1.5141376344756916,-2.5066750490469127,1.164247974196235,-2.7443038159339097
0.6151715380219244,0.7729283540600012,-0.894991790665974,-1.5140875060909456,-2.5066695360596287,1.1642709411618994,-2.7443072546312064
0.6151457467032871,0.7729497393327934,-0.8949815250885266,-1.514042390528044,-2.5066645733311113,1.1642916123360467,-2.7443103486448885
0.6151225352700282,0.7729689866368027,-0.8949722860688238,-1.514001786506409,-2.506660105939621,1.1643102172069673,-2.7443131325250323
0.6151016456578172,0.7729863097128212,-0.8949639709510915,-1.5139652428733679,-2.50665608444518,1.1643269623232364,-2.7443156373585076
0.6150828456163764,0.7730019009331904,-0.8949564873451323,-1.513932353591376,-2.5066524643424337,1.1643420335867736,-2.7443178911161215
0.6150659261273105,0.773015933438082,-0.894949752099769,-1.5139027532265172,-2.506649205568124,1.1643555983166862,-2.7443199189649623
0.6150506990802297,0.7730285630582069,-0.8949436903789421,-1.513876112888153,-2.506646272057723,1.1643678071068113,-2.7443217435494383
0.6150369951813297,0.773039930045305,-0.8949382348301979,-1.5138521365746052,-2.506643631346316,1.1643787954975766,-2.744323385244143
0.6150246620711755,0.7730501606296306,-0.894933324836328,-1.5138305578842697,-2.506641254209326,1.1643886854807428,-2.7443248623813763
0.6150135626307629,0.7730593684217311,-0.8949289058418451,-1.5138111370556182,-2.506639114339094,1.164397586853731,-2.7443261914558583
0.6150035734570249,0.7730676556740846,-0.8949249287468106,-1.5137936583031986,-2.5066371880537406,1.1644055984385715,-2.7443273873089247
0.6149945834908317,0.7730751144166077,-0.8949213493612795,-1.5137779274200343,-2.506635454035088,1.1644128091790062,-2.7443284632942557
0.6149864927822319,0.7730818274786414,-0.8949181279143016,-1.513763769619784,-2.506633893092737,1.1644192991279252,-2.744329431426997
0.6149792113792066,0.7730878694087664,-0.8949152286120214,-1.513751027594684,-2.5066324879516952,1.1644251403360975,-2.74433030251793
0.6149726583275805,0.7730933073026611,-0.8949126192399692,-1.513739559767695,-2.5066312230611985,1.1644303976520662,-2.744331086294195
0.6149667607709721,0.7730982015481951,-0.8949102708051223,-1.5137292387194359,-2.5066300844226164,1.1644351294420845,-2.7443317915079124
0.6149614531407751,0.7731026064960337,-0.89490815721376,-1.5137199497724216,-2.506629059434533,1.1644393882380866,-2.744332426033915
0.6149566764271661,0.7731065710631994,-0.894906254981534,-1.5137115897168778,-2.5066281367532914,1.164443221320889,-2.7443329969576866
0.6149523775230328,0.7731101392762929,-0.8949045429725305,-1.5137040656639735,-2.506627306167456,1.1644466712450936,-2.7443335106544846
0.6149485086335289,0.7731133507604072,-0.8949030021644274,-1.51369729401373,-2.5066265584848053,1.1644497763115211,-2.744333972860529
0.6149450267446914,0.7731162411791621,-0.8949016154371346,-1.5136911995261388,-2.5066258854306027,1.1644525709924212,-2.7443343887370606
0.6149418931452115,0.7731188426307476,-0.8949003673825712,-1.5136857144851668,-2.506625279556024,1.1644550863141776,-2.7443347629279726
0.6149390729960423,0.7731211840043735,-0.894899244133464,-1.5136807779463615,-2.5066247341557224,1.1644573502017581,-2.744335099611671
0.6149365349430592,0.7731232913010827,-0.8948982332092675,-1.5136763350596953,-2.50662424319362,1.1644593877887337,-2.744335402547731
0.6149342507684651,0.7731251879224926,-0.8948973233774907,-1.513672336460125,-2.506623801236108,1.1644612216963073,-2.7443356751188817
0.6149321950770654,0.7731268949306692,-0.8948965045288916,-1.513668737719095,-2.506623403391916,1.1644628722844517,-2.744335920368778
0.6149303450139255,0.7731284312820208,-0.8948957675651524,-1.5136654988508897,-2.506623045257979,1.1644643578779428,-2.7443361410359906
0.6149286800102698,0.773129814037809,-0.8948951042977872,-1.5136625838683524,-2.5066227228707088,1.164465694969799,-2.744336339584585
0.6149271815547989,0.7731310585536133,-0.8948945073571585,-1.513659960383029,-2.506622432662131,1.1644668984043844,-2.7443365182316377
0.6149258329878818,0.773132178649855,-0.8948939701105926,-1.5136575992453,-2.506622171420397,1.1644679815422099,-2.7443366789719934
0.6149246193163352,0.7731331867652725,-0.8948934865886833,-1.5136554742204984,-2.50662193625424,1.1644689564082589,-2.744336823600541
0.6149235270467295,0.7731340940950542,-0.8948930514189649,-1.513653561697414,-2.506621724560975,1.1644698338254882,-2.7443369537322577
0.6149225440353696,0.77313491071516,-0.8948926597662183,-1.51365184042595,-2.5066215339976994,1.164470623534983,-2.7443370708202397
0.6149216593532826,0.7731356456942159,-0.8948923072787465,-1.5136502912810117,-2.506621362455358,1.1644713343041015,-2.744337176171932
0.6149208631647093,0.7731363071942201,-0.8948919900400218,-1.5136488970500075,-2.5066212080354084,1.1644719740238094,-2.744337270963726
0.6149201466177519,0.7731369025611832,-0.8948917045251696,-1.513647642241599,-2.506621069028804,1.1644725497962842,-2.7443373562540962
0.6149195017459581,0.7731374384067049,-0.8948914475618026,-1.513646512913576,-2.5066209438970843,1.1644730680137634,-2.7443374329954207
0.6149189213797519,0.7731379206813962,-0.8948912162947723,-1.5136454965179449,-2.5066208312553457,1.1644735344295105,-2.744337502044614
0.6149183990667219,0.7731383547409612,-0.894891008154445,-1.5136445817615065,-2.506620729856916,1.1644739542216878,-2.744337564172698
0.6149179289998842,0.7731387454056721,-0.8948908208281505,-1.5136437584803781,-2.506620638579557,1.1644743320508428,-2.7443376200734106
0.6149175059531212,0.7731390970138985,-0.8948906522344855,-1.5136430175270614,-2.506620556413045,1.1644746721116503,-2.7443376703709523
0.6149171252230777,0.7731394134702851,-0.8948905005001869,-1.5136423506688046,-2.506620482447988,1.1644749781794814,-2.7443377156269566
0.6149167825768699,0.7731396982891133,-0.8948903639393182,-1.5136417504961286,-2.5066204158657657,1.1644752536523169,-2.744337756346761
0.6149164742050239,0.7731399546333269,-0.8948902410345363,-1.5136412103404993,-2.506620355929465,1.1644755015884718,-2.7443377929850508
0.6149161966791233,0.7731401853496567,-0.8948901304202326,-1.5136407242002337,-2.506620301975728,1.1644757247405486,-2.7443378259509354
0.6149159469136919,0.7731403930002342,-0.8948900308673593,-1.513640286673815,-2.506620253407408,1.1644759255859969,-2.744337855612517
0.6149157221318897,0.7731405798910436,-0.8948899412697733,-1.5136398928998762,-2.5066202096869614,1.1644761063546176,-2.7443378823010014
0.6149155198346408,0.7731407480975301,-0.894889860631946,-1.5136395385031851,-2.5066201703305,1.164476269053318,-2.7443379063143953
0.6149153377728482,0.7731408994876479,-0.8948897880579013,-1.5136392195460313,-2.506620134902434,1.1644764154883922,-2.7443379279208355
0.6149151739223897,0.7731410357426036,-0.8948897227412611,-1.5136389324844741,-2.50662010301065,1.1644765472855758,-2.744337947361581
0.614915026461613,0.7731411583755267,-0.894889663956285,-1.5136386741289656,-2.506620074302175,1.1644766659080932,-2.7443379648537087
0.6149148937510834,0.7731412687482723,-0.8948896110498065,-1.5136384416089113,-2.5066200484592662,1.1644767726729035,-2.7443379805925376
0.6149147743153566,0.7731413680865451,-0.8948895634339757,-1.513638232340775,-2.506620025195897,1.1644768687653206,-2.7443379947538076
0.6149146668265748,0.7731414574935108,-0.8948895205797281,-1.5136380439993742,-2.5066200042545903,1.1644769552521732,-2.744338007495644
0.6149145700897042,0.773141537962047,-0.8948894820109053,-1.5136378744920425,-2.5066199854035682,1.1644770330936483,-2.7443380189603226
0.6149144830292484,0.7731416103857686,-0.8948894472989648,-1.51363772193538,-2.506619968434188,1.1644771031539511,-2.744338029275858
