0.0,0.0,0.0,0.0,0.0,0.0,0.0
0.15743775386884007,-0.03885312963233386,-0.16580346582055952,-0.09290885492965,-0.15486978419507347,0.17648097064334542,-0.21522681964773957
0.2991323522919458,-0.10341840140665129,-0.3150088204974887,-0.27299525939130936,-0.29425258997063963,0.33531389607249457,-0.4089406078296881
0.4266591730342788,-0.18145582238052912,-0.4492633226364283,-0.5029946189797938,-0.4196971151686491,0.4782643291819052,-0.5833042170898407
0.5414306714862067,-0.2469136068946669,-0.5701585369706991,-0.7099905962213597,-0.5325971878468576,0.606918000488764,-0.740197724125096
0.6447243114896181,-0.3020606816347428,-0.6789959513583825,-0.8962837198645748,-0.6342072532572454,0.7227057909792983,-0.8813855123947091
0.7376906743749816,-0.34797570947887985,-0.7769660009566686,-1.0639463408381802,-0.7256563121265942,0.8269151713046357,-1.008448391569127
0.8213613394066406,-0.38456466756768676,-0.8651414733816603,-1.2148426992359684,-0.8079604651090082,0.9207038267498338,-1.1228046238921636
0.8966645697385024,-0.4106522029003466,-0.9444970924672701,-1.3506495797811637,-0.8820342027931808,1.0051135402088507,-1.2257260783091515
0.964435552187273,-0.4240845618127866,-1.0159121373666458,-1.472875885982807,-0.9487006294341325,1.0810822114470224,-1.3183562903473725
1.0254290200990488,-0.4218353813817688,-1.0801855868299686,-1.582879561564286,-1.008700488865173,1.1494542327896167,-1.4017233723073788
1.0803219624842626,-0.4001449293641862,-1.1380315265477718,-1.6818828695876173,-1.0627005248249772,1.210989568846964,-1.4767534727011689
1.129720848870929,-0.3547039999912259,-1.1900924210522899,-1.7709858468086153,-1.1113010333617948,1.2663731270899496,-1.5442797000522006
1.1741530513261471,-0.28088858757932467,-1.2369458647926417,-1.8511785263075136,-1.1550430499187603,1.3162263540352048,-1.605050111085108
1.2139658247940213,-0.17396859485175614,-1.27911225036139,-1.923351937856522,-1.1944141541143671,1.3611340332475177,-1.6597333578240647
1.2488484232809278,-0.043313832083111514,-1.342034314205827,-1.9875755857019175,-1.2283605133275461,1.4013333476736785,-1.7091559622054786
1.2815002942674787,0.11899348065314194,-1.4045134761998639,-2.046067806358428,-1.2597819568876434,1.4379358950846381,-1.7535650616624179
1.304209426790977,0.28175495414661966,-1.4302854307852253,-2.098752289902345,-1.2886023007700336,1.4684198550537544,-1.7932248477107584
1.3324690315762737,0.42820172461681993,-1.4530554166652598,-2.14616832509187,-1.3146625151771638,1.4989296299440822,-1.8291694362654698
1.3570632980696775,0.5600089866113664,-1.473598636507521,-2.188842756762443,-1.338107281214612,1.5259600797849622,-1.8614811174465535
1.3788421674357556,0.6786385576048575,-1.4921028142198558,-2.2272497452659588,-1.3591756270257895,1.5499154616419972,-1.8905387771486724
1.3984008726375832,0.7854055232918093,-1.5087574216579867,-2.2618160349191228,-1.3781294513996267,1.5714133971438486,-1.9166880646688063
1.4159992218087092,0.8814958181130965,-1.5237465314433978,-2.29292569560697,-1.3951865439698417,1.5907531141301197,-1.9402222364840291
1.4318372500710084,0.9679770839286014,-1.5372367117922112,-2.320924390226033,-1.4105377129354966,1.6081577501326838,-1.9614029883063002
1.4460914201777455,1.045810222862603,-1.5493778704484795,-2.3461232153831895,-1.4243537320555022,1.623821774743978,-1.9804656673507723
1.4589201664560911,1.115860047815022,-1.5603049126197768,-2.3688021580246303,-1.4367881440929913,1.6379193761565587,-1.997622079194881
1.4704660371801637,1.1789048902526598,-1.5701392504706488,-2.389213206401927,-1.4479791140696963,1.6506072142830395,-2.0130628500129597
1.4808573206917042,1.2356452484423965,-1.5789901545184777,-2.407583149941494,-1.4580509868957168,1.6620262680739128,-2.026959543783409
1.490209475828442,1.2867115708122616,-1.5869559681581804,-2.4241160991271045,-1.4671156724094259,1.6723034163897026,-2.0394665681843716
1.4986264154470657,1.332671260944935,-1.5941252004332367,-2.4389957533941535,-1.4752738893654764,1.6815528498544412,-2.050722890146994
1.5062016611029063,1.374034982064291,-1.6005775094806378,-2.452387442234498,-1.4826162846244775,1.689877339968354,-2.0608535799137844
1.5130193821929554,1.4112623310716985,-1.6063845876232619,-2.464439962190808,-1.4892244403572232,1.6973693810698072,-2.0699712007040056
1.5191553311739503,1.444766945178362,-1.611610957951613,-2.475287230151487,-1.495171780516604,1.7041122180608237,-2.078177059415231
1.5246776852568347,1.4749210978743583,-1.6163146912471242,-2.485049771316098,-1.5005243866600262,1.7101807713526438,-2.0855623322553374
1.5296478039314294,1.5020598353007548,-1.6205480512130812,-2.493836058364248,-1.5053417321891052,1.7156424693152375,-2.092209077811429
1.5341209107385665,1.526484698984512,-1.6243580751824394,-2.501743716707583,-1.5096773431652817,1.7205579974815384,-2.098191148811904
1.5381467068649928,1.5484670762998936,-1.6277870967548584,-2.508860609216584,-1.5135793930438481,1.7249819728311766,-2.1035750127123234
1.5417699233787798,1.5682512158837374,-1.630873216170032,-2.5152658124746856,-1.5170912379345665,1.728963550645817,-2.108420490222692
1.5450308182411918,1.5860569415091972,-1.6336507236436844,-2.521030495406977,-1.5202518983362219,1.732546970678958,-2.1127814199820145
1.5479656236173662,1.6020820945721113,-1.6361504803699678,-2.526218710046039,-1.5230964926977206,1.7357720487087498,-2.1167062567653954
1.550606948455927,1.6165047323287343,-1.6384002614236193,-2.5308881032211947,-1.5256566276230779,1.7386746189355289,-2.12023860987043
1.5529841408106353,1.6294851063096951,-1.6404250643719023,-2.535090557078835,-1.5279607490559068,1.741286932139599,-2.1234177276649526
1.5551236139298759,1.6411674428925602,-1.642247387025354,-2.5388727655507113,-1.5300344583454597,1.7436380140232346,-2.126278933680016
1.5570491397371955,1.651681545817139,-1.643887477413458,-2.5422767531754,-1.5319007967060632,1.7457539877184838,-2.1288540190935676
1.5587821129637855,1.66114423844926,-1.6453635587627495,-2.54534034203762,-1.5335805012306107,1.7476583640441896,-2.131171595965759
1.5603417888677187,1.6696606618181693,-1.6466920319771103,-2.5480975720136176,-1.5350922353027072,1.7493723027373111,-2.133257415150728
1.56174549718126,1.6773254428501876,-1.647887657870034,-2.5505790789920155,-1.5364527959675964,1.7509148475611116,-2.135134652417198
1.5630088346634485,1.6842237457790041,-1.648963721173665,-2.552812435272574,-1.537677300565998,1.7523031379025273,-2.1368241659570195
1.564145838397419,1.690432218414939,-1.6499321781469325,-2.554822455925076,-1.53877935470456,1.7535525992098009,-2.138344728142859
1.5651691417579927,1.6960198437872804,-1.6508037894228735,-2.5566314745123284,-1.5397712034292657,1.7546771143863498,-2.139713234110115
1.566090114782509,1.7010487066223876,-1.651588239571221,-2.5582595912408554,-1.5406638672814996,1.7556891780452495,-2.140944889480646
1.5669189905045735,1.7055746831739842,-1.6522942447047344,-2.5597248962965296,-1.5414672647485088,1.7566000353382674,-2.1420533793141265
1.567664978654431,1.709648062070421,-1.6529296493248975,-2.561043670846636,-1.5421903224688152,1.7574198069019935,-2.143051020164261
1.5683363679893019,1.713314103077214,-1.6535015134830453,-2.5622305679417323,-1.5428410744170884,1.7581576013093585,-2.143948896929385
1.5689406183906849,1.7166135399833278,-1.6540161912253797,-2.563298775327319,-1.543426751170532,1.7588216162759995,-2.1447569860179994
1.5694844437519286,1.71958303319883,-1.6544794011934818,-2.564260161974347,-1.5439538602486285,1.7594192297459896,-2.1454842661977556
1.5699738865770467,1.7222555770927819,-1.6548962901647752,-2.565125409956672,-1.5444282584189124,1.7599570818689942,-2.1461388183595393
1.570414385119652,1.7246608665973384,-1.6552714902389407,-2.5659041331407644,-1.5448552167721652,1.760441148779712,-2.146727915305148
1.5708108338079956,1.7268256271514393,-1.655609170305691,-2.5666049840064478,-1.5452394792900899,1.7608768089993716,-2.147258102556199
1.5711676376275037,1.72877391165013,-1.6559130823657675,-2.5672357497855627,-1.5455853155562194,1.7612689031970783,-2.147735271082148
1.5714887610650599,1.7305273676989514,-1.6561866032198378,-2.567803438986766,-1.545896568195733,1.761621787975027,-2.1481647227555047
1.5717777721588593,1.7321054781428906,-1.6564327719885021,-2.5683143592678492,-1.5461766955712928,1.7619393842751934,-2.1485512292615287
1.5720378821432777,1.7335257775424358,-1.6566543238803013,-2.568774187520824,-1.5464288102092942,1.7622252209453546,-2.148899085116953
1.5722719811292531,1.7348040470020263,-1.6568537205829217,-2.5691880329485013,-1.546655713383493,1.7624824739485108,-2.149212155386838
1.5724826702166301,1.7359544895156578,-1.6570331776152811,-2.5695604938334107,-1.5468599262402698,1.7627140016513616,-2.149493918629737
1.5726722903952686,1.736989887777926,-1.6571946889444056,-2.5698957086298293,-1.547043717811367,1.762922376583937,-2.1497475055483477
1.5728429485560422,1.7379217462139673,-1.6573400491406185,-2.570197401946606,-1.5472091302253526,1.763109914023264,-2.1499757337750998
1.5729965409007376,1.7387604188064045,-1.657470873317211,-2.570468925931705,-1.5473580013979378,1.7632786977186665,-2.1501811391791787
1.5731347740109627,1.739515224139598,-1.657588615076145,-2.5707132975182945,-1.5474919854532627,1.7634306030445366,-2.1503660040428514
1.5732591838101646,1.740194548939472,-1.6576945826591865,-2.5709332319462246,-1.5476125711030537,1.7635673178378266,-2.1505323824201583
1.5733711526294458,1.7408059412593584,-1.6577899534839244,-2.571131172931362,-1.5477210981878642,1.7636903611517942,-2.1506821229597364
1.5734719245667983,1.7413561943472562,-1.6578757872261891,-2.5713093198179857,-1.5478187725641923,1.7638011001343712,-2.150816889445358
1.5735626193104149,1.7418514221263641,-1.657953037594228,-2.571469652015947,-1.5479066795028864,1.763900765218696,-2.1509381792824187
1.5736442445796694,1.7422971271275614,-1.6580225629254635,-2.571613950994112,-1.5479857957477101,1.7639904637945933,-2.1510473401357744
1.5737177073219981,1.7426982616286388,-1.658085135723576,-2.5717438200744605,-1.5480570003680505,1.7640711925129056,-2.1511455849037957
1.5737838237900934,1.7430592826796085,-1.6581414512418775,-2.571860702246774,-1.548121084526356,1.7641438483593908,-2.151234005195016
1.5738433286113789,1.7433842016254812,-1.6581921352083493,-2.5719658962018563,-1.5481787602688302,1.7642092386212311,-2.151313583457115
1.5738968829505353,1.7436766286767666,-1.6582377507781743,-2.5720605707614306,-1.5482306684370561,1.764268089856891,-2.151385203893005
1.5739450818557759,1.7439398130229233,-1.658278804791017,-2.5721457778650474,-1.5482773857884589,1.764321055968988,-2.1514496622853065
1.5739884608704922,1.7441766789344644,-1.6583157534025759,-2.5722224642583025,-1.5483194314047206,1.764368725469878,-2.1515076748383786
1.5740275019837364,1.7443898582548514,-1.6583490071529792,-2.572291482012232,-1.5483572724593557,1.7644116280206819,-2.1515598861361442
1.574062638985656,1.7445817196431996,-1.6583789355283423,-2.5723535979907686,-1.5483913294085268,1.7644502403164075,-2.151606876304134
1.5740942622873835,1.7447543948927131,-1.6584058710661693,-2.5724095023714515,-1.5484219806627801,1.7644849913825627,-2.151649167455325
1.574122723258938,1.7449098026172751,-1.658430113050214,-2.572459816314066,-1.5484495667916078,1.7645162673421042,-2.1516872294913973
1.574148338133337,1.745049669569381,-1.6584519308358543,-2.572505098862419,-1.5484743943075525,1.7645444157056933,-2.151721485323863
1.574171391520296,1.7451755498262762,-1.6584715668429306,-2.572545853155937,-1.5484967390719022,1.764569749232925,-2.1517523155730824
1.5741921395685587,1.745288842057482,-1.6584892392492996,-2.572582532020103,-1.5485168493598167,1.7645925494074353,-2.15178006279738
1.5742108128119952,1.745390805065567,-1.6585051444150318,-2.5726155429978523,-1.5485349486189395,1.7646130695644957,-2.1518050352992484
1.5742276187310877,1.7454825717728437,-1.658519459064191,-2.5726452528778267,-1.5485512379521498,1.7646315377058512,-2.1518275105509304
1.5742427440582711,1.7455651618093926,-1.6585323422484342,-2.5726719917698038,-1.5485658983520387,1.7646481590330723,-2.151847738277444
1.574256356852736,1.7456394928422867,-1.6585439371142532,-2.572696056772583,-1.5485790927119387,1.764663118227572,-2.1518659432313068
1.5742686083677542,1.7457063907718913,-1.6585543724934904,-2.5727177152750844,-1.5485909676358485,1.7646765815026226,-2.1518823276897834
1.5742796347312706,1.7457665989085354,-1.658563764334804,-2.572737207927336,-1.5486016550673671,1.764688698450169,-2.1518970737024126
1.5742895584584353,1.7458207862315152,-1.6585722169919863,-2.572754751314362,-1.5486112737557338,1.7646996037029614,-2.151910345113779
1.5742984898128836,1.745869554822197,-1.6585798243834504,-2.5727705403626855,-1.5486199305752637,1.7647094184304752,-2.1519222893840086
1.5743065280318869,1.7459134465538106,-1.6585866710357682,-2.5727847505061767,-1.5486277217128404,1.7647182516852382,-2.151933039227216
1.5743137624289898,1.745952949112263,-1.6585928330228543,-2.5727975396353187,-1.5486347337366593,1.7647262016145253,-2.1519427140861023
1.5743202733863824,1.74598850141487,-1.6585983788112317,-2.5728090498515463,-1.5486410445580963,1.7647333565508843,-2.1519514214591
1.5743261332480356,1.7460204984872163,-1.6586033700207716,-2.5728194090461516,-1.5486467242973894,1.7647397959936078,-2.151959258094798
1.5743314071235235,1.746049295852328,-1.6586078621093574,-2.5728287323212964,-1.548651836062753,1.7647455914920591,-2.1519663110669267
1.5743361536114626,1.7460752134809283,-1.6586119049890846,-2.5728371232689264,-1.5486564366515803,1.7647508074406657,-2.1519726587418426
1.5743404254506077,1.7460985393466688,-1.6586155435808392,-2.5728446751217935,-1.5486605771815247,1.764755501794412,-2.1519783716492666
1.5743442701058383,1.7461195326258352,-1.6586188183134183,-2.572851471789374,-1.5486643036584749,1.7647597267127841,-2.1519835132659484
1.5743477302955458,1.746138426577085,-1.6586217655727395,-2.572857588790196,-1.5486676574877298,1.764763529139319,-2.1519881407209622
1.5743508444662826,1.7461554311332097,-1.6586244181061287,-2.5728630940909363,-1.5486706759340592,1.7647669513232007,-2.1519923054304746
1.5743536472199458,1.746170735233722,-1.658626805386179,-2.5728680488616025,-1.5486733925357556,1.7647700312886945,-2.151996053669036
1.5743561696982424,1.746184508924183,-1.6586289539382244,-2.572872508155202,-1.5486758374772824,1.764772803257639,-2.1519994270837413
1.5743584399287094,1.746196905245598,-1.658630887635065,-2.572876521519442,-1.5486780379246565,1.7647752980296894,-2.152002463156976
1.5743604831361298,1.7462080619348714,-1.6586326279622217,-2.5728801335472573,-1.548680018327293,1.7647775433245347,-2.152005195622887
1.574362322022808,1.7462181029552175,-1.6586341942566627,-2.5728833843722914,-1.548681800689666,1.7647795640898958,-2.1520076548422074
1.5743639770208184,1.746227139873529,-1.6586356039216597,-2.572886310114822,-1.5486834048158018,1.7647813827787207,-2.1520098681395954
1.5743654665190279,1.7462352731000093,-1.658636872620157,-2.5728889432830995,-1.5486848485293239,1.7647830195986631,-2.152011860107245
1.5743668070674164,1.7462425930038417,-1.6586380144488047,-2.572891313134549,-1.5486861478714937,1.7647844927366116,-2.1520136528781295
1.574368013560966,1.7462491809172906,-1.6586390420945876,-2.572893446000854,-1.5486873172794464,1.7647858185607652,-2.1520152663719254
1.5743690994051605,1.7462551100393948,-1.658639966975792,-2.5728953655805284,-1.5486883697466038,1.7647870118025035,-2.1520167185163417
1.5743700766649356,1.7462604462492886,-1.658640799368876,-2.5728970932022355,-1.5486893169670455,1.7647880857200682,-2.1520180254463166
1.5743709561987331,1.746265248838193,-1.6586415485226518,-2.5728986480617717,-1.5486901694654431,1.7647890522458765,-2.1520192016832937
1.574371747779151,1.7462695711682068,-1.65864222276105,-2.572900047435354,-1.548690936714001,1.764789922119104,-2.1520202602965735
1.574372460201527,1.7462734612652193,-1.6586428295756084,-2.5729013068715783,-1.548691627237703,1.7647907050050087,-2.152021213048525
1.5743731013816655,1.7462769623525307,-1.658643375708711,-2.5729024403641803,-1.5486922487090347,1.764791409602323,-2.1520220705252817
1.57437367844379,1.7462801133311108,-1.658643867228503,-2.572903460507522,-1.5486928080332332,1.7647920437399058,-2.152022842254363
1.5743741977997021,1.746282949211833,-1.6586443095963161,-2.5729043786365295,-1.5486933114250119,1.7647926144637305,-2.1520235368105354
1.574374665220023,1.746285501504483,-1.6586447077273478,-2.572905204952636,-1.5486937644776126,1.7647931281151727,-2.1520241619110907
1.5743750858983119,1.7462877985678678,-1.6586450660452763,-2.5729059486371324,-1.5486941722249534,1.7647935904014709,-2.1520247245015907
1.5743754645087717,1.7462898659249142,-1.658645388531412,-2.572906617953179,-1.5486945391975602,1.7647940064591392,-2.1520252308330408
1.5743758052581858,1.746291726546256,-1.658645678768934,-2.572907220337621,-1.5486948694729061,1.7647943809110407,-2.1520256865313456
1.5743761119326583,1.7462934011054636,-1.658645939982704,-2.5729077624836183,-1.5486951667207176,1.7647947179177519,-2.1520260966598204
1.5743763879396835,1.7462949082087504,-1.658646175075097,-2.5729082504150163,-1.5486954342437478,1.7647950212237922,-2.1520264657754473
1.5743766363460063,1.7462962646017086,-1.6586463866582506,-2.5729086895532745,-1.5486956750144751,1.7647952941992284,-2.1520267979795116
1.5743768599116967,1.746297485355371,-1.658646577083089,-2.5729090847777067,-1.5486958917081297,1.7647955398771211,-2.1520270969631694
1.574377061120818,1.7462985840336671,-1.6586467484654435,-2.572909440479696,-1.5486960867324187,1.7647957609872245,-2.1520273660484617
1.5743772422090274,1.7462995728441337,-1.6586469027095625,-2.572909760611486,-1.5486962622542788,1.7647959599863174,-2.1520276082252248
1.5743774051884158,1.7463004627735537,-1.6586470415292696,-2.572910048730097,-1.548696420223953,1.7647961390855011,-2.1520278261843115
1.5743775518698655,1.7463012637100315,-1.658647166467006,-2.572910308036847,-1.5486965623966598,1.7647963002747664,-2.1520280223474897
1.57437768388317,1.7463019845528616,-1.6586472789109687,-2.572910541412922,-1.5486966903520958,1.7647964453451053,-2.15202819889435
1.574377802695144,1.7463026333114087,-1.6586473801105353,-2.5729107514513894,-1.5486968055119883,1.7647965759084103,-2.152028357786524
1.5743779096259207,1.746303217194101,-1.658647471190145,-2.57291094048601,-1.5486969091558915,1.7647966934153847,-2.1520285007894806
1.5743780058636199,1.7463037426885242,-1.658647553161794,-2.572911110617169,-1.5486970024354043,1.7647967991716618,-2.1520286294921416
1.574378092477549,1.746304215633505,-1.6586476269362778,-2.572911263735212,-1.5486970863869658,1.7647968943523111,-2.1520287453245364
1.5743781704300852,1.7463046412839875,-1.6586476933333134,-2.5729114015414503,-1.5486971619433711,1.7647969800148955,-2.152028849573692
1.5743782405873679,1.746305024369422,-1.6586477530906454,-2.572911525567065,-1.548697229944136,1.7647970571112215,-2.152028943397932
1.5743783037289223,1.746305369146313,-1.6586478068722441,-2.5729116371901184,-1.5486972911448242,1.7647971264979148,-2.1520290278397476
1.5743783605563213,1.746305679445515,-1.6586478552756831,-2.572911737650866,-1.5486973462254439,1.7647971889459388,-2.152029103837382
1.5743784117009803,1.7463059587147967,-1.6586478988387783,-2.572911828065539,-1.5486973957980015,1.7647972451491605,-2.152029172235253
1.5743784577311735,1.7463062100571503,-1.6586479380455639,-2.572911909438745,-1.5486974404133034,1.76479729573206,-2.152029233793337
1.5743784991583472,1.7463064362652685,-1.6586479733316708,-2.5729119826746305,-1.548697480567075,1.7647973412566695,-2.152029289195612
1.5743785364428036,1.7463066398525748,-1.658648005089167,-2.572912048586927,-1.5486975167054695,1.764797382228818,-2.15202933905766
1.5743785699988144,1.7463068230811505,-1.6586480336709137,-2.572912107907994,-1.5486975492300246,1.7647974191037519,-2.152029383933503
1.5743786001992242,1.7463069879868687,-1.6586480593944857,-2.5729121612969545,-1.5486975785021242,1.7647974522911922,-2.152029424321762
1.5743786273795928,1.746307136402015,-1.6586480825457004,-2.572912209347019,-1.5486976048470138,1.7647974821598886,-2.1520294606711947
1.5743786518419247,1.7463072699756468,-1.6586481033817937,-2.5729122525920767,-1.5486976285574143,1.7647975090417154,-2.1520294933856845
1.5405763077818648,1.7414426502621714,-1.6620293798484307,-2.526782349708347,-1.5437305411653464,1.7614305316477283,-2.179595443747701
1.543956564203683,1.741929232449793,-1.661691270954813,-2.5290949617043372,-1.5442272712438851,1.7617672535882392,-2.1768388781551864
1.5465214232463238,1.7423081532780926,-1.6614425865695146,-2.5326184981842306,-1.5445856261671234,1.762033452127139,-2.174750744483911
1.5483507720461809,1.7425897236704768,-1.661274500109892,-2.534928396268289,-1.5448199483844212,1.7622356750313195,-2.1732654363327675
1.5495170454042837,1.7427832089016393,-1.6611789991028312,-2.5361439321798853,-1.5449430443086973,1.7623798398128028,-2.1723235140178367
1.5500854187834772,1.7428969437221227,-1.6611488629294753,-2.5363724255189437,-1.5449664349778498,1.762471270687241,-2.1718714935464343
1.5501145325304473,1.7429384251228377,-1.6611775846776453,-2.535710432032497,-1.5449004854449122,1.7625147584777754,-2.1718612522664738
1.5496571450519512,1.7429143962146973,-1.6612592999002265,-2.5342448194366387,-1.544754520503122,1.762514613985163,-2.1722494929700664
1.5487607206648188,1.7428309217186189,-1.6613887224998765,-2.532053735645028,-1.5445369288366642,1.7624747160148249,-2.172997261586863
1.5474679586549356,1.7426934558985512,-1.6615610870228814,-2.5292074801614914,-1.5442552567594907,1.7623985546055687,-2.174069513122736
1.545817269417568,1.7425069036982848,-1.6617720967184266,-2.525769288314306,-1.5439162925657484,1.7622892699252453,-2.1754347210029374
1.5438432029797804,1.7422756757546551,-1.662017876791033,-2.52179603705531,-1.5435261424564775,1.7621496872879208,-2.177064525503305
1.5415768346468155,1.7420037379149764,-1.6622949323183331,-2.517338880149931,-1.5430902988309259,1.7619823486350876,-2.178933417310503
1.5390461120924372,1.7416946557826762,-1.6626001103821713,-2.51244381984661,-1.5426137017968578,1.7617895409105875,-2.181018452783065
1.5362761677140322,1.7413516348153675,-1.6629305659766023,-2.5071522213474227,-1.5421007944827714,1.7615733215599998,-2.183298997654719
1.533289599747554,1.7409775564031194,-1.6632837313249842,-2.501501275817952,-1.541555572832856,1.761335541492986,-2.18575649639258
1.5301067252585652,1.740575010334614,-1.66365728826198,-2.495524417075507,-1.5409816304160902,1.7610778657453612,-2.188374264626094
1.5267458078234621,1.7401463240108133,-1.664049143374984,-2.4892516965889535,-1.5403821987540387,1.7608017920759214,-2.1911373023453855
1.5232232624234754,1.7396935887379656,-1.664457405626029,-2.4827101209512334,-1.539760183594083,1.7605086676856048,-2.1940321257720834
1.5195538398474453,1.7392186833775618,-1.6648803662131644,-2.475923955592104,-1.5391181975818256,1.7601997042891162,-2.197046616081094
1.5157507926265552,1.7387232956384222,-1.665316480437522,-2.468914998083833,-1.5384585896238665,1.7598759916429232,-2.2001698832235266
1.511826024376714,1.7382089412226338,-1.6657643513869103,-2.4617028241055934,-1.5377834713515737,1.7595385097544716,-2.203392143416071
1.5077902241804555,1.7376769810620003,-1.6662227152440645,-2.454305008776086,-1.5370947409033227,1.7591881398400615,-2.206704608862113
1.5036529875227342,1.7371286368204752,-1.6666904280643586,-2.4467373258332983,-1.5363941043444571,1.7588256742019777,-2.210099388529951
1.4994229251111328,1.7365650048471721,-1.6671664538711064,-2.439013926863676,-1.5356830949250113,1.75845182510023,-2.2135693988484735
1.4951077608030459,1.735987068725228,-1.6676498539409408,-2.43114750258507,-1.5349630904225888,1.7580672327476947,-2.2171082833584936
1.4907144197205895,1.7353957105635078,-1.668139777157464,-2.4231494279699195,-1.5342353287408035,1.7576724724970572,-2.2207103404045507
1.4862491075388953,1.7347917211525905,-1.6686354513281656,-2.415029892828069,-1.5335009219513633,1.7572680613128635,-2.224370458076532
1.4817173818232532,1.7341758091040955,-1.6691361753662155,-2.406798019296167,-1.5327608689184344,1.7568544635841281,-2.228084055660277
1.4770925785921687,1.7335120556019137,-1.6695828671274322,-2.3984944725508077,-1.531659014696815,1.7565632189495466,-2.2317291998579982
1.4723534265658091,1.7327823777439442,-1.669980361677394,-2.3901552191256408,-1.529782298711614,1.7560336787605717,-2.2358132116515628
1.4675430190999061,1.7320420442821878,-1.6704116681971397,-2.3817283742994975,-1.5278020022226455,1.7555360921239709,-2.240058958852092
1.4627116000761575,1.7312874503073208,-1.6707883587500545,-2.373215265577725,-1.525972717530844,1.7548784367436,-2.24365807632523
1.4578080123874166,1.7305283602648416,-1.671219825736005,-2.3646220944719434,-1.5240369740684845,1.75440866123464,-2.2480539999071008
1.452863640372819,1.729757146146627,-1.6716371637150156,-2.355959998766421,-1.5220938123946264,1.7539822673020942,-2.2525108635481095
1.4478818136098348,1.728976453459451,-1.6720471582862875,-2.347228599390257,-1.5201685394436277,1.753545961532149,-2.256990319384037
1.4428626531505413,1.72819110583913,-1.672469916195569,-2.338425283912056,-1.518266939350492,1.7530270566726898,-2.2615101922921363
1.4378056922843858,1.7273990384893416,-1.6728843397615145,-2.3295568567338973,-1.5164385106676546,1.7527087345102659,-2.2660671601816786
1.4327287125081098,1.726617810149284,-1.673346763548629,-2.320607318301201,-1.5147363334700736,1.7521841554967639,-2.270736838051933
1.427600993439515,1.7258188034731428,-1.6737966800002064,-2.3116081418824517,-1.5129525642629316,1.7517284779101314,-2.275398207574
1.4224348864148322,1.7250170983548114,-1.6742692197373987,-2.302545087531763,-1.511198002585192,1.7513134020572294,-2.2801997386953814
1.4172988759856553,1.7242209919377005,-1.6746493607155193,-2.293403710667746,-1.5100189296559543,1.750864037411637,-2.283894529972086
1.412135898085595,1.7234269911336215,-1.6750730726496075,-2.2842010805744057,-1.5087977717559435,1.7501674734147772,-2.287766294920489
1.4069611866029927,1.7226365659565421,-1.6755087948884433,-2.2749384635996575,-1.5076578729395642,1.7493405286021197,-2.2917063812622067
1.401729931349815,1.7218617094251087,-1.6760416449819076,-2.2655988789160557,-1.50661501248092,1.74860750801671,-2.2961239081681124
1.396462648342909,1.7210917348189043,-1.6766105817767485,-2.256190824022823,-1.5057371150557228,1.748048005176896,-2.3004879701976364
1.3912051680265431,1.7203277515823605,-1.6771573708226586,-2.2467211834783773,-1.5051056708105688,1.7474398345970017,-2.304673539591767
1.385936821398195,1.719560769972311,-1.6776779913875521,-2.2371967728687623,-1.5046175287031665,1.7468130426947235,-2.3086150111578427
1.3806187008900097,1.7187539913599457,-1.6781314514916241,-2.2276594123053814,-1.5038321947602784,1.7460788401963288,-2.312523787380674
1.3752911684127826,1.7179456349842726,-1.6785837066487517,-2.2180740798493686,-1.5031038112462687,1.7451506370583267,-2.3164149373818477
1.3699565689712117,1.7171423193096187,-1.6790236024844272,-2.208430994615863,-1.5025196962481124,1.7441914525411812,-2.320082722838044
1.3646254531161792,1.7163363775146367,-1.679427092022318,-2.198727717421334,-1.5022088948913188,1.7431579547788159,-2.323581425133851
1.359277763334985,1.715525730010164,-1.6798212357706064,-2.1889667524202117,-1.5020274600102412,1.742014500108826,-2.3269502659980064
1.3539134754816393,1.7147152035007356,-1.6802156199952838,-2.1791554854239923,-1.5018461486551364,1.7406912124054466,-2.3301092549771436
1.3485433444419443,1.7138981611915372,-1.6805888652516898,-2.16928958102094,-1.5017677367616258,1.7390769300426299,-2.333044187295733
1.3431669480028001,1.7130963136193074,-1.6810109989130857,-2.159382187607252,-1.5016735793244365,1.7377534952134175,-2.3365960044955525
1.3377706022865572,1.7122920272281483,-1.6814315256731869,-2.149430524419801,-1.5015638280112036,1.7364758215934035,-2.3402585100403863
1.3323393225971358,1.711493191377236,-1.6819029541181398,-2.1394162434565955,-1.5015466470554337,1.735390204072552,-2.344297819745577
1.3268641702341257,1.7106890569395274,-1.6823950481364465,-2.1293579411951518,-1.501458475639513,1.7347276209209572,-2.3487345679807645
1.3213722238842145,1.7098804954776643,-1.6828774568729665,-2.1192471233222556,-1.501405363965456,1.7337299135046647,-2.3530083453434267
1.315827643068238,1.7090592254714574,-1.6833818548044588,-2.1090841550035346,-1.5013300494099522,1.7330682916091826,-2.357522996557995
1.3102670593561123,1.70823397780335,-1.6838702366417577,-2.0988712335959643,-1.5012614599402851,1.7320818172862087,-2.3619507559116846
1.304648629321961,1.7073987341583865,-1.684394370060438,-2.0886069878853233,-1.5011404762927802,1.7315320538181065,-2.366662151589323
1.2989828238163368,1.7065550285009339,-1.684899141384381,-2.078300197250319,-1.5008918286321606,1.7314537866163826,-2.3715286143010736
1.2933198577068312,1.705698037265692,-1.6853549123604925,-2.067950002112686,-1.5006814005424518,1.730697124041174,-2.376062113958124
1.2876346750344698,1.7048497594650371,-1.6858432584316436,-2.057562124177567,-1.5003044839156234,1.7307468066276954,-2.381153518965988
1.2824977970520433,1.704089932773481,-1.686338465256225,-2.048189030663541,-1.50012983176739,1.7308382908849604,-2.3854536734333327
1.2779039209769205,1.7033934691491543,-1.686709475952623,-2.039768192879106,-1.499954960335382,1.7303609437243173,-2.3894667516076007
1.273777400180235,1.7027639637026446,-1.686997801299885,-2.0321989630056465,-1.49973533367961,1.7298847508954036,-2.393207560735896
1.2700580948734497,1.7022076778631978,-1.6873055152007002,-2.0253763467662536,-1.4996210624861117,1.7296214334918616,-2.396464806892337
1.266707654961256,1.701719827847725,-1.6875884067625515,-2.0192291742006567,-1.499662782756482,1.7297534303320998,-2.3993594721383897
1.2636766831719706,1.701293066155033,-1.687848756631845,-2.0136796429281367,-1.4997256667535528,1.729890776881951,-2.401958045617375
1.260983434857427,1.7008760935159601,-1.6880200620538361,-2.0087194887417295,-1.4996908905390285,1.7298930742922423,-2.404343864044209
1.258544357768385,1.7005131575150885,-1.688167094667201,-2.0042321155347578,-1.4998359994271582,1.729757105610586,-2.4062798187111527
1.256357965392655,1.700218488733689,-1.6884105357183272,-2.000184586729587,-1.4999892550389242,1.7298785743536675,-2.408212569264762
1.2543710454738783,1.6999565999873507,-1.688603485338562,-1.9965420540460475,-1.5000639403726654,1.7303122847202461,-2.4100638817276145
1.2525225068827364,1.6996428224644502,-1.6887207063813614,-1.9932978994323987,-1.4995101992750037,1.7292567170927977,-2.4120434369226684
1.2508777259689663,1.6993600156886153,-1.6888235784449206,-1.9903676668638632,-1.499185445013667,1.7283861650193877,-2.4138087204289933
1.2493997390591958,1.699110284706249,-1.688928965990157,-1.9877256345829202,-1.4989408901025263,1.7277364496042351,-2.415364782396382
1.248072926589117,1.6988892613621247,-1.689034073610534,-1.9853399243236984,-1.4988123300807503,1.7273120765256347,-2.416742783203748
1.2468784558299264,1.6986920331189803,-1.689142734084749,-1.9831978829319783,-1.4986245076967537,1.7268573055663217,-2.41800012432696
1.2458075784577267,1.6985177693261406,-1.6892323255402901,-1.9812678584448162,-1.4984959455228857,1.7265546521228474,-2.4191172594070944
1.2448417072521296,1.6983623101744811,-1.6893330657025833,-1.9795315555788702,-1.4983506197354974,1.7262828875454828,-2.4201140492775512
1.2439743343332368,1.6982249729311543,-1.6894276824423557,-1.9779703509718747,-1.4982053855501327,1.72606480868807,-2.4210187013203113
1.243193369267326,1.6981019324757112,-1.6895157110922756,-1.976564715624376,-1.4980744945778406,1.7258909350965532,-2.4218132984298224
1.2424917201753536,1.6979930439219757,-1.6895962053451252,-1.9752999818141945,-1.4979530737247668,1.725770870480409,-2.42251975352441
1.2418636747382186,1.6978972742775147,-1.6896630207715904,-1.9741634974943068,-1.4978355651785227,1.725660425557438,-2.423165812566674
1.2412935480021574,1.697813424903875,-1.6897488560816747,-1.9731357957772098,-1.497756124091871,1.7257375672156896,-2.423692285503009
1.2407877519104826,1.6977394517024833,-1.689811159726295,-1.972217123338123,-1.4976419924235287,1.7256958700989742,-2.4242233280526544
1.2403293565687274,1.6976738870221955,-1.689885136532009,-1.9713872235689527,-1.4975550418556296,1.7257083228362946,-2.4246747253488623
1.2399208317743482,1.6976166750179014,-1.6899438865875367,-1.970642541001339,-1.4974670641935401,1.7256925909814165,-2.4251030086941885
1.2395509469037407,1.6975662820189037,-1.6900060578270721,-1.9699687766213807,-1.497417520008197,1.725773274070183,-2.4254540601386356
1.239219675913347,1.6975208651212341,-1.6900628666401465,-1.969365190577645,-1.4973410081384364,1.7257649806286122,-2.42578757827054
1.2389233501395742,1.6974824916483522,-1.6901116050695995,-1.968820977155553,-1.49729235415805,1.725827717014003,-2.4260819244990377
1.2386560428833608,1.6974486449303503,-1.6901597559938997,-1.9683302465000423,-1.4972550402817393,1.7259132662413246,-2.4263369437566147
1.2384173263954799,1.6974190291395073,-1.690203793404156,-1.9678898645254301,-1.4972103973666504,1.7259640407832761,-2.4265780014188514
1.2382018981728513,1.697393165530944,-1.6902477530575055,-1.967492420334932,-1.497178770197787,1.7260464920582754,-2.4267823994873567
1.2380098277211349,1.6973706481375028,-1.6902862735682491,-1.9671356216821774,-1.4971448270690255,1.7261008604806012,-2.426975347763093
1.2378365123143833,1.6973510856588068,-1.6903246357750747,-1.9668136581209896,-1.49712061560555,1.72617993298969,-2.4271389122340628
1.237681900722167,1.6973342389307697,-1.6903566194533715,-1.9665244181018944,-1.4970977535064662,1.7262444441393745,-2.427290466870242
1.2375436432996247,1.6973202489447656,-1.6903873761723924,-1.966263686442937,-1.4970837646879411,1.7263276530771907,-2.427424302905783
1.2374193813642609,1.6973081936842982,-1.6904152465052786,-1.9660287724693077,-1.497074374851354,1.7264136816093651,-2.427540883831524
1.2373088448212937,1.6972983836653026,-1.6904386872615325,-1.9658174430700117,-1.497069781305951,1.7265024264752946,-2.427647260503533
1.2372102311895232,1.6972909274679437,-1.6904586749850221,-1.9656267364565612,-1.4970759792678807,1.7266188496721089,-2.4277390152151903
1.2371220990861846,1.6972843937561213,-1.6904822971501643,-1.9654553669565509,-1.497075903256984,1.7267075486011139,-2.427825731945232
1.2370452024541347,1.6972797334582428,-1.6904981682989269,-1.9653011946894288,-1.4970854659596926,1.7267997994991287,-2.427906864467441
1.23697561638364,1.697276054975887,-1.6905138760474572,-1.9651616968318812,-1.4971013582868171,1.7269089419424242,-2.4279722294807566
1.2369115297256421,1.6972720736207145,-1.6905328890247835,-1.9650359949734826,-1.4971092660675913,1.726998498605247,-2.4280265331889206
1.2368591793356603,1.6972703509234324,-1.6905374036996348,-1.9649235131578275,-1.497132073507469,1.727101186005321,-2.428088227369263
1.2368115625498641,1.6972686873603662,-1.6905417298547136,-1.964822042621206,-1.4971539057624665,1.7271779465877826,-2.4281443188566345
1.2367675419873234,1.6972673987822973,-1.690549979213598,-1.9647300895143418,-1.4971754606886438,1.7272601247263863,-2.4281882445375116
1.236726597710502,1.6972646976742147,-1.6905632682090361,-1.9646478291914913,-1.497178701127432,1.7272771174041768,-2.4282291594859324
1.236690881447162,1.697262833886553,-1.6905730066541527,-1.9645739987029358,-1.4971837314200998,1.7272906426012893,-2.428269933861741
1.236658143917926,1.6972615766927617,-1.6905847996120464,-1.9645071174262763,-1.4971899932372204,1.7273214507161114,-2.42830045015918
1.2366303961562175,1.697261555076717,-1.6905903323179792,-1.9644469909913704,-1.4972029848559054,1.7273644168269087,-2.428329186000921
1.2366033703469927,1.6972615991164555,-1.690603501643234,-1.9643920847242842,-1.4972128046128643,1.7274330762863006,-2.428340354689834
1.2365852206963055,1.6972643483488952,-1.6905999404769956,-1.9643430383150622,-1.4972461506778478,1.727550937277672,-2.4283603670395824
1.236568374338943,1.697266678377812,-1.690601000335889,-1.964299069378759,-1.497270212516423,1.7276267021102587,-2.4283846459964407
1.2365509008159379,1.6972675493228946,-1.6906102935013894,-1.9642591972454624,-1.4972819978753418,1.727668147457796,-2.4284008623379694
1.2365379696401784,1.6972693637279892,-1.6906117001080985,-1.9642235589657526,-1.4973024827899777,1.7277149400718215,-2.428423153590594
1.2365260187679188,1.6972710139225073,-1.6906150797786148,-1.9641913233691288,-1.4973206642916717,1.7277511345423204,-2.428443516234615
1.2365140281955627,1.6972721412972802,-1.690620141602923,-1.9641618648591745,-1.4973365937328675,1.7277897708243948,-2.4284532292290972
1.2365058582619934,1.6972739789757565,-1.6906181787710735,-1.964135624150209,-1.4973589753313898,1.7278264504165604,-2.428468767914384
1.2364978253619272,1.697275836527969,-1.6906191766794791,-1.964111731111488,-1.4973790160506975,1.7278680291584496,-2.4284790350335
1.2364888553674163,1.6972756798067827,-1.690627778567367,-1.9640906323590293,-1.49738009878302,1.7278445248007843,-2.428491437857873
1.2364817171007716,1.6972758334367024,-1.690634421890532,-1.964071666489286,-1.4973837338657034,1.7278203425579368,-2.4285050508770136
1.2364775654225233,1.697278013406847,-1.6906322620577887,-1.9640540662520631,-1.4974064847011095,1.7278592141570426,-2.4285128899178208
1.2364735833570557,1.6972801084754183,-1.690633198980216,-1.964038291399647,-1.4974237854914993,1.7278821677344975,-2.4285223784512744
1.2364695492680107,1.697282239022301,-1.6906362041629404,-1.964023885431538,-1.4974393993604007,1.7279115356173023,-2.428527754977751
1.2364665306970135,1.697284372900661,-1.6906384704249728,-1.9640109756740423,-1.4974545174729776,1.727934203156284,-2.428534441333419
1.2364642280687792,1.6972869142995715,-1.690639607385493,-1.9639992095943584,-1.497472069070095,1.7279682519021804,-2.428539283070587
1.236462230120671,1.697289506099864,-1.6906413173632133,-1.9639885167972935,-1.4974889890357963,1.728005459798805,-2.4285423441057317
1.2364610972411356,1.697292308028832,-1.690641639936946,-1.9639788855984976,-1.4975071091949885,1.7280440278265379,-2.4285460445592326
1.2364598948356935,1.6972950457850071,-1.6906431424633097,-1.9639700683869676,-1.4975240035239052,1.7280856981702832,-2.4285470743339665
1.2364593764644791,1.6972976998597398,-1.690644073683794,-1.9639621997130423,-1.4975400096246492,1.7281197076057166,-2.4285496698467144
1.236459118561596,1.697300542837579,-1.6906447328642877,-1.9639549936031706,-1.4975569512755107,1.7281609062542096,-2.428550739257927
1.2364590966630051,1.697303288135485,-1.690645627288686,-1.9639484781673666,-1.4975728641421455,1.7281991502416578,-2.4285515634264003
1.2364593131140356,1.6973059407344895,-1.6906466619232208,-1.9639425888442081,-1.4975879014713886,1.728234325344599,-2.428552318022519
1.2364599825636537,1.697308802926388,-1.690646623710275,-1.9639372326335853,-1.4976043499383904,1.7282741390200882,-2.428553026880988
1.2364605593070135,1.697311555809783,-1.6906473370423076,-1.9639323210445152,-1.4976197112644434,1.728313992387168,-2.428552386156223
1.2364610384169508,1.697314901977745,-1.6906476527908076,-1.9639273421141346,-1.4976408210704386,1.7283965584559868,-2.4285416612174644
1.2364640092844634,1.6973179864570394,-1.6906422815457633,-1.9639232963723334,-1.497664034373538,1.728449841564281,-2.4285410422760365
1.2364659920956689,1.6973208559063244,-1.6906399644044623,-1.963919497614743,-1.4976835842823282,1.7285017604536466,-2.428538074518063
1.2364682998049628,1.6973235352214462,-1.6906371789481875,-1.9639161056662182,-1.497702476499019,1.7285449606991672,-2.4285367904327684
1.236470455123865,1.6973260641639323,-1.6906349751487346,-1.9639129835564282,-1.4977202631266873,1.7285858362914173,-2.4285349481867193
1.2364727856577895,1.6973284465059075,-1.6906325963908697,-1.963910170521333,-1.4977374299276094,1.7286207616128633,-2.4285340800271285
1.2364750319054563,1.6973307092201284,-1.6906306107902642,-1.9639075863609663,-1.497753720472036,1.7286533145672993,-2.4285329786606376
1.2364773640129252,1.697332858780511,-1.6906286165107929,-1.9639052408005822,-1.4977694377652018,1.7286817491040884,-2.428532428531783
1.2364796458959293,1.6973349136772635,-1.6906269072589983,-1.9639030855463473,-1.4977844519169004,1.728708039362822,-2.4285317994538596
1.236481962049472,1.6973368810141112,-1.6906252761464615,-1.963901116938986,-1.4977989476997926,1.7287314310874344,-2.4285314740444317
1.2364842433043672,1.6973387736584837,-1.6906238676212035,-1.9638993045662196,-1.4978128700704203,1.7287530137501974,-2.428531131795527
1.2364865296681884,1.6973405982478158,-1.6906225772917767,-1.9638976397204992,-1.497826331488006,1.7287725241934233,-2.4285309491290934
1.2364886035220546,1.6973421746197686,-1.6906209574068725,-1.9638961755844035,-1.497838565215991,1.7287865702571246,-2.428531643874637
1.2364903951655934,1.6973436885133097,-1.690620783080322,-1.963894881102661,-1.4978483263020121,1.7287946727988543,-2.4285332707909153
1.2364916756517064,1.6973454578130707,-1.6906222897604475,-1.9638934284975094,-1.4978584962412567,1.7288229468033283,-2.4285286621065714
1.2364943192430644,1.6973471335571464,-1.69062045161319,-1.9638922609804264,-1.4978714250369662,1.7288371897034707,-2.4285293280131808
1.2364964401390102,1.6973487608997504,-1.6906201643049774,-1.9638911321148824,-1.4978825093903119,1.7288521137976338,-2.428528858187257
1.2364986156846332,1.6973503432785,-1.6906197918162065,-1.9638900852751378,-1.4978935220703085,1.7288651846587353,-2.4285287418422206
1.2365007276285511,1.6973518909795142,-1.6906196037881034,-1.963889096194686,-1.497904236654412,1.728877923379466,-2.4285284509036957
1.2365028486824439,1.697353404003887,-1.690619425289216,-1.9638881697915735,-1.497914808908616,1.7288895652986074,-2.4285283030892852
1.236504928444479,1.6973548881505311,-1.6906193688431863,-1.963887293690411,-1.4979251407755902,1.7289007930886846,-2.428528074383674
1.2365069962215318,1.697356344672007,-1.6906193607651492,-1.9638864672294905,-1.497935302319701,1.7289113382695496,-2.428527890292242
1.2365090313714695,1.697357777040701,-1.6906194446511538,-1.9638856833559162,-1.497945255329955,1.7289215118121635,-2.428527658284378
1.2365110452301025,1.6973591867105962,-1.6906195891740183,-1.963884939677329,-1.4979550319986508,1.7289312413516489,-2.42852742513796
1.2365130296661357,1.697360575873535,-1.6906198090417321,-1.9638842316532328,-1.4979646201946593,1.7289406754826926,-2.428527153386556
1.2365149889516684,1.6973619457989262,-1.690620089898848,-1.9638835566363373,-1.4979740360440048,1.7289498117371453,-2.4285268593290685
1.2365169200866926,1.6973632979234206,-1.6906204347876366,-1.9638829113958116,-1.4979832782052442,1.728958726779945,-2.428526528130426
1.236518824737509,1.6973646332335446,-1.6906208358964125,-1.963882293529262,-1.4979923561695307,1.728967438158981,-2.4285261651510273
1.236520701978434,1.697365952688068,-1.6906212917696357,-1.9638817005854787,-1.498001272746586,1.728975989064612,-2.428525764835933
1.2365225525955776,1.6973672570041891,-1.6906217970796167,-1.9638811305300787,-1.4980100346609602,1.72898439903956,-2.4285253290846267
1.2365243765011447,1.6973685468213844,-1.6906223487803576,-1.9638805814380194,-1.498018646099894,1.7289926942625384,-2.4285248562343025
1.2365261742243385,1.6973698226361211,-1.690622942547633,-1.9638800516334205,-1.4980271125245137,1.7290008907935142,-2.4285243473722917
1.236527946020291,1.697371084867917,-1.6906235749058538,-1.963879539578749,-1.4980354383855152,1.7290090051560483,-2.4285238025560694
1.236529692363642,1.697372333845412,-1.6906242420412236,-1.963879043908287,-1.4980436284373082,1.7290170490149699,-2.428523222880235
1.2365314136499725,1.6973735698356518,-1.6906249405132319,-1.9638785633841946,-1.4980516869599256,1.7290250328712486,-2.4285226092102796
1.2365331103515702,1.6973747930457994,-1.6906256668752377,-1.9638780968977356,-1.498059618199506,1.729032964538543,-2.428521962823396
1.2365299144081001,1.6973732494174594,-1.6906381504923322,-1.963877670235526,-1.4980430546355474,1.7290225374798092,-2.428504961019883
1.2365330418466987,1.6973749383816987,-1.690631181247839,-1.9638770700097565,-1.4980616013863284,1.7290729043923514,-2.428497321946786
1.2365355287102464,1.6973764262054942,-1.6906272828223958,-1.9638766266997354,-1.4980748817749758,1.7291046845706806,-2.428493290857554
1.2365354830883748,1.6973765887608068,-1.6906354485040394,-1.9638767134196642,-1.4980661459626645,1.7291035855885952,-2.428489159118221
1.236538552509137,1.697378012949815,-1.6906278739419796,-1.96387611822825,-1.498085063952058,1.7291448398608804,-2.428483430854896
1.2365409781273757,1.6973792780253936,-1.6906234150889576,-1.9638756799302772,-1.498098668739594,1.72916947516148,-2.428480890149858
1.2365429822693497,1.6973804405585573,-1.6906210804136574,-1.9638753369082542,-1.4981088276710621,1.7291828946739467,-2.4284804853188495
1.2365447141480848,1.6973815385430002,-1.6906202014559601,-1.9638750488793675,-1.498116782192122,1.7291887258194785,-2.428481510474313
1.2365464415133516,1.697382806065926,-1.6906224051100092,-1.9638751855635985,-1.4981187145969774,1.7291858782116531,-2.428488011907228
1.2365482829446683,1.6973839228989611,-1.6906238522437773,-1.96387523774273,-1.4981222022761915,1.7291796807785924,-2.4284948775550057
1.2365500474193398,1.6973847052267388,-1.690622605800066,-1.9638748232565784,-1.4981316085710008,1.729174270131187,-2.4284974673159487
1.2365517443248448,1.6973857060411401,-1.6906246235025004,-1.9638748561589063,-1.4981345090191187,1.7291621914196447,-2.428505210465551
1.236553363249428,1.697386419725405,-1.6906237906381094,-1.9638744020731567,-1.4981436841836882,1.729154855986025,-2.4285076950058087
1.2365549978222659,1.697387356778301,-1.6906259627619684,-1.9638744069367167,-1.4981465861245986,1.7291406731520504,-2.428515576862752
1.2365563649740186,1.6973880621058117,-1.6906254277793995,-1.963873892081487,-1.4981556415999953,1.7291385796475243,-2.428516136910736
1.2365580478854394,1.697388971999576,-1.690627104840097,-1.9638738620578204,-1.4981593221292173,1.729126709392467,-2.428523251416526
1.2365594482867475,1.6973896520718939,-1.6906262138287131,-1.9638733253210212,-1.4981688922024863,1.7291260246356304,-2.4285232757176822
1.2365610947349923,1.6973905321344243,-1.6906278028920638,-1.9638732858947139,-1.4981726164378975,1.7291148526748146,-2.4285300005708397
1.2365627957387548,1.6973913314803641,-1.6906289453061767,-1.9638731944899006,-1.498177249164898,1.7291021320599949,-2.428536819635004
1.2365640415802208,1.6973919487995626,-1.6906278120712674,-1.9638725895292433,-1.4981872991435976,1.729105531163117,-2.42853515194284
1.2365657011530358,1.6973927542427534,-1.6906287994881393,-1.963872509493188,-1.4981918099160676,1.7290958460936834,-2.428541133446752
1.23656695899798,1.697393366652312,-1.6906275121718375,-1.9638719260292326,-1.4982017418465134,1.729099949048094,-2.428539268850295
1.2365685147244971,1.6973941642554822,-1.6906287196681877,-1.9638718697413926,-1.4982056044234844,1.7290909075446215,-2.428544954873783
1.236570086387239,1.6973948914764143,-1.6906296943617396,-1.963871772717,-1.4982100354114483,1.7290799215439372,-2.4285508425459708
1.236571119963501,1.6973954712688386,-1.6906285188029881,-1.9638711562265374,-1.4982197033867293,1.729088064852842,-2.428547400729732
1.2365726540072755,1.6973962205888244,-1.6906293423132623,-1.9638710841638887,-1.4982238913433288,1.7290806084398826,-2.428552431668815
1.2365741643499597,1.6973969051977185,-1.6906301032870266,-1.963870978872916,-1.4982283701130223,1.7290710692336027,-2.428557684848236
1.2365755477872127,1.697397556997562,-1.6906308689610048,-1.9638708254777897,-1.4982330494896727,1.729063612298351,-2.4285620014234177
1.236577033371113,1.6973981694835527,-1.6906311266870007,-1.9638706474008953,-1.4982385176390474,1.7290556256401057,-2.4285663869783316
1.2365784777514948,1.697398755061105,-1.6906312514065616,-1.963870444418729,-1.4982442187217881,1.7290485877298782,-2.4285703113083095
1.2365799378468223,1.6973993147800561,-1.6906311337128581,-1.963870226169267,-1.4982502482793376,1.7290417996638827,-2.428574054901676
1.2365813701727932,1.6973998545635383,-1.6906309025941297,-1.9638699956120043,-1.4982563966904145,1.7290356686190473,-2.428577481455149
1.2365827863669077,1.6974003768386188,-1.69063055129913,-1.9638697575508022,-1.4982626447585397,1.7290300108660646,-2.4285806726464716
1.2365841725423647,1.6974008850110982,-1.6906301322136248,-1.963869514664071,-1.4982689010754482,1.7290249279867873,-2.428583601333461
1.2365855299666288,1.6974013812732385,-1.6906296588057508,-1.9638692696563143,-1.498275132769432,1.7290203640307706,-2.4285862972201913
1.2365868540547955,1.6974018678183014,-1.6906291567372476,-1.9638690243842707,-1.4982812950461697,1.7290163322725907,-2.428588762595929
1.236588144580468,1.6974023463093333,-1.6906286393161831,-1.9638687804245976,-1.4982873637041372,1.729012803889099,-2.4285910141018467
1.236589400297317,1.6974028182181802,-1.6906281207585854,-1.9638685389238248,-1.4982933161655565,1.7290097653475927,-2.428593061575293
1.2365906213643143,1.6974032847194442,-1.6906276104635993,-1.9638683007720539,-1.4982991387227764,1.7290071916298027,-2.4285949182082818
1.2365918079562817,1.697403746797602,-1.6906271165558109,-1.96386806660621,-1.4983048211085408,1.7290050606662493,-2.428596595333566
1.236592960780344,1.697404205241943,-1.6906266447659903,-1.9638678368796085,-1.498310357630317,1.7290033473299347,-2.4285981047907823
1.2365940806922504,1.6974046606904027,-1.6906261994942937,-1.9638676118885496,-1.4983157453436846,1.729002027170393,-2.4285994576487755
1.2365951687728454,1.697405113644291,-1.6906257837358603,-1.9638673918088752,-1.4983209838856801,1.729001075265467,-2.42860066472458
1.2365962262034094,1.6974055644924617,-1.6906253994867648,-1.9638671767194815,-1.4983260746879619,1.7290004672775605,-2.4286017362682344
1.2365972542541641,1.6974060135268951,-1.6906250478620894,-1.963866966624736,-1.4983310206421199,1.7290001793404008,-2.4286026820690916
1.2365982542331113,1.6974064609588342,-1.6906247293016847,-1.9638667614714593,-1.498335825677865,1.7290001884055004,-2.4286035113807998
1.2365992274653481,1.6974069069315538,-1.69062444369244,-1.9638665611634105,-1.498340494490453,1.7290004722936885,-2.428604232946686
1.2366001752677618,1.697407351532,-1.6906241904941062,-1.9638663655727608,-1.4983450322875842,1.7290010098216961,-2.42860485498976
1.2366010989338712,1.6974077948005777,-1.6906239688331244,-1.963866174549475,-1.4983494446019796,1.7290017808425564,-2.428605385228325
1.2366019997205049,1.697408236739717,-1.6906237775856119,-1.963865987928771,-1.4983537371353541,1.729002766284934,-2.4286058308866774
1.2366028788389736,1.6974086773211838,-1.6906236154435865,-1.9638658055370684,-1.4983579156391138,1.7290039481602837,-2.4286061987132737
1.236603737448511,1.6974091164923748,-1.6906234809704932,-1.9638656271966566,-1.4983619858203632,1.7290053095590294,-2.428606494999248
1.2366045766521703,1.6974095541816852,-1.6906233726460984,-1.9638654527293238,-1.498365953270967,1.7290068346317444,-2.4286067255993746
1.2366053974943951,1.6974099903030855,-1.6906232889031492,-1.9638652819591298,-1.498369823414411,1.729008508561828,-2.428606895953584
1.236606200960044,1.6974104247599988,-1.6906232281567803,-1.9638651147144837,-1.498373601467597,1.7290103175305702,-2.428607011109141
1.2366069879744925,1.697410857448573,-1.6906231888279837,-1.9638649508296566,-1.4983772924144927,1.7290122486773167,-2.4286070757428395
1.2366077594045888,1.697411288260424,-1.6906231693620508,-1.9638647901458413,-1.4983809009893736,1.7290142900560699,-2.4286070941830267
1.236608516060242,1.6974117170849237,-1.690623168242851,-1.9638646325118467,-1.4983844316676573,1.7290164305899642,-2.428607070431182
1.2366092586964794,1.6974121438110894,-1.6906231840036419,-1.9638644777845051,-1.498387888662721,1.7290186600246293,-2.4286070081828908
1.2366099880158312,1.697412568329132,-1.6906232152350154,-1.963864325828854,-1.4983912759273603,1.7290209688812914,-2.428606910848075
1.236610704670935,1.697412990531708,-1.6906232605904874,-1.9638641765181408,-1.4983945971587922,1.7290233484102673,-2.428606781570396
1.2366114092672682,1.6974134103149199,-1.6906233187901578,-1.9638640297336967,-1.4983978558063085,1.729025790545354,-2.428606623245763
1.236612102365941,1.6974138275790978,-1.6906233886228055,-1.9638638853647086,-1.4984010550808458,1.7290282878595082,-2.4286064385399095
1.2366127844864936,1.6974142422293963,-1.6906234689467194,-1.963863743307921,-1.4984041979658875,1.7290308335220832,-2.4286062299050264
1.2366134561096538,1.6974146541762352,-1.6906235586895235,-1.963863603467286,-1.4984072872292222,1.7290334212578404,-2.4286059995954408
1.2366141176800263,1.697415063335605,-1.6906236568472064,-1.9638634657535832,-1.4984103254351826,1.7290360453078597,-2.428605749682358
1.236614769608688,1.6974154696292634,-1.6906237624825353,-1.9638633300840185,-1.498413314957073,1.729038700392428,-2.4286054820676886
1.2366154122756718,1.6974158729848352,-1.6906238747230025,-1.9638631963818183,-1.4984162579895492,1.729041381675952,-2.4286051984969768
1.2366160460323297,1.6974162733358373,-1.6906239927584252,-1.9638630645758222,-1.4984191565607794,1.7290440847338915,-2.428604900571475
1.2366166712035664,1.6974166706216387,-1.6906241158383004,-1.9638629346000849,-1.4984220125442516,1.7290468055216908,-2.4286045897593938
1.236617288089942,1.6974170647873683,-1.6906242432689969,-1.9638628063934889,-1.4984248276701337,1.7290495403456683,-2.428604267406365
1.2366179367455774,1.6974174201434697,-1.6906242493842625,-1.96386266937899,-1.4984278884626927,1.7290526431015685,-2.4286037462232906
1.2366186083532908,1.6974177285488115,-1.6906241315444992,-1.963862521441643,-1.498431196184352,1.729056210587569,-2.4286029689581854
