0.0,0.0,0.0,0.0,0.0,0.0,0.0
0.17148330566698636,-0.03862710277973024,-0.16647916723975603,-0.09324142220464346,-0.15348730062550464,0.1780501505181759,-0.23449534144727438
0.3258188937953438,-0.10350245175162656,-0.31628070833308575,-0.2734778277300988,-0.29162587118845884,0.33829556125597726,-0.44555542521510544
0.4647225361626768,-0.1809663000259367,-0.4510742359444478,-0.4986059719990733,-0.4159505846951176,0.48251718573504265,-0.6355294159882009
0.5897331749451746,-0.24745394093890338,-0.5724533315441076,-0.7012179448605254,-0.5278428268511105,0.612314945679333,-0.8064729207737229
0.7022419693799307,-0.30523131209504545,-0.6817257638733669,-0.8835654991050769,-0.6285458447915041,0.7291323975263205,-0.960306040805226
0.8035017170758044,-0.3553807803787329,-0.7800862538861402,-1.0476771304674104,-0.7191785609378584,0.8342684190002867,-1.098750018163241
0.894636244280182,-0.39786278010912673,-0.8686127109864535,-1.1953775756144656,-0.8007480054695773,0.9288910044251283,-1.2233492165999207
0.9766569643946561,-0.43162171272460004,-0.9482845880516468,-1.328308092316943,-0.8741605055481242,1.0140512508413428,-1.3354891437994756
1.050475171608508,-0.4546905709691411,-1.0199877892481413,-1.4479456070297554,-0.9402317556188164,1.090695375530301,-1.4364154574303396
1.1169117743047956,-0.46429343828102,-1.0845207689941674,-1.5556193827457834,-0.9996954211045268,1.1596743802436027,-1.5272493656158224
1.1767046758253554,-0.45696663941777527,-1.142600430471544,-1.6525257809301523,-1.0532127033854308,1.2217555232409474,-1.6089998829827568
1.230516759505553,-0.4287185282423549,-1.1948707425354428,-1.7397424979187743,-1.1013791333649687,1.2776297380279324,-1.6825753192859942
1.2789468013024912,-0.37523595563080075,-1.2419140233929518,-1.8182379190249736,-1.144729293358237,1.3279165829977928,-1.748793119253934
1.322522840231741,-0.2921247097505347,-1.28425297616471,-1.8888893644342981,-1.1837482004594602,1.373176943858172,-1.8083883763586428
1.3619934137185497,-0.19333082616048408,-1.3275250083853507,-1.9085743356495821,-1.216140755148386,1.4149412216127146,-1.8632117868887692
1.378122988246927,-0.09224823038151696,-1.3614846743911255,-1.8786917896892865,-1.2458464651646242,1.4524217338558247,-1.9121087035941742
1.3724408727849988,0.013079107664888942,-1.3916003815371258,-1.8428893635595942,-1.2752915713793462,1.4858304014150652,-1.955294778060983
1.3818213077850516,0.12147326265942167,-1.4507185339932267,-1.8094231834587513,-1.3013386275329637,1.5159631012761867,-1.9942632771935849
1.4157319904105632,0.2360308511016819,-1.5427158124518794,-1.7871880285005703,-1.3248142362597635,1.5428453000574724,-2.0293045389402535
1.4457513411220566,0.36381967676034843,-1.6406855398267104,-1.778262571495148,-1.3456739653850707,1.5666579784516688,-2.0608881528852567
1.4725344160736393,0.5036807129198193,-1.7395996285210746,-1.7933476615922557,-1.3638878447790648,1.5878592239108018,-2.0895186961258365
1.4964516219162787,0.6295559327577274,-1.8192777525232464,-1.8220558484163254,-1.3803266411576058,1.6071287136601369,-2.115271233276084
1.518142108987168,0.7428765523048366,-1.8823901304799666,-1.8568991130194727,-1.3952888297373987,1.6246275676143496,-2.1384483113624353
1.5376618100486255,0.8448408094388187,-1.9245439829884796,-1.894802522643929,-1.4086688846450024,1.6402760589367729,-2.158018101711797
1.5553062689674035,0.9366544549469409,-1.9468264901493897,-1.93482289078817,-1.4205749739976108,1.6546346918067456,-2.178380666574998
1.5711944119192198,1.0192675114781002,-1.9487758167158342,-1.9745223022392753,-1.4315397265790404,1.6673502117564472,-2.1952526532365635
1.5855210651356386,1.0936278191254107,-1.9296641326237685,-2.0162578606505828,-1.4415646639482858,1.6786880599797287,-2.210638841385304
1.5983187655497268,1.1605710926583004,-1.9461908906185228,-2.0357368874678032,-1.4515042649705232,1.6879915730927801,-2.2208704008431495
1.6099654812595205,1.2208004438199531,-1.955828939160339,-2.0703293214298166,-1.4599952777129384,1.6967858450425402,-2.233102007636379
1.6205087877956477,1.275014597533831,-1.949353190753667,-2.115595320191241,-1.467706320549758,1.7041731423360373,-2.2447452183316137
1.6298773238608644,1.3237790867976726,-1.9616448489950618,-2.1565870682169535,-1.474497057786528,1.711711004232613,-2.2540011501394326
1.6383463055092122,1.367670856793422,-1.9718245972291415,-2.193467500430181,-1.4805304000107584,1.718635933881543,-2.2634293362831457
1.6459725201433293,1.4071735467654132,-1.9799179544921628,-2.226648209133715,-1.485955158707159,1.7248812593695009,-2.272044867881745
1.6528725597935208,1.442734301319105,-1.9746045296491075,-2.256421345163381,-1.4908870761107615,1.7295487612865394,-2.2791332555992136
1.659100927378459,1.4747456777463628,-1.9628330242696745,-2.2831778042432647,-1.4953570135843974,1.732863108832987,-2.2852596150116904
1.664674527272732,1.5035438076146603,-1.9330800769537604,-2.3073280992719436,-1.4993093598058178,1.7376224546167125,-2.2912088701073516
1.6696902679856327,1.5294631420323663,-1.9063024243694375,-2.3290638215049437,-1.5028651000583426,1.7419124148988867,-2.2965636560002896
1.6742043522543653,1.552790765977658,-1.882202537043547,-2.348626032384693,-1.5060650182068804,1.7457747818887206,-2.301383072180374
1.678267101016331,1.5737854918395628,-1.8605126384502455,-2.366231956260868,-1.5089451420960454,1.74925005275139,-2.30572048696469
1.6819236290746158,1.5926806363384138,-1.8409917297162741,-2.382077240079538,-1.5115374036184188,1.7523771124484875,-2.309624111664012
1.6852144231469823,1.6096865061128034,-1.8234229118557,-2.3963380532092238,-1.5138701912090315,1.7551930056176892,-2.3131374948667642
1.6881761922700467,1.6249916654122583,-1.8076109757811831,-2.409172740072602,-1.5159698565269168,1.7577265390610513,-2.3162994827739296
1.6908418257310305,1.638766210285642,-1.793380233314118,-2.420723924821271,-1.517859675560392,1.760006103741386,-2.319145225906925
1.6932409272731719,1.651163222133095,-1.7805725650937594,-2.4311199660523695,-1.5195606054390962,1.7620572198205013,-2.3217063576349486
1.6954000416357233,1.6623207808611178,-1.7690456636954366,-2.440476455223639,-1.521091205608817,1.7639048578397147,-2.324011506120275
1.6973432796349879,1.6723624893572735,-1.7586714524369462,-2.448897268794109,-1.5224688513433227,1.765567137802269,-2.326086094085467
1.6990922215330648,1.6813999500143844,-1.749334662304305,-2.4564759801744405,-1.5237088164969415,1.7670627023358267,-2.327953185622027
1.7006662912506312,1.6895336016418452,-1.7409315511849277,-2.463296804037428,-1.5248248522731418,1.7684083096407135,-2.3296335369414893
1.7020829716376429,1.6968538363216394,-1.7333687511774882,-2.4694355325149795,-1.5258293385426556,1.769619024805966,-2.331145827353646
1.7033579070905265,1.7034423135162382,-1.7265622311707927,-2.474960436891026,-1.5267331407255678,1.7707104649787353,-2.332507033300813
1.7045053713082252,1.7093718747477709,-1.7204363631647666,-2.4799328348985843,-1.5275466315706574,1.77169232090009,-2.333732084089513
1.705538107607312,1.7147084221672872,-1.714923081959343,-2.4844079799789713,-1.5282788305747836,1.7725756169986957,-2.334834600365498
1.706467585644874,1.7195112661292695,-1.709961128874462,-2.4884355997135104,-1.5289378572924284,1.7733702658540156,-2.3358268399933384
1.7073041287276165,1.723833784357369,-1.7054953710980691,-2.492060448464396,-1.5295310211822695,1.774085178989133,-2.3367198342952604
1.7080570283111165,1.7277240155231415,-1.7014761890993155,-2.495322804800714,-1.5300649022164237,1.774728368873499,-2.337523510849858
1.7087346470817752,1.7312251933998597,-1.6978589253004372,-2.498258919156267,-1.5305454235219205,1.7753070403288875,-2.338246803981215
1.7093444227005927,1.7343765501000872,-1.6946033878814468,-2.500901468312594,-1.5309776472006238,1.7758298922626206,-2.3388979352945247
1.709893233703059,1.737212727654381,-1.6916734042043553,-2.503279753670709,-1.531366688697537,1.7763001699535954,-2.3394839305694437
1.7103871749131587,1.7397652491076585,-1.689036418894973,-2.5054202027606745,-1.5317168611137364,1.7767231638509202,-2.3400113060158776
1.7108317317745767,1.7420624850214834,-1.6866631321165289,-2.507346600273931,-1.5320320465732082,1.7771036346453184,-2.3404859261734
1.7112318414261314,1.7441299681785711,-1.684527174015929,-2.509080352264341,-1.5323157397338067,1.7774458623720528,-2.340913068765806
1.7115919474896168,1.7459906774796146,-1.6826048117253893,-2.510640724042321,-1.532571086401902,1.7777536952094504,-2.3412974834402833
1.7119160493871561,1.7476652934294619,-1.6808746856639036,-2.512045054273576,-1.5328009183108688,1.778030593272632,-2.3416434446229086
1.7122077467335772,1.7491724280568597,-1.6793175722085665,-2.5133089476631074,-1.5330077844424543,1.7782796679200672,-2.3419547990801486
1.7124702792948467,1.7505288318279446,-1.677916170098763,-2.514446448367042,-1.5331939792323341,1.7785037170426365,-2.3422350087174015
1.7127065629548361,1.7517495798568987,-1.67665490819994,-2.5154701960602943,-1.5333615679680463,1.778705256753556,-2.342487189092166
1.7129192220887217,1.7528482394862608,-1.6755197724909991,-2.5163915663951038,-1.533512409657419,1.7788865498522708,-2.342714144071415
1.7131106187016834,1.7538370211016752,-1.6744981503529526,-2.5172207974118446,-1.5336481776183881,1.7790496313954374,-2.3429183970195675
1.7132828786558492,1.7547269138590305,-1.6735786904287107,-2.517967103307252,-1.5337703780164462,1.779196331672701,-2.3431022188646664
1.713437915276251,1.755527807833863,-1.6727511764968928,-2.518638776824619,-1.5338803665536922,1.779328296853551,-2.3432676533554684
1.7135774505975647,1.7562486039516925,-1.6720064139582567,-2.5192432814039947,-1.53397936349331,1.7794470075435989,-2.343416539790782
1.7137030344873039,1.7568973129219188,-1.6713361276734842,-2.519787334116574,-1.5340684671851361,1.779553795463753,-2.34355053347418
1.7138160618576115,1.7574811442755043,-1.670732870017189,-2.520276980304995,-1.5341486662415662,1.779649858443588,-2.343671124121826
1.713917788156632,1.7580065864965402,-1.6701899381265233,-2.520717660759078,-1.5342208504982542,1.7797362739004177,-2.343779652428339
1.7140093433113717,1.758479479138691,-1.6697012994249243,-2.5211142721735516,-1.5342858208807117,1.7798140109579001,-2.3438773249750766
1.7140917442767913,1.7589050777283486,-1.669261524593485,-2.521471221559641,-1.5343442982858833,1.779883941342196,-2.343965227646756
1.7141659063304244,1.759288112176081,-1.6688657272451897,-2.521792475215196,-1.5343969315769255,1.7799468491795507,-2.3440443377057005
1.714232569604388,1.759633157962062,-1.668509509631724,-2.5220816361241365,-1.5344440582456025,1.7800056689107757,-2.3441157249484066
1.7142925681645402,1.7599436933778925,-1.6681889137796049,-2.522341879805483,-1.5344864772210656,1.780058566909719,-2.3441799703416244
1.714346568580918,1.7602231690478,-1.6679003775126977,-2.5225760979458265,-1.5345246595415218,1.780106132268885,-2.3442377878094907
1.7143951704904914,1.7604746915846063,-1.6676406948724811,-2.522786893220906,-1.5345590283278152,1.780148902640016,-2.344289820491378
1.7144389135846905,1.760701056875555,-1.6674069804962863,-2.5229766080263434,-1.5345899644448062,1.780187361471882,-2.344336647178147
1.7144782836028312,1.7609047811584768,-1.667196637557711,-2.5231473505065285,-1.5346178107233142,1.7802219434534987,-2.3443787887487604
1.7145137177254135,1.7610881289934215,-1.6670073289129932,-2.523301017981057,-1.5346428757575934,1.780253039435321,-2.344416713965051
1.7145456094283194,1.7612531384363475,-1.666836951132747,-2.5234393180283616,-1.5346654373237787,1.7802810008531524,-2.3444508446866053
1.7145743128517918,1.7614016436947528,-1.6666836111305254,-2.523563787460844,-1.5346857454571161,1.7803061437050647,-2.3444815605637923
1.7146001467326932,1.7615352955171424,-1.6665456051285261,-2.523675809402374,-1.5347040252220154,1.7803287521266027,-2.3445092032611736
1.7146233979436876,1.7616555795430207,-1.6664213997267268,-2.523776628657934,-1.534720479205571,1.7803490816049383,-2.34453408025829
1.7146443246786398,1.7617638328174254,-1.6663096148651073,-2.523867365546208,-1.534735289762145,1.780367361868508,-2.344556468270126
1.7146631593195891,1.7618612586536024,-1.66620900848965,-2.523949028348831,-1.5347486210338495,1.7803837994849543,-2.3445766163253103
1.7146801110171286,1.7619489400090558,-1.6661184627517382,-2.524022524514645,-1.5347606207692999,1.7803985801968618,-2.3445947485363057
1.7146953680128356,1.7620278515236794,-1.6660369715876175,-2.5240886707434687,-1.534771421960767,1.7804118710217913,-2.344611066592412
1.7147090997295378,1.7620988703537972,-1.665963629539909,-2.524148202061433,-1.5347811443178598,1.7804238221404234,-2.34462575200332
1.714721458652622,1.7621627859225544,-1.6658976216969712,-2.52420177998874,-1.534789895594052,1.780434568594216,-2.3446389681181743
1.7147325820232746,1.7622203086950503,-1.6658382146383273,-2.5242499998905994,-1.534797772780748,1.780444231811812,-2.3446508619426174
1.7147425933624503,1.7622720780757664,-1.6657847482855477,-2.5242933975930377,-1.534804863182108,1.780452920981489,-2.344661565774022
1.7147516038424941,1.762318669516078,-1.6657366285680462,-2.524332455337091,-1.53481124538254,1.7804607342851868,-2.3446711986731077
1.7147597135216428,1.762360600910864,-1.6656933208222948,-2.5243676071375507,-1.5348169901175728,1.780467760008091,-2.3446798677883125
1.714767012455114,1.7623983383553188,-1.6656543438511187,-2.524399243605808,-1.53482216105776,1.7804740775363226,-2.3446876695476564
1.714773581695121,1.7624323013259608,-1.66561926457706,-2.5244277162903903,-1.5348268155142966,1.7804797582540293,-2.3446946907313504
1.714779494190916,1.7624628673434342,-1.6655876932304072,-2.524453341583426,-1.534831005074167,1.7804848663500226,-2.3447010094370855
1.714784815598855,1.7624903761689314,-1.6655592790184197,-2.524476404236439,-1.5348347761718595,1.7804894595430896,-2.3447066959487426
1.714789605011481,1.7625151335808893,-1.665533706227631,-2.5244971605245534,-1.5348381706039838,1.7804935897341783,-2.3447118135181824
1.7147939156137202,1.7625374147739372,-1.6655106907159212,-2.5245158410942596,-1.534841225992492,1.780497303592833,-2.3447164190688143
1.714797795273477,1.7625574674178814,-1.6654899767553824,-2.5245326535263914,-1.5348439762016357,1.7805006430845118,-2.344720563828774
1.7148012870731875,1.7625755144107296,-1.6654713341908973,-2.524547784642794,-1.5348464517132805,1.7805036459447443,-2.344724293900744
1.7148044297882326,1.7625917563563578,-1.6654545558828608,-2.5245614025823144,-1.5348486799647352,1.7805063461054933,-2.344727650774768
1.7148072583175231,1.76260637379436,-1.665439455405628,-2.524573658669183,-1.5348506856528403,1.7805087740785368,-2.344730671789752
1.714809804071039,1.7626195292068696,-1.6654258649761184,-2.5245846890945502,-1.534852491007685,1.780510957300205,-2.3447333905487935
1.714812095318625,1.7626313688246578,-1.6654136335895597,-2.52459461642986,-1.5348541160389864,1.7805129204413683,-2.344735837292956
1.7148141575039186,1.762642024252587,-1.665402625341657,-2.5246035509888802,-1.5348555787578606,1.780514685686179,-2.3447380392376442
1.714816013526891,1.762651613932487,-1.6653927179185444,-2.524611592053524,-1.534856895376444,1.7805162729827169,-2.344740020875328
1.7148176839981444,1.7626602444597137,-1.665383801237743,-2.524618828977084,-1.5348580804875769,1.78051770026837,-2.3447418042479744
1.714819187467785,1.7626680117680267,-1.665375776225022,-2.524625342177136,-1.534859147226539,1.7805189836725006,-2.3447434091922252
1.7148205406314168,1.7626750021959565,-1.6653685537135732,-2.5246312040291503,-1.5348601074166335,1.7805201376986808,-2.3447448535600417
1.7148217585155399,1.7626812934465133,-1.6653620534532692,-2.5246364796707383,-1.5348609717002284,1.7805211753885626,-2.344746153417276
1.7148228546444155,1.7626869554509057,-1.6653562032189955,-2.5246412277254686,-1.534861749656709,1.7805221084692298,-2.3447473232223723
1.7148238411902486,1.7626920511458726,-1.665350938008149,-2.5246455009542994,-1.5348624499086514,1.7805229474856976,-2.3447483759871908
1.7148247291083556,1.7626966371732646,-1.6653461993183873,-2.5246493468418656,-1.5348630802173895,1.780523701920059,-2.34474932342174
1.7148255282588214,1.762700764509655,-1.665341934497602,-2.5246528081241335,-1.5348636475690371,1.7805243802986204,-2.344750176064429
1.714826247515991,1.7627044790329767,-1.665338096158895,-2.524655923263289,-1.534864158251919,1.7805249902882396,-2.3447509433992875
1.7148268948670173,1.762707822032485,-1.6653346416540589,-2.524658726875133,-1.5348646179262666,1.7805255387829548,-2.3447516339614567
1.714827477500556,1.762710830667714,-1.6653315325997062,-2.5246612501137378,-1.5348650316869539,1.78052603198188,-2.344752255432128
1.7148280018865933,1.7627135383815282,-1.6653287344507888,-2.5246635210176334,-1.5348654041199656,1.7805264754592511,-2.344752814723981
1.714828473848293,1.762715975271862,-1.665326216116763,-2.5246655648213765,-1.5348657393532275,1.780526874227411,-2.3447533180580735
1.7148288986266615,1.7627181684262758,-1.6653239496161398,-2.52466740423596,-1.5348660411023565,1.7805272327934458,-2.3447537710330404
1.7148292809387473,1.7627201422230527,-1.6653219097655791,-2.524669059701178,-1.534866312711845,1.7805275552101145,-2.344754178687367
1.7148296250300226,1.7627219186021779,-1.6653200739000744,-2.524670549612759,-1.5348665571921276,1.7805278451216429,-2.3447545455554324
1.7148299347215283,1.7627235173092157,-1.66531842162112,-2.524671890526778,-1.5348667772529496,1.7805281058049036,-2.344754875717946
1.714830213452305,1.762724956114794,-1.6653169345700614,-2.5246730973436327,-1.5348669753333988,1.7805283402064445,-2.3447551728473384
1.7148304643175833,1.7627262510121353,-1.6653155962241084,-2.524674183473616,-1.5348671536289407,1.780528550975785,-2.344755440248609
1.7148306901031547,1.7627274163948323,-1.6653143917127509,-2.5246751609859333,-1.5348673141157512,1.7805287404953574,-2.3447556808960885
1.7148308933163074,1.7627284652168416,-1.665313307652529,-2.524676040742819,-1.5348674585726205,1.7805289109074276,-2.344755897466523
1.7148310762136696,1.7627294091364745,-1.6653123319983294,-2.524676832520236,-1.5348675886006682,1.780529064138306,-2.344756092368847
1.7148312408262674,1.7627302586459868,-1.6653114539095497,-2.5246775451165093,-1.5348677056410893,1.7805292019201149,-2.3447562677709786
1.7148313889820799,1.762731023188207,-1.665310663629648,-2.524678186450094,-1.5348678109911282,1.7805293258103632,-2.344756425623933
1.714831522326338,1.7627317112614989,-1.6653099523777364,-2.5246787636475645,-1.5348679058184567,1.7805294372095488,-2.3447565676835245
1.7148316423397945,1.7627323305142262,-1.6653093122510159,-2.5246792831228086,-1.534867991174116,1.7805295373769847,-2.3447566955298966
1.7148317503551669,1.7627328878297697,-1.6653087361369674,-2.524679750648297,-1.5348680680041669,1.7805296274450317,-2.344756810585097
1.7148318475719375,1.7627333894030388,-1.665308217634324,-2.5246801714192286,-1.5348681371601738,1.7805297084318958,-2.344756914128897
1.7148319350696728,1.7627338408093336,-1.6653077509819447,-2.5246805501112597,-1.5348681994086448,1.780529781253135,-2.344757007313024
1.714832013820012,1.7627342470663165,-1.6653073309948034,-2.524680890932461,-1.5348682554395268,1.7805298467320079,-2.3447570911739755
1.714832084697457,1.7627346126897872,-1.6653069530063764,-2.5246811976700787,-1.5348683058738528,1.7805299056087767,-2.344757166644545
1.714832148489083,1.7627349417438782,-1.665306612816792,-2.524681473732617,-1.534868351270625,1.780529958549075,-2.344757234564199
1.7148322059032794,1.7627352378862313,-1.665306306646166,-2.5246817221877156,-1.5348683921330106,1.7805300061514306,-2.344757295688416
1.714832257577616,1.7627355044086532,-1.6653060310926027,-2.5246819457962375,-1.5348684289139194,1.78053004895403,-2.344757350697086
1.7148323040859226,1.7627357442737068,-1.6653057830943956,-2.524682147042947,-1.5348684620210227,1.7805300874408023,-2.344757400202077
1.7148323459446617,1.7627359601476416,-1.6653055598960091,-2.5246823281641215,-1.5348684918212723,1.7805301220468874,-2.3447574447540376
1.7148323836186639,1.7627361544300308,-1.6653053590174616,-2.524682491172401,-1.534868518644968,1.780530153163556,-2.344757484848524
1.714832417526289,1.7627363292804445,-1.6653051782267687,-2.5246826378791525,-1.534868542789418,1.7805301811426313,-2.3447575209315117
1.6765624069099534,1.7555968349659121,-1.6719309738784325,-2.4748882721303134,-1.533601431427002,1.7790258483981007,-2.3561733329394965
1.676823026443199,1.7563109182540186,-1.6712682316016425,-2.4754391266995532,-1.5337281397742462,1.7791756820571,-2.3550317183144163
1.6797706136801815,1.7568586692319474,-1.670837352982363,-2.4794400837765758,-1.5338369441913147,1.7792986802963064,-2.354085777077366
1.6815742706827148,1.7572554833749738,-1.6706132500345132,-2.4821161804239082,-1.5339283409598887,1.779399907463295,-2.3533216075538337
1.6823527435428727,1.7575142811341886,-1.6705733617708312,-2.4835977062572843,-1.5340037258506085,1.7794763086295466,-2.3527264652753885
1.6822125352267154,1.7576475569967858,-1.6706974010324154,-2.4840026442880663,-1.5340635655280188,1.7795319166717554,-2.3522889440560992
1.6812494469575743,1.7576662864117107,-1.6709671266459232,-2.4834369046229097,-1.5341085804723786,1.7795680567507814,-2.3519986214820165
1.6795495697111602,1.7575803754360937,-1.6713661383600384,-2.481995751478887,-1.5341394376503001,1.7795859319705192,-2.3518460415648885
1.6771902575203521,1.7573987679592131,-1.6718796923192363,-2.479764867849143,-1.5341567541632053,1.779586644431766,-2.3518226217145397
1.6742410036508186,1.7571295408292364,-1.6724945349770695,-2.4768213133462753,-1.5341611017431402,1.7795712039184357,-2.3519205681583335
1.6707642290773188,1.7567799894816984,-1.6731987536438646,-2.473234386242968,-1.5341530108331327,1.7795405360110572,-2.352132799756581
1.6668159919738919,1.7563567050910776,-1.673981641981445,-2.4690663992582196,-1.5341329742237562,1.7794954895315676,-2.352452879372188
1.6624466261424309,1.755865644057572,-1.6748335789576,-2.4643733777243404,-1.5341014503230628,1.779436843384115,-2.352874952041647
1.6577014042821203,1.755311845089655,-1.6757459199175275,-2.4592056262622006,-1.5340591726985988,1.7793630282505903,-2.3533935195158144
1.6526207849899064,1.7547005350014915,-1.676710898546607,-2.453608485440179,-1.534006223937886,1.7792770950322676,-2.3540039060884705
1.6472411517558951,1.754036115544703,-1.6777215386519995,-2.4476226423156078,-1.533942977553866,1.7791796386900458,-2.354701690219871
1.6415951389515864,1.7533225683446205,-1.6787715747729743,-2.4412846570434015,-1.5338697835083905,1.7790712013464212,-2.355482840227806
1.6357120081688328,1.7525634969753605,-1.6798553807339598,-2.434627375092263,-1.5337869693730786,1.7789522824613344,-2.3563436780033333
1.6296179870546748,1.7517621640251078,-1.6809679053527962,-2.427680298073436,-1.5336948421203431,1.7788233427125615,-2.357280845899788
1.6233365741385934,1.7509215245189018,-1.682104614574853,-2.420469917421306,-1.5335936896970432,1.7786848074164832,-2.358291276886645
1.6168888131458417,1.7500442559530227,-1.6832614394149488,-2.413020014694739,-1.5334837825293237,1.7785370697539362,-2.359372167640504
1.6102935397454792,1.7491327854055942,-1.6844347290975936,-2.4053519317736645,-1.5333653748168399,1.7783804935798389,-2.3605209542881975
1.6035676035588609,1.7481893139327647,-1.6856212088937927,-2.3974848140006952,-1.5332387057322645,1.7782154160102879,-2.3617352905358
1.5967260678901654,1.7472158385379548,-1.686817942180307,-2.3894358289642015,-1.5331040005158478,1.7780421497761738,-2.3630130279479356
1.5897823893947765,1.7462141719717776,-1.6880222962957008,-2.3812203633491196,-1.5329614714552393,1.7778609853341618,-2.364352198166357
1.5827486704910834,1.7451855949525128,-1.6892319118163497,-2.372852155432529,-1.5328116830313436,1.7776700497668878,-2.365750839080213
1.5756355289914874,1.7441319814075777,-1.6904446749083941,-2.364343590624703,-1.5326544514968166,1.77747183447954,-2.3672074616052203
1.5684525084904064,1.7430546894623702,-1.6916586924485757,-2.3557057060862308,-1.5324899573461983,1.777266562961062,-2.3687205467574524
1.561208101499491,1.7419549537439531,-1.6928722696402045,-2.3469483667992717,-1.5323183719132385,1.7770544394940584,-2.3702887000877975
1.553909854992522,1.7408338979806752,-1.6940838898625445,-2.338080381700755,-1.53213985711054,1.776835655214995,-2.371910641420298
1.5465911581791418,1.739698829125704,-1.695218918998525,-2.3291209028605633,-1.531818724919827,1.7764642395144066,-2.373989906233153
1.5392313634399728,1.7385467102148915,-1.6963479784251747,-2.3200661046205346,-1.5314820105996731,1.7760883363213589,-2.3761471927468305
1.5318340388780036,1.737378711429933,-1.6974741461934628,-2.3109203224203387,-1.5311444433099686,1.775723292154746,-2.378331442498308
1.5243985298086815,1.7362097530470475,-1.6986017134359286,-2.3016695909251332,-1.530841062430554,1.7754706437002745,-2.380418714358514
1.5169340406756175,1.7350228531890828,-1.6997273550194907,-2.2923390799309,-1.5305367601570985,1.7752063380349132,-2.3825468263597043
1.5094440106169464,1.7338172322996959,-1.7008526262835257,-2.282936992849552,-1.5302164734941752,1.7749379795703037,-2.3847758354197652
1.5019324357203936,1.7325896703166215,-1.7019770976585482,-2.273461323027693,-1.529888846943685,1.7746364133002221,-2.387076173526812
1.49440340560037,1.7313263967967296,-1.703104787074024,-2.2639150533573504,-1.5295824634676105,1.7741975476331422,-2.3893963430870437
1.4868585100968768,1.7300184697362582,-1.7042412312900037,-2.2543009193120254,-1.5293371201654362,1.773583107771807,-2.3916161732152013
1.4792975916022224,1.728699684078353,-1.7053725805980184,-2.2446212766189317,-1.5290843672438978,1.7730034071970582,-2.3938700406112017
1.471714549649982,1.72740841288851,-1.706492837172379,-2.234876393338033,-1.528807768420391,1.7727300785676903,-2.396117840364022
1.4641211483421372,1.7261137420897266,-1.707596737254026,-2.2250735080797943,-1.5284863178949888,1.7725066120581565,-2.3985250350281
1.4565198623279214,1.7247964741865782,-1.7086925435593776,-2.2152167879858964,-1.5281542167832813,1.7722339142263668,-2.4010162712350427
1.448903939740559,1.723474054542586,-1.7097835723092285,-2.2052884680151332,-1.5279208792749086,1.7719947195992771,-2.4031804459957056
1.441285114875124,1.7221481081504615,-1.7108468704523865,-2.195302121420777,-1.5276258234780402,1.7717610146556655,-2.4055955826154705
1.433654297638013,1.7208137431221895,-1.7119061313765729,-2.185255025920317,-1.5273881870665749,1.7715329147771597,-2.4078518512940508
1.4260177977461823,1.7194642365255874,-1.712952387622458,-2.1751571000520924,-1.5271468947009983,1.7712706532611264,-2.4101886437642754
1.4183758239556916,1.7180975812773405,-1.7139881962436463,-2.1650123415828824,-1.526895209887714,1.7709846752416998,-2.41260434840959
1.4107264011418388,1.71671746663484,-1.7150166102858502,-2.154816991913402,-1.5266427774856535,1.7706870372921266,-2.4150732094215384
1.4030695480014865,1.715322331537188,-1.7160380578043983,-2.144565904662223,-1.526413969098631,1.7703749054569122,-2.4175395949452314
1.3954067513107873,1.7139148888423164,-1.7170476792350848,-2.1342669558739273,-1.5261745470800918,1.7700602217673385,-2.420082907383212
1.3877378855171396,1.7124963320910667,-1.718045208118927,-2.1239219938315377,-1.525915525387353,1.769748347096967,-2.4227130868093223
1.3800636109057263,1.7110515501206907,-1.7190353337432382,-2.113535339666162,-1.5256838546462568,1.7694033361820227,-2.4253038268096416
1.3723785980855063,1.7095561335366711,-1.7200431151084674,-2.103179573461087,-1.5254497314134794,1.769123659438424,-2.4277199997177394
1.364687588159023,1.7080515161123553,-1.7210343406086246,-2.0927735115820565,-1.5251975395265704,1.7688421536612267,-2.4302003092115116
1.3569905178988924,1.7065402783884953,-1.7220077607701334,-2.082310217334416,-1.5249333970118484,1.7685517480958843,-2.4327503371153276
1.3492868505212827,1.7050214057967332,-1.7229632981674607,-2.071789592696295,-1.5246586867104617,1.7682503986279323,-2.4353672131645405
1.3423535060568175,1.7036546223054356,-1.7238232818250554,-2.062321046656875,-1.5244111873332302,1.7679799980430653,-2.4377224529646018
1.3361135555227674,1.7024242498828104,-1.7245972671168905,-2.0537993256609006,-1.5241887726526517,1.767735490298874,-2.4398420987404323
1.3304975922924294,1.7013169511250168,-1.7252938538795421,-2.0461297822033297,-1.523988548821235,1.767515566968926,-2.4417497863120907
1.3254432179752589,1.7003204170703825,-1.7259207819659286,-2.039227198337691,-1.5238082987874493,1.767317763197779,-2.44346671114212
1.3208942741587693,1.6994235690193216,-1.7264850172436765,-2.0330148778049417,-1.5236460280735362,1.7671398581536162,-2.445011949028649
1.316800218267272,1.6986164361563663,-1.7269928289936496,-2.027423793965037,-1.523499941676596,1.766979853316424,-2.446402668214856
1.3131155619717652,1.697890044793621,-1.7274498595686254,-2.0223918228412407,-1.5233684240703105,1.7668359503349875,-2.447654320146339
1.3097993657606268,1.6972363186811228,-1.7278611870861036,-2.017863052858621,-1.5232500212188116,1.7667065310684333,-2.448780811151517
1.3068147840545041,1.6966479892799182,-1.728231381851834,-2.0137871636076388,-1.5231434243983397,1.7665901396039223,-2.4497946569533022
1.3041286558107632,1.696118515002653,-1.7285645571409913,-2.010118866730442,-1.5230474556445328,1.7664854660567544,-2.450707121729123
1.3017111360683564,1.6956420085258694,-1.7288644149012329,-2.00681740271774,-1.5229610546615109,1.7663913319779219,-2.451528343264592
1.299535364338897,1.6952131713676601,-1.7291342868854502,-2.003846088025321,-1.5228832670454302,1.7663066772111167,-2.4522674455915747
1.2975771661591793,1.6948272350048474,-1.729377171671246,-2.00117190747837,-1.522813233690049,1.7662305480565323,-2.4529326403623024
1.2958147844888779,1.6944799078763348,-1.7295957679784622,-1.9987651474349144,-1.5227501812552222,1.7661620866126735,-2.4535313180859823
1.2942286379688057,1.6941673276845133,-1.7297925046549567,-1.996599065632577,-1.5226934135912762,1.7661005211799157,-2.454070130241709
1.2928011696187507,1.6938857146429316,-1.7299695676638018,-1.9946495530021704,-1.5226427067774742,1.766043948084541,-2.454554997667887
1.291516446417349,1.6936322708618066,-1.7301289243717624,-1.9928949928805364,-1.522597059158756,1.7659930600532066,-2.454991379574032
1.290360193864076,1.6934041793269128,-1.7302723454089268,-1.9913158900024297,-1.522555965002756,1.7659472885579635,-2.455384124527605
1.2893195650468636,1.6931989040952877,-1.7304014243423749,-1.9898946985321042,-1.5225189699843837,1.765906119380762,-2.4557375961072228
1.288382997732494,1.6930141628763098,-1.730517595382478,-1.9886156272261717,-1.5224856651304282,1.765869089938406,-2.4560557215437324
1.2875400858991592,1.6928479016643612,-1.730622149318571,-1.9874644639741026,-1.5224556822869657,1.7658357841104888,-2.456342035354516
1.2867814641161244,1.6926982719065693,-1.7307162478610545,-1.9864284178844067,-1.5224286900423387,1.7658058275782895,-2.456599718614066
1.286098703485414,1.6925636099538208,-1.7308009365492898,-1.9854959771621925,-1.5224043900578579,1.7657788836302404,-2.456831634297542
1.2854842179893071,1.6924424185667755,-1.7308771563687015,-1.9846567811989766,-1.5223825137653662,1.7657546493874525,-2.4570403590900223
1.2849311802030516,1.692333350271416,-1.7309457542061721,-1.983901505453526,-1.5223628193949097,1.7657328524073808,-2.4572282120148716
1.2844334454362734,1.6922351923792074,-1.7310074922598957,-1.9832217578446363,-1.5223450892994597,1.7657132476278647,-2.4573972801993174
1.283985483460205,1.6921468535054196,-1.7310630565082468,-1.982609985504655,-1.522329127546946,1.7656956146175373,-2.457549442063513
1.2835823170621503,1.6920673514358064,-1.7311130643317627,-1.9820593908576793,-1.5223147577528522,1.7656797551019676,-2.4576863881907385
1.2832194667444636,1.691995802206809,-1.731158071372927,-1.98156385608996,-1.5223018211293033,1.765665490737958,-2.457809640110618
1.2828929009535877,1.6919314102779295,-1.7311985777099752,-1.9811178751732927,-1.5222901747289932,1.765652661111158,-2.4579205672040567
1.2825989912861488,1.6918734596870564,-1.7312350334133184,-1.9807164926860992,-1.522279689864468,1.7656411219346357,-2.4580204019177194
1.2823344721744052,1.6918213060904368,-1.7312678435463273,-1.980355248752425,-1.5222702506852366,1.7656307434282779,-2.458110253457093
1.2820964046031105,1.691774369598825,-1.7312973726660355,-1.9800301294870648,-1.5222617528969342,1.7656214088608966,-2.4581911201102784
1.2818821434546592,1.6917321283301816,-1.7313239488737726,-1.9797375223962006,-1.522254102608341,1.7656130132387353,-2.458263900339426
1.2816893081196823,1.6916941126072567,-1.731347867460736,-1.9794741762379977,-1.5222472152934854,1.7656054621256911,-2.4583294027630616
1.2815157560465538,1.6916598997355587,-1.7313693941890032,-1.9792371648971654,-1.5222410148573349,1.7655986705820452,-2.458388355140198
1.281359558935917,1.691629109303664,-1.7313887682444435,-1.9790238548720807,-1.522235432794728,1.7655925622098088,-2.4584414124560623
1.2812189813157324,1.6916013989536172,-1.73140620489434,-1.9788318760132204,-1.5222304074332367,1.765587068293987,-2.458489164199271
1.2810924612587955,1.6915764605744104,-1.7314218978792466,-1.9786590951877667,-1.5222258832515787,1.7655821270301333,-2.458532140911305
1.28097859302848,1.6915540168762195,-1.7314360215656626,-1.9785035925777692,-1.5222218102660385,1.765577682829529,-2.458570820081053
1.2808761114598868,1.6915338183073156,-1.731448732883437,-1.9783636403485063,-1.5222181434781052,1.7655736856941968,-2.4586056314499243
1.280783877902858,1.6915156402793745,-1.731460173069434,-1.9782376834500242,-1.5222148423772197,1.7655700906547303,-2.458636961786453
1.2807008675706721,1.6914992806703382,-1.7314704692368312,-1.9781243223385343,-1.5222118704931298,1.7655668572646355,-2.458665159183466
1.280626158153855,1.6914845575770647,-1.731479735787489,-1.9780222974256836,-1.522209194992901,1.7655639491455024,-2.4586905369255385
1.280558919572593,1.6914713072927825,-1.7314880756830808,-1.977930475082908,-1.5222067863181306,1.7655613335779021,-2.45871337696972
1.2804984047538939,1.6914593824868605,-1.7314955815891135,-1.9778478350453605,-1.5222046178583475,1.7655589811334147,-2.4587339330781917
1.2804439413310174,1.6914486505666582,-1.7315023369045428,-1.977773459075455,-1.5222026656569942,1.7655568653436529,-2.4587524336376743
1.2803949241729538,1.6914389922032433,-1.7315084166884294,-1.977706520760064,-1.5222009081467343,1.765554962402567,-2.4587690841968968
1.2803508086609432,1.691430300004583,-1.7315138884939272,-1.9776462763280043,-1.522199325911162,1.7655532508986818,-2.45878406975033
1.280311104637335,1.6914224773214592,-1.7315188131188752,-1.97759205638578,-1.5221979014702807,1.7655517115742585,-2.45879755679355
1.2802753709595518,1.6914154371728307,-1.7315232452813285,-1.977543258479758,-1.5221966190873777,1.765550327108677,-2.458809695173074
1.2802432105986512,1.6914091012786934,-1.7315272342275363,-1.9774993404021308,-1.5221954645951614,1.7655490819236002,-2.4588206197512155
1.2802142662280236,1.6914033991896864,-1.7315308242791234,-1.977459814166288,-1.5221944252392392,1.7655479620077326,-2.4588304519044617
1.2801882162532146,1.6913982675037662,-1.7315340553255518,-1.977424240584656,-1.5221934895372065,1.7655469547592026,-2.458839300872015
1.2801647712387598,1.6913936491612382,-1.7315369632673374,-1.9773922243887565,-1.52219264715179,1.765546048843797,-2.4588472649694855
1.280143670692331,1.6913894928103097,-1.7315395804149445,-1.9773634098372634,-1.522191888776643,1.765545234067452,-2.4588544326812167
1.280124680170463,1.6913857522361069,-1.7315419358477908,-1.977337476763258,-1.522191206033531,1.7655445012615698,-2.4588608836433843
1.2801075886737046,1.6913823858468104,-1.7315440557373525,-1.9773141370167608,-1.5221905913797702,1.765543842179869,-2.4588666895287856
1.2800922063022493,1.6913793562111945,-1.731545963637958,-1.977293131263012,-1.5221900380248992,1.76554324940561,-2.458871914843154
1.2800783621460021,1.6913766296424264,-1.7315476807485028,-1.9772742261009286,-1.5221895398556595,1.7655427162681512,-2.4588766176418435
1.2800659023856342,1.691374175823501,-1.7315492261479932,-1.9772572114697167,-1.5221890913684597,1.7655422367678981,-2.458880850174847
1.2800546885835307,1.691371967470144,-1.7315506170075345,-1.9772418983148234,-1.5221886876085726,1.7655418055088024,-2.4588846594673157
1.2800445961456413,1.691369980027436,-1.7315518687811218,-1.9772281164872985,-1.5221883241153988,1.7655414176376492,-2.4588880878420274
1.2800355129371435,1.6913681913967848,-1.7315529953773503,-1.9772157128532175,-1.5221879968731875,1.7655410687894515,-2.4588911733896093
1.280027338036537,1.6913665816902095,-1.731554009313956,-1.9772045495921675,-1.5221877022666723,1.7655407550383382,-2.45889395039174
1.2800199806143282,1.6913651330092034,-1.7315549218569013,-1.9771945026658833,-1.522187437041132,1.7655404728533806,-2.4588964497020354
1.280013358923843,1.6913638292457207,-1.731555743145552,-1.9771854604400227,-1.522187198266433,1.7655402190588632,-2.458898699088841
1.2800073993929586,1.691362655903068,-1.7315564823053375,-1.977177322443764,-1.52218698330466,1.765539990798551,-2.458900723543752
1.2800020358066595,1.6913615999347147,-1.7315571475491445,-1.9771699982534456,-1.5221867897809727,1.7655397855035502,-2.4589025455592797
1.2799972085713371,1.6913606495992286,-1.7315577462685707,-1.977163406487842,-1.5221866155573702,1.7655396008634034,-2.4589041853787514
1.2799928640526592,1.6913597943297203,-1.7315582851160545,-1.9771574739039137,-1.5221864587090712,1.765539434800091,-2.4589056612212237
1.2799889539796498,1.6913590246163495,-1.7315587700787898,-1.9771521345829814,-1.5221863175032502,1.765539285444648,-2.4589069894839013
1.2799854349083621,1.6913583319005838,-1.7315592065452514,-1.9771473291982855,-1.5221861903798939,1.765539151116134,-2.458908184924319
1.279982267739182,1.6913577084800364,-1.731559599365067,-1.977143004355788,-1.5221860759345671,1.7655390303027176,-2.458909260824302
1.2799794172824004,1.691357147422821,-1.731559952902901,-1.977139112000896,-1.5221859729028973,1.7655389216446642,-2.458910229137533
1.2799768518672296,1.691356642490477,-1.7315602710869518,-1.9771356088845138,-1.522185880146606,1.765538823919035,-2.458911100622362
1.2799745429899154,1.6913561880686019,-1.7315605574525974,-1.9771324560824879,-1.5221857966409342,1.7655387360259256,-2.458911884961338
1.279972464997038,1.6913557791044256,-1.7315608151816784,-1.9771296185631109,-1.522185721463321,1.7655386569760876,-2.458912590868783
1.2799705948004834,1.6913554110506268,-1.7315610471378513,-1.9771270647978734,-1.522185653783211,1.7655385858797974,-2.4589132261876134
1.2799689116209156,1.6913550798147718,-1.7315612558984068,-1.977124766411141,-1.52218559285288,1.7655385219368431,-2.458913797976478
1.279967396756903,1.6913547817138097,-1.7315614437829068,-1.9771226978648655,-1.5221855379991733,1.7655384644275203,-2.4589143125881816
1.27996603337713,1.6913545134331203,-1.7315616128789568,-1.9771208361748225,-1.5221854886160695,1.7655384127045315,-2.4589147757402676
1.279964806333389,1.6913542719896586,-1.7315617650654018,-1.9771191606552283,-1.5221854441579852,1.7655383661857027,-2.458915192578542
1.2799637019922714,1.691354054698786,-1.7315619020332025,-1.9771176526888936,-1.5221854041337475,1.7655383243474314,-2.4589155677342474
1.2799627080836897,1.691353859144419,-1.731562025304223,-1.9771162955203623,-1.522185368101168,1.7655382867187939,-2.458915905375514
1.2799618135645483,1.6913536831521652,-1.7315621362481415,-1.977115074069737,-1.5221853356621575,1.7655382528762458,-2.4589162092536725
1.2799610084960447,1.6913535247651454,-1.7315622360976681,-1.9771139747651219,-1.5221853064583282,1.7655382224388552,-2.4589164827449324
1.279960283933243,1.6913533822222355,-1.7315623259622421,-1.9771129853918212,-1.5221852801670341,1.7655381950640157,-2.4589167288878917
1.2799596318256874,1.6913532539384835,-1.7315624068403586,-1.9771120949566183,-1.5221852564978064,1.7655381704435906,-2.4589169504172976
1.2799590449279572,1.691353138487487,-1.7315624796306635,-1.9771112935656263,-1.522185235189145,1.765538148300445,-2.4589171497944315
1.2799585167191627,1.691353034585532,-1.7315625451419379,-1.9771105723143554,-1.5221852160056288,1.7655381283853273,-2.4589173292344535
1.279958041330494,1.6913529410773205,-1.7315626041020848,-1.977109923188771,-1.5221851987353157,1.7655381104740628,-2.458917490731015
1.2799576134800141,1.6913528569231229,-1.731562657166217,-1.9771093389762486,-1.5221851831874,1.765538094365032,-2.4589176360784073
1.2799572284139717,1.6913527811872187,-1.7315627049239362,-1.9771088131854317,-1.5221851691901056,1.7655380798769007,-2.458917766891499
1.2799568818539844,1.691352713027491,-1.7315627479058833,-1.9771083399741043,-1.5221851565887874,1.765538066846579,-2.4589178846236766
1.2799565699495012,1.6913526516860637,-1.7315627865896357,-1.9771079140842767,-1.5221851452442232,1.765538055127386,-2.458917990582991
1.2799562892350216,1.691352596480874,-1.731562821405013,-1.9771075307837622,-1.5221851350310753,1.7655380445873992,-2.4589180859466944
1.2799560365915894,1.6913525467980883,-1.7315628527388525,-1.9771071858135965,-1.5221851258365062,1.7655380351079688,-2.458918171774315
1.2799558092121401,1.691352502085278,-1.731562880939308,-1.9771068753407148,-1.5221851175589318,1.7655380265823837,-2.4589182490194323
1.2799556045703115,1.6913524618452755,-1.731562906319718,-1.9771065959153622,-1.5221851101068988,1.7655380189146688,-2.458918318540271
1.2799554203923738,1.6913524256306478,-1.7315629291620869,-1.9771063444327615,-1.5221851033980747,1.7655380120185058,-2.458918381109236
1.279955254631967,1.6913523930387195,-1.731562949720219,-1.977106118098616,-1.522185097358338,1.7655380058162613,-2.458918437421493
1.2799551054473646,1.691352363707097,-1.7315629682225377,-1.9771059143980605,-1.5221850919209594,1.7655380002381131,-2.4589184881026944
1.2799549711810096,1.6913523373096386,-1.7315629848746248,-1.9771057310677185,-1.5221850870258649,1.7655379952212646,-2.4589185337159285
1.2799548503410987,1.6913523135528277,-1.731562999861503,-1.977105566070553,-1.5221850826189713,1.765537990709237,-2.458918574767977
1.2799547415850066,1.6913522921725093,-1.7315630133496933,-1.9771054175732319,-1.5221850786515896,1.7655379866512346,-2.458918611714944
1.2799546437043685,1.691352272930953,-1.7315630254890646,-1.9771052839257581,-1.5221850750798862,1.7655379830015727,-2.4589186449673264
1.2799545556116547,1.6913522556142093,-1.731563036414499,-1.9771051636431354,-1.5221850718643994,1.765537979719163,-2.4589186748945706
1.2799544763280866,1.6913522400297316,-1.7315630462473899,-1.9771050553888683,-1.5221850689696028,1.7655379767670518,-2.4589187018291807
1.2799544049727622,1.691352226004234,-1.7315630550969916,-1.9771049579601117,-1.5221850663635133,1.7655379741120034,-2.458918726070411
1.2799543407528686,1.6913522133817651,-1.7315630630616332,-1.9771048702743064,-1.5221850640173373,1.7655379717241262,-2.4589187478875916
1.2799542829548727,1.6913522020219742,-1.7315630702298106,-1.9771047913571496,-1.5221850619051533,1.7655379695765365,-2.45891876752312
1.2799542309365939,1.6913521917985506,-1.7315630766811703,-1.9771047203317695,-1.5221850600036246,1.7655379676450556,-2.4589187851951544
1.2799541841200688,1.6913521825978184,-1.731563082487394,-1.9771046564089827,-1.5221850582917418,1.7655379659079373,-2.458918801100039
1.2799541419851295,1.6913521743174738,-1.7315630877129953,-1.977104598878524,-1.5221850567505912,1.7655379643456242,-2.4589188154144828
1.279954104063624,1.6913521668654465,-1.7315630924160366,-1.977104547101156,-1.522185055363145,1.7655379629405263,-2.4589188282975254
1.2799540699342151,1.6913521601588766,-1.7315630966487736,-1.9771045005015646,-1.5221850541140742,1.7655379616768236,-2.458918839892303
1.2799540392176985,1.6913521541231926,-1.731563100458237,-1.9771044585619686,-1.522185052989578,1.7655379605402883,-2.458918850327638
1.2799540115727897,1.6913521486912833,-1.731563103886754,-1.9771044208163648,-1.522185051977232,1.7655379595181238,-2.4589188597194704
1.2799539866923322,1.6913521438027503,-1.7315631069724193,-1.9771043868453506,-1.5221850510658512,1.765537958598821,-2.458918868172148
1.2799539642998852,1.6913521394032378,-1.731563109749518,-1.977104356271464,-1.5221850502453662,1.7655379577720294,-2.4589188757795837
1.2799539441466508,1.6913521354438268,-1.731563112248907,-1.9771043287549899,-1.5221850495067115,1.7655379570284397,-2.4589188826262984
1.2799539260087112,1.6913521318804923,-1.731563114498357,-1.9771043039901846,-1.522185048841726,1.7655379563596796,-2.4589188887883626
1.2799539096845396,1.6913521286736128,-1.731563116522862,-1.977104281701879,-1.5221850482430623,1.765537955758219,-2.458918894334239
1.279953894992762,1.691352125787531,-1.7315631183449165,-1.977104261642421,-1.522185047704106,1.7655379552172854,-2.458918899325544
1.2799538817701412,1.6913521231901558,-1.7315631199847656,-1.9771042435889246,-1.522185047218902,1.7655379547307883,-2.4589189038177337
1.2799538698697637,1.691352120852607,-1.7315631214606297,-1.9771042273407917,-1.5221850467820899,1.7655379542932497,-2.4589189078607183
1.2799538591594068,1.691352118748893,-1.7315631227889074,-1.9771042127174847,-1.5221850463888429,1.7655379538997427,-2.4589189114994165
1.2799538495200704,1.691352116855622,-1.7315631239843574,-1.9771041995565197,-1.5221850460348163,1.7655379535458362,-2.458918914774256
1.279953840844654,1.691352115151743,-1.7315631250602623,-1.9771041877116615,-1.5221850457160986,1.7655379532275455,-2.4589189177216215
1.2799538330367668,1.69135211361831,-1.7315631260285769,-1.9771041770512983,-1.522185045429168,1.7655379529412862,-2.458918920374259
1.2799538260096572,1.6913521122382729,-1.73156312690006,-1.9771041674569796,-1.5221850451708545,1.7655379526838353,-2.458918922761641
1.2799538196852485,1.6913521109962866,-1.7315631276843948,-1.9771041588221003,-1.5221850449383039,1.7655379524522934,-2.458918924910292
1.2799538139932716,1.6913521098785413,-1.7315631283902961,-1.9771041510507157,-1.5221850447289467,1.7655379522440533,-2.4589189268440843
1.2799538088704843,1.6913521088726087,-1.7315631290256073,-1.9771041440564754,-1.5221850445404699,1.76553795205677,-2.4589189285845032
1.2799538042599685,1.6913521079673037,-1.7315631295973872,-1.9771041377616647,-1.5221850443707907,1.7655379518883347,-2.4589189301508854
1.2799538001104978,1.6913521071525601,-1.7315631301119891,-1.9771041320963398,-1.5221850442180347,1.7655379517368506,-2.458918931560634
1.2799537963759682,1.6913521064193189,-1.731563130575131,-1.977104126997552,-1.5221850440805138,1.7655379516006116,-2.458918932829412
1.279953793014886,1.6913521057594267,-1.7315631309919586,-1.9771041224086467,-1.5221850439567086,1.7655379514780836,-2.4589189339713164
1.2799537899899076,1.6913521051655465,-1.7315631313671034,-1.9771041182786355,-1.5221850438452513,1.7655379513678868,-2.4589189349990335
1.2799537872674225,1.6913521046310744,-1.7315631317047337,-1.9771041145616288,-1.5221850437449103,1.7655379512687805,-2.458918935923982
1.279953784817182,1.6913521041500679,-1.7315631320086011,-1.9771041112163257,-1.5221850436545767,1.7655379511796483,-2.4589189367564384
1.2799537826119622,1.6913521037171784,-1.7315631322820817,-1.9771041082055554,-1.5221850435732527,1.7655379510994864,-2.458918937505652
1.2799537806272612,1.6913521033275927,-1.7315631325282141,-1.9771041054958645,-1.5221850435000397,1.7655379510273923,-2.4589189381799463
1.2799537788410273,1.691352102976979,-1.7315631327497334,-1.9771041030571446,-1.5221850434341286,1.765537950962554,-2.4589189387868133
1.2799537772334144,1.6913521026614384,-1.7315631329491008,-1.9771041008622987,-1.5221850433747912,1.765537950904241,-2.4589189393329955
1.2799537757865604,1.6913521023774627,-1.7315631331285315,-1.977104098886939,-1.522185043321372,1.765537950851797,-2.458918939824561
1.2799537744843899,1.6913521021218942,-1.731563133290019,-1.977104097109117,-1.5221850432732804,1.765537950804631,-2.4589189402669716
1.2799537733124344,1.6913521018918913,-1.7315631334353578,-1.9771040955090784,-1.5221850432299855,1.765537950762212,-2.4589189406651424
1.279953772257673,1.6913521016848967,-1.7315631335661628,-1.977104094069045,-1.5221850431910087,1.7655379507240623,-2.458918941023497
1.2799537713083862,1.6913521014986086,-1.7315631336838873,-1.977104092773016,-1.5221850431559192,1.7655379506897522,-2.4589189413460173
1.2799537704540267,1.6913521013309556,-1.7315631337898392,-1.9771040916065907,-1.5221850431243293,1.765537950658895,-2.4589189416362864
1.279953769685102,1.6913521011800736,-1.731563133885196,-1.9771040905568091,-1.5221850430958903,1.7655379506311437,-2.45891894189753
1.2799537689930687,1.6913521010442851,-1.7315631339710171,-1.9771040896120065,-1.5221850430702877,1.7655379506061855,-2.45891894213265
1.2799537683702376,1.69135210092208,-1.7315631340482562,-1.9771040887616849,-1.5221850430472386,1.7655379505837392,-2.4589189423442583
1.2799537678096886,1.6913521008120995,-1.7315631341177713,-1.977104087996396,-1.5221850430264883,1.765537950563552,-2.4589189425347064
1.279953767305194,1.691352100713121,-1.7315631341803348,-1.9771040873076366,-1.5221850430078074,1.7655379505453965,-2.4589189427061107
1.279953766851148,1.6913521006240435,-1.731563134236642,-1.9771040866877538,-1.5221850429909898,1.7655379505290685,-2.458918942860375
1.279953766442506,1.691352100543877,-1.7315631342873186,-1.9771040861298597,-1.5221850429758494,1.7655379505143838,-2.458918942999213
1.2799537660747276,1.6913521004717298,-1.7315631343329274,-1.9771040856277553,-1.5221850429622192,1.765537950501177,-2.458918943124168
1.2799537657437263,1.6913521004067997,-1.7315631343739755,-1.977104085175862,-1.5221850429499486,1.7655379504892996,-2.4589189432366276
1.2799537654458248,1.691352100348365,-1.7315631344109186,-1.977104084769158,-1.5221850429389017,1.7655379504786177,-2.458918943337842
1.279953765177713,1.6913521002957757,-1.7315631344441675,-1.977104084403125,-1.5221850429289565,1.765537950469011,-2.4589189434289347
1.279953764936412,1.691352100248447,-1.7315631344740916,-1.9771040840736953,-1.5221850429200032,1.765537950460371,-2.4589189435109184
1.279953764719241,1.691352100205853,-1.7315631345010232,-1.9771040837772091,-1.522185042911943,1.7655379504526008,-2.4589189435847043
1.2799537645237866,1.6913521001675198,-1.7315631345252616,-1.9771040835103717,-1.5221850429046868,1.7655379504456126,-2.4589189436511116
1.2799537643478773,1.6913521001330212,-1.731563134547076,-1.9771040832702182,-1.5221850428981543,1.7655379504393278,-2.4589189437108785
1.2799537641895589,1.6913521001019736,-1.7315631345667093,-1.9771040830540803,-1.5221850428922732,1.7655379504336757,-2.458918943764669
1.279953764047072,1.691352100074032,-1.7315631345843792,-1.9771040828595563,-1.5221850428869788,1.7655379504285924,-2.4589189438130803
1.2799537639188334,1.6913521000488854,-1.731563134600282,-1.9771040826844848,-1.5221850428822123,1.7655379504240207,-2.4589189438566508
1.2799537638034186,1.6913521000262544,-1.7315631346145945,-1.9771040825269206,-1.5221850428779213,1.7655379504199091,-2.4589189438958643
1.2799537636995453,1.691352100005887,-1.7315631346274758,-1.977104082385113,-1.5221850428740582,1.7655379504162114,-2.4589189439311565
1.279953763606059,1.6913520999875573,-1.731563134639069,-1.9771040822574861,-1.5221850428705805,1.7655379504128859,-2.4589189439629195
1.2799537635219211,1.6913520999710612,-1.7315631346495028,-1.9771040821426222,-1.5221850428674497,1.7655379504098951,-2.4589189439915065
1.279953763446197,1.6913520999562153,-1.7315631346588933,-1.9771040820392447,-1.522185042864631,1.7655379504072055,-2.4589189440172348
1.2799537633780453,1.6913520999428544,-1.7315631346673448,-1.9771040819462051,-1.5221850428620936,1.7655379504047866,-2.4589189440403905
1.2799537633167086,1.69135209993083,-1.7315631346749512,-1.9771040818624694,-1.5221850428598092,1.765537950402611,-2.4589189440612307
1.2799537632615055,1.6913520999200085,-1.7315631346817968,-1.9771040817871075,-1.5221850428577526,1.7655379504006545,-2.458918944079987
1.2799537632118225,1.6913520999102696,-1.7315631346879579,-1.9771040817192818,-1.5221850428559012,1.765537950398895,-2.4589189440968675
1.2799537631671078,1.6913520999015048,-1.7315631346935028,-1.9771040816582386,-1.5221850428542343,1.7655379503973125,-2.4589189441120602
1.2799537631268645,1.691352099893617,-1.7315631346984932,-1.9771040816032999,-1.5221850428527337,1.7655379503958895,-2.4589189441257338
1.2799537630906455,1.691352099886518,-1.7315631347029847,-1.977104081553855,-1.5221850428513828,1.7655379503946096,-2.45891894413804
1.2799537630580482,1.6913520998801292,-1.731563134707027,-1.9771040815093546,-1.5221850428501666,1.7655379503934585,-2.4589189441491155
1.2799537630287108,1.6913520998743796,-1.731563134710665,-1.9771040814693044,-1.5221850428490717,1.7655379503924233,-2.4589189441590835
1.279953763002307,1.691352099869205,-1.7315631347139393,-1.9771040814332592,-1.522185042848086,1.7655379503914923,-2.4589189441680546
1.2799537629785436,1.6913520998645482,-1.731563134716886,-1.9771040814008185,-1.5221850428471988,1.765537950390655,-2.4589189441761286
1.2799537629571565,1.691352099860357,-1.7315631347195382,-1.977104081371622,-1.5221850428463999,1.765537950389902,-2.458918944183395
1.279953762937908,1.6913520998565852,-1.7315631347219251,-1.9771040813453453,-1.5221850428456807,1.7655379503892248,-2.4589189441899353
1.2799537629205844,1.6913520998531908,-1.7315631347240734,-1.9771040813216962,-1.5221850428450332,1.7655379503886157,-2.4589189441958212
1.279953762904993,1.691352099850136,-1.7315631347260068,-1.977104081300412,-1.5221850428444503,1.765537950388068,-2.458918944201119
1.279953762890961,1.6913520998473865,-1.7315631347277467,-1.9771040812812561,-1.5221850428439256,1.7655379503875754,-2.4589189442058865
1.279953762878332,1.6913520998449123,-1.7315631347293128,-1.977104081264016,-1.5221850428434534,1.7655379503871325,-2.4589189442101778
