0.0,0.0,0.0,0.0,0.0,0.0,0.0
37.78506092852162,-9.324751111760126,-39.79283179693429,-22.298125183116,-37.16874820681763,42.3554329544029,-51.6544367154575
34.00670362154537,-15.495665225836182,-35.809285122463,-43.22073707079825,-33.45187338613587,38.119902102995795,-46.49130916366766
30.606436978159927,-18.72898103373068,-32.221080513345505,-55.19984630123626,-30.106686047522274,34.308103946258555,-41.84726622243662
27.54515962846269,-15.709868283393067,-29.014851440224987,-49.67903453797584,-27.096017442770048,30.876881113646114,-37.654441688461276
24.79047360081872,-13.23529793761822,-26.12097945304402,-44.71034967437161,-24.386415698493046,27.789069717728232,-33.88506918470715
22.31192709248724,-11.019606682592885,-23.512811903588663,-40.239029033665304,-21.947774128643736,25.01025127808095,-30.49509100186029
20.080959607598146,-8.78134994131366,-21.162113381998005,-36.21512601546919,-19.75299671577937,22.509277306847558,-27.44549575752879
18.072775279646834,-6.261008479838356,-19.045348580546367,-32.59365133084685,-17.777697044201428,20.258331230164067,-24.7011490600771
16.26536704688389,-3.2235916790398735,-17.140336970455923,-29.334305405649935,-15.99992733978129,18.232470394165937,-22.231165682244416
14.638399165613048,0.5397719027840395,-15.42555525003338,-26.400882947829412,-14.399967770095248,16.409286196280455,-20.00810818891007
13.174276346509192,5.205676545258086,-13.882960172018654,-23.76079465304647,-12.960009987358212,14.768481622812857,-18.00723175980271
11.855705875085953,10.905790072652806,-12.494555854622327,-21.384715187741826,-11.664123272073013,13.292054854653909,-16.206301460217034
10.663704382980857,17.715663895371357,-11.244773547884204,-19.246243668967644,-10.498085079381406,11.964775260624851,-14.584904847618024
9.415046093591661,24.984351820897324,-10.077078291964373,-17.347220506440724,-9.499217672876938,10.849898698135135,-13.114953260725605
8.714953655771959,25.833711265131726,-13.973298959609894,1.1658908393030103,-7.593893261852625,9.810571842217254,-12.094558363625897
5.6960986660707595,28.33427629814553,-17.626821473901614,3.6765439686051895,-7.340047767092928,8.781148303907425,-10.70534925825966
7.215669604075163,32.83002138508389,-19.58376334808045,-5.455704755730087,-6.930363692566158,7.843908977525851,-9.545960125954885
6.438525473283508,37.46039105797932,-18.26141223000761,-15.524327824258155,-6.225233172657271,7.053001413906188,-8.59377003867172
-0.15314680236991418,33.710157615226436,-2.5276922520721623,-13.976552094506008,-5.684243787385157,6.344815924617059,-7.720285750205378
5.835494848178063,30.33747129667008,-1.9178392046773067,-12.575482264768196,-5.114717738381633,5.651816543293874,-6.950453508598703
5.2947653613615735,27.30371523182205,-1.7237995347681234,-11.31793403829137,-4.610486460277656,5.141416967634115,-6.254767619079044
4.760307433944348,24.57332430568844,-1.5516279399738588,-10.186140634462232,-4.14816965010208,4.619385281908864,-5.629455683367417
4.283702081434932,22.11598488346505,-1.3964775464361543,-9.167526571016008,-3.7331230718014745,4.156301910267385,-5.066552227436297
3.855265783720965,19.904384937499493,-1.2568297460864952,-8.250773913914404,-3.359773599892958,3.74051420243965,-4.559905346800065
3.469731053663684,17.91394617671372,-1.1311465885334098,-7.4256965225229585,-3.023790240197132,3.3664403327342645,-4.103916357928133
3.1227568464993842,16.122551510990203,-1.0180318835301443,-6.683126870270667,-2.7214102085142327,3.029792881461623,-3.693525009617245
2.810480996763294,14.510296350951014,-0.9162286855803043,-6.014814183243595,-2.4492690071601886,2.7268130272961013,-3.324172564391425
2.529432869537978,13.05926671409014,-0.8246058150652962,-5.413332764919233,-2.204342071483327,2.4541316216408178,-2.991755319450422
2.2764895774630873,11.753340042305865,-0.7421452331437264,-4.871999488427314,-1.983907856965725,2.208718438837712,-2.6925797900549004
2.0488406186596606,10.578006037988994,-0.667930709735004,-4.384799539584585,-1.7855170695764506,1.9878465903851208,-2.423321811658608
1.8439565565529357,9.52020543416863,-0.6011376387378453,-3.946319585626129,-1.606965362196668,1.7890619302294812,-2.180989630648685
1.6595609008379,8.568184890746055,-0.5410238748571197,-3.551687627063515,-1.4462688258640708,1.6101557369028878,-1.9628906676255053
1.4936048107384412,7.711366401669864,-0.48692148736870444,-3.19651886435716,-1.3016419432463517,1.4491401631181384,-1.7666016008735674
1.344244329660654,6.940229761502457,-0.4382293386302635,-2.8768669779214417,-1.1714777489136883,1.3042261467699883,-1.5899414407877088
1.2098198966940459,6.246206785352146,-0.39440640476597466,-2.589180280129298,-1.0543299740214305,1.1738035320739213,-1.4309472967075632
1.0888379070251677,5.621586106816978,-0.35496576428821075,-2.3302622521163663,-0.9488969766206977,1.056423178852985,-1.287852567034508
0.9799541163235308,5.059427496135362,-0.3194691878582791,-2.097236026904735,-0.8540072789607536,0.9507808609562516,-1.1590673103285187
0.8819587046921614,4.553484746521911,-0.2875222690714076,-1.8875124242142647,-0.7686065510669389,0.8557027748503984,-1.043160579293187
0.7937628342239271,4.098136271869803,-0.2587700421633129,-1.698761181792836,-0.6917458959623929,0.7701324973562238,-0.938844521361585
0.7143865508024545,3.6883226446828967,-0.2328930379461412,-1.5288850636135471,-0.6225713063680708,0.6931192476126579,-0.8449600692234336
0.6429478957230393,3.3194903802146696,-0.2096037341508178,-1.3759965572521933,-0.5603141757328935,0.6238073228447544,-0.7604640622994225
0.5786531061514518,2.9875413421932526,-0.18864336073516408,-1.2383969015269718,-0.5042827581609143,0.5614265905550267,-0.6844176560681738
0.5207877955368961,2.6887872079739634,-0.16977902466122408,-1.114557211374276,-0.4538544823458065,0.5052839314956677,-0.6159758904604042
0.46870901598366527,2.419908487176588,-0.15280112219481684,-1.003101490236844,-0.40846903411189933,0.4547555383435947,-0.5543783014137438
0.4218381143856313,2.1779176384589425,-0.13752100997518282,-0.9027913412131596,-0.36762213070109184,0.4092799845079915,-0.4989404712720701
0.37965430294727787,1.9601258746130512,-0.12376890897763074,-0.8125122070918459,-0.3308599176311023,0.36835198605709024,-0.44904642414484197
0.3416888726526482,1.7641132871517362,-0.1113920180799375,-0.7312609863826581,-0.2977739258678794,0.33151678745227403,-0.40414178173058124
0.3075199853873842,1.5877019584365466,-0.10025281627210543,-0.6581348877443923,-0.2679965332807851,0.298365108708789,-0.3637276035579531
0.27676798684856024,1.4289317625928737,-0.09022753464513036,-0.5923213989699541,-0.24119687995224184,0.2685285978403426,-0.3273548432027464
0.24909118816354886,1.2860385863335624,-0.08120478118090776,-0.5330892590729553,-0.21707719195642444,0.2416757380592903,-0.29461935888319934
0.2241820693469833,1.1574347277001802,-0.07308430306315618,-0.4797803331656567,-0.19536947276009425,0.21750816425675396,-0.26515742299570166
0.20176386241202743,1.0416912549301331,-0.06577587275720878,-0.43180229984908886,-0.17583252548332712,0.19575734783475957,-0.23864168069702302
0.18158747617053717,0.9375221294370899,-0.05919828548187765,-0.38862206986418,-0.15824927293419183,0.17618161305514962,-0.21477751262824477
0.16342872855317164,0.843769916493347,-0.05327845693409057,-0.34975986287776095,-0.1424243456399437,0.1585634517535968,-0.19329976136637222
0.1470858556975277,0.759392924843981,-0.047950611241085725,-0.31478387658998486,-0.12818191107511592,0.14270710658221655,-0.1739697852306884
0.13237727012744233,0.6834536323595537,-0.043155550117377706,-0.2833054889309885,-0.11536371996677783,0.12843639592793177,-0.15657280670856133
0.11913954311436631,0.6151082691235685,-0.038839995106035,-0.25497494003788646,-0.10382734796928991,0.11559275633898665,-0.14091552603861957
0.10722558880260154,0.5535974422111799,-0.034955995595812,-0.22947744603409248,-0.0934446131715751,0.10403348070880673,-0.1268239734356421
0.09650302992201959,0.4982376979900318,-0.031460396036596255,-0.20652970143068217,-0.08410015185366537,0.09363013264148838,-0.11414157609292429
0.08685272692950709,0.44841392819099984,-0.028314356433282825,-0.18587673128761398,-0.07569013666758193,0.08426711938072855,-0.10272741848444035
0.07816745423625822,0.4035725353718765,-0.02548292079028429,-0.1672890581588504,-0.0681211230001443,0.07584040744585806,-0.09245467663675258
0.07035070881234999,0.36321528183466656,-0.022934628711567498,-0.15056015234296535,-0.06130901069949293,0.06825636670427926,-0.08320920897378611
0.06331563793084756,0.3268937536511784,-0.020641165840699346,-0.13550413710867204,-0.05517810962894737,0.061430730036664896,-0.07488828807707552
0.05698407413751397,0.29420437828603785,-0.018577049256898473,-0.12195372339780167,-0.04966029866549829,0.055287657035617374,-0.06739945926998152
0.051285666723528245,0.26478394045741505,-0.016719344331457095,-0.10975835105801934,-0.044694268798433995,0.04975889133448601,-0.060659513343552754
0.04615710005095752,0.23830554641165475,-0.015047409898543196,-0.09878251595221954,-0.04022484191811443,0.044783002203281005,-0.05459356200972939
0.041541390045659446,0.21447499177047313,-0.013542668908904057,-0.08890426435699439,-0.036202357725864776,0.04030470198502435,-0.04913420580924101
0.03738725104090666,0.1930274925934116,-0.012188402018210157,-0.08001383792129602,-0.032582121952874576,0.03627423178842408,-0.04422078522876274
0.033648525936647085,0.17372474333405916,-0.010969561816568357,-0.07201245412916533,-0.02932390975721519,0.032646808611324546,-0.03979870670629514
0.030283673342824113,0.15635226900063853,-0.009872605635078663,-0.06481120871624668,-0.026391518781154255,0.029382127751791443,-0.035818836036037874
0.027255306008397866,0.1407170421005625,-0.008885345071721146,-0.05833008784462734,-0.02375236690272925,0.026443914978072428,-0.03223695243277306
0.024529775407428584,0.12664533789049337,-0.00799681056468847,-0.05249707906016354,-0.021377130212173773,0.023799523481597903,-0.029013257189804752
0.02207679786656513,0.11398080410143266,-0.007197129508347375,-0.04724737115414612,-0.019239417190696745,0.02141957113465469,-0.026111931471110062
0.019869118079799897,0.10258272369128167,-0.006477416557625626,-0.04252263403873257,-0.01731547547139095,0.019277614022295164,-0.023500738324255612
0.0178822062717212,0.09232445132214358,-0.005829674901966467,-0.038270370634855055,-0.015583927924039176,0.017349852621066905,-0.021150664492070755
0.0160939856444558,0.08309200618992184,-0.005246707411865004,-0.03444333357136742,-0.014025535131438976,0.01561486735986941,-0.019035598043081723
0.014484587079929478,0.07478280557092494,-0.004722036670766913,-0.03099900021422642,-0.012622981618119228,0.014053380624709191,-0.017132038238964302
0.013036128371860465,0.06730452501382608,-0.004249833003770159,-0.02789910019280483,-0.01136068345614899,0.012648042562988224,-0.015418834415247058
0.011732515534605309,0.06057407251243761,-0.003824849703465541,-0.02510919017352009,-0.010224615110388108,0.011383238307367552,-0.013876950973884417
0.010559263981081632,0.05451666526119012,-0.0034423647331826984,-0.02259827115617341,-0.009202153599220692,0.010244914477244786,-0.01248925587663647
0.009503337582920105,0.04906499873506891,-0.003098128259924726,-0.02033844404055074,-0.008281938239179526,0.009220423030076356,-0.01124033028910329
0.008553003824579778,0.04415849886155876,-0.0027883154339858607,-0.018304599636490337,-0.007453744415156921,0.008298380727569069,-0.010116297260305874
0.00769770344207432,0.03974264897539749,-0.0025094838906320055,-0.016474139672844498,-0.006708369973542017,0.007468542655264275,-0.009104667534386494
0.006927933097825089,0.035768384077854445,-0.0022585355016137287,-0.014826725705564318,-0.006037532976099991,0.006721688390149402,-0.008194200781047663
0.006235139788006485,0.03219154567006677,-0.002032681951491533,-0.01334405313501108,-0.005433779678408274,0.006049519551504651,-0.007374780703029157
0.005611625809172819,0.02897239110305999,-0.0018294137563758112,-0.012009647821511038,-0.004890401710494596,0.005444567596690715,-0.006637302632805271
0.00505046322822722,0.02607515199275015,-0.0016464723807695925,-0.010808683039361,-0.004401361539383308,0.0049001108373212116,-0.005973572369592242
0.0045454169053782256,0.023467636793473412,-0.0014818251427198559,-0.009727814735423834,-0.00396122538538618,0.004410099753863292,-0.00537621513270066
0.004090875214816202,0.021120873114124875,-0.0013336426284756425,-0.008755033261884647,-0.003565102846797702,0.003969089778722762,-0.004838593619487703
0.0036817876933145834,0.019008785802709607,-0.0012002783656494959,-0.007879529935696182,-0.0032085925620701228,0.0035721808010733894,-0.004354734257586559
0.0033136089239609624,0.01710790722243906,-0.0010802505291044318,-0.007091576942123369,-0.0028877333058178745,0.003214962721165178,-0.003919260831876655
0.0029822480315485275,0.015397116500193417,-0.0009722254762149635,-0.006382419247913165,-0.002598959975198295,0.0028934664492291096,-0.003527334748726116
0.0026840232283757044,0.013857404850173963,-0.0008750029286085925,-0.005744177323119713,-0.0023390639776459388,0.0026041198044702216,-0.0031746012738874674
0.002415620905524409,0.01247166436515644,-0.0007875026357618276,-0.005169759590806677,-0.002105157579849276,0.0023437078241677345,-0.0028571411465306007
0.002174058814956621,0.011224497928641705,-0.00070875237220136,-0.004652783631730273,-0.0018946418218381,0.0021093370418807447,-0.002571427031911596
0.001956652933449864,0.010102048135774228,-0.0006378771349931922,-0.004187505268554048,-0.001705177639629657,0.0018984033378107862,-0.0023142843287449096
0.0017609876400953677,0.009091843322196633,-0.0005740894215037345,-0.0037687547417029057,-0.0015346598756446617,0.001708563004134113,-0.002082855895893857
0.0015848888760773751,0.008182658989975264,-0.0005166804793643315,-0.0033918792675358134,-0.0013811938880581853,0.0015377067038161857,-0.0018745703063300645
0.0014263999884601124,0.007364393090978652,-0.00046501243143720616,-0.0030526913407875602,-0.0012430744992335263,0.0013839360335193424,-0.0016871132757162663
0.0012837599896051016,0.006627953781880649,-0.0004185111883012599,-0.002747422206709871,-0.0011187670492939783,0.0012455424302470625,-0.001518401948159609
0.0011553839906361177,0.005965158403693507,-0.0003766600694767447,-0.0024726799860346205,-0.0010068903443494481,0.0011209881872912067,-0.001366561753358607
0.001039845591568292,0.005368642563321896,-0.00033899406253522224,-0.0022254119874354217,-0.0009062013099030986,0.0010088893686257608,-0.0012299055780377217
0.0009358610324072432,0.004831778306990636,-0.00030509465628843213,-0.0020028707886972086,-0.0008155811789024303,0.0009080004318194612,-0.001106915020248931
0.0008422749291617671,0.004348600476289821,-0.00027458519066256293,-0.0018025837098285535,-0.000734023061000233,0.0008172003886905421,-0.0009962235182379604
0.0007580474362408312,0.003913740428659662,-0.00024712667160353696,-0.001622325338846764,-0.0006606207548903731,0.0007354803498675899,-0.0008966011664302206
0.0006822426926130585,0.0035223663857946036,-0.0002224140044472106,-0.001460092804965286,-0.0005945586793915103,0.0006619323149243683,-0.0008069410497968735
0.0006140184233459287,0.0031701297472123274,-0.00020017260400707892,-0.0013140835244698224,-0.0005351028114425338,0.0005957390834684106,-0.0007262469448289788
0.0005526165810065698,0.002853116772493086,-0.00018015534361198737,-0.0011826751720249717,-0.00048159253029056437,0.0005361651751571717,-0.0006536222503546914
0.000497354922900619,0.0025678050952436388,-0.00016213980925487703,-0.0010644076548267378,-0.00043343327725595127,0.00048254865767381055,-0.0005882600253214361
0.0004476194306079293,0.0023110245857212858,-0.000145925828331811,-0.0009579668893451299,-0.00039008994952316467,0.00043429379193391654,-0.0005294340227946989
0.0004028574875466328,0.002079922127148484,-0.00013133324550158865,-0.0008621702004063536,-0.00035108095456634625,0.0003908644127670474,-0.00047649062051958666
0.00036257173879146974,0.0018719299144313584,-0.00011819992095334075,-0.0007759531803657183,-0.0003159728591067834,0.0003517779715109248,-0.00042884155847410996
0.00032631456491289193,0.0016847369229875397,-0.00010637992886099179,-0.0006983578623334097,-0.00028437557318944373,0.0003166001743809474,-0.00038595740263636796
0.0002936831084194985,0.0015162632306892077,-9.574193597626512e-05,-0.0006285220761022012,-0.0002559380158686786,0.00028494015695928326,-0.0003473616623728276
0.00026431479757331976,0.0013646369076185383,-8.616774238003055e-05,-0.000565669868493047,-0.00023034421428050345,0.0002564461412791902,-0.0003126254961345644
0.00023788331781495094,0.0012281732168549497,-7.755096814342222e-05,-0.0005091028816437415,-0.00020730979285110696,0.00023080152716545982,-0.0002813629465222567
0.0002140949860345541,0.0011053558951714393,-6.979587132938114e-05,-0.00045819259347723573,-0.00018657881356307082,0.00020772137446153222,-0.0002532266518765029
0.00019268548742739852,0.0009948203056525523,-6.281628419836649e-05,-0.0004123733341252489,-0.00016792093220333038,0.00018694923702861077,-0.00022790398668789263
0.00017341693868575501,0.0008953382750871847,-5.6534655782064513e-05,-0.00037113600071592145,-0.00015112883898113494,0.00016825431333411522,-0.00020511358802345614
0.00015607524481721022,0.0008058044475777737,-5.0881190204687954e-05,-0.0003340224006400669,-0.00013601595508011544,0.00015142888201282595,-0.00018460222922759076
0.00014046772033285415,0.0007252240028182838,-4.57930711861565e-05,-0.000300620160572862,-0.00012241435956975022,0.00013628599381944329,-0.0001661420063113206
0.00012642094829853553,0.0006527016025357629,-4.1213764066780345e-05,-0.0002705581445177083,-0.00011017292361251152,0.00012265739444743823,-0.00014952780568452603
0.00011377885346551542,0.0005874314422831262,-3.709238765935152e-05,-0.00024350233006487088,-9.91556312472941e-05,0.00011039165501161574,-0.00013457502511511274
0.00010240096811632918,0.0005286882980568147,-3.338314889321514e-05,-0.00021915209705625216,-8.924006812333074e-05,9.935248951619541e-05,-0.00012111752260155276
9.21608713025969e-05,0.0004758194682520367,-3.004483400526059e-05,-0.00019723688735595601,-8.031606130862179e-05,8.941724056758804e-05,-0.00010900577034041875
8.2944784171304e-05,0.00042823752142670535,-2.704035060771548e-05,-0.00017751319862568862,-7.22844551753754e-05,8.047551651814422e-05,-9.810519330327727e-05
7.465030575473479e-05,0.0003854137692822779,-2.4336315548337262e-05,-0.00015976187876631798,-6.505600965758807e-05,7.242796486827546e-05,-8.829467397410834e-05
6.718527517662887e-05,0.0003468723923549938,-2.190268399647477e-05,-0.0001437856908843571,-5.8550408692126243e-05,6.518516838716765e-05,-7.946520657785283e-05
6.046674766059003e-05,0.000312185153119357,-1.9712415598213684e-05,-0.0001294071217969872,-5.269536782318007e-05,5.8666651549944826e-05,-7.151868592121524e-05
5.442007289403229e-05,0.00028096663780513564,-1.7741174039229146e-05,-0.00011646640961515773,-4.742583104219711e-05,5.279998639957234e-05,-6.436681733131347e-05
4.897806560625814e-05,0.00025286997402555744,-1.5967056637228305e-05,-0.00010481976865150955,-4.268324793665901e-05,4.7519987761611426e-05,-5.793013559507107e-05
4.4080259045660083e-05,0.00022758297662285598,-1.4370350973819113e-05,-9.43377917863586e-05,-3.841492314379802e-05,4.276798898583678e-05,-5.2137122038862366e-05
3.9672233138459204e-05,0.0002048246789604219,-1.293331587513824e-05,-8.490401260985436e-05,-3.45734308297152e-05,3.8491190089251504e-05,-4.692340983611376e-05
3.570500982571015e-05,0.00018434221106265747,-1.1639984289560368e-05,-7.641361135313218e-05,-3.1116087745447496e-05,3.464207108389711e-05,-4.223106885685446e-05
3.2134508842639534e-05,0.00016590798995838596,-1.0475985861443937e-05,-6.877225021995059e-05,-2.800447897169378e-05,3.11778639779936e-05,-3.800796196913592e-05
2.8921057955740362e-05,0.0001493171909623947,-9.4283872777573e-06,-6.189502520115298e-05,-2.5204031076392353e-05,2.80600775827769e-05,-3.420716576911856e-05
2.6028952158065055e-05,0.0001343854718639098,-8.485548548167743e-06,-5.5705522679971864e-05,-2.2683627968478337e-05,2.5254069827583547e-05,-3.078644919549817e-05
2.3426056941224307e-05,0.00012094692467683188,-7.636993695270267e-06,-5.013497041517299e-05,-2.041526516927128e-05,2.272866284679792e-05,-2.7707804272834174e-05
2.10834512476641e-05,0.00010885223220793994,-6.8732943249993905e-06,-4.512147337365491e-05,-1.8373738653154614e-05,2.0455796563539907e-05,-2.493702384671198e-05
1.8975106122394794e-05,9.796700898914712e-05,-6.1859648944062595e-06,-4.0609326035222736e-05,-1.6536364789182523e-05,1.8410216907044363e-05,-2.2443321461066562e-05
1.7077595509652765e-05,8.817030808797033e-05,-5.5673684031531945e-06,-3.654839343170124e-05,-1.4882728307880067e-05,1.6569195215677957e-05,-2.019898931717584e-05
1.5369835959785222e-05,7.93532772811606e-05,-5.010631565299795e-06,-3.289355408853112e-05,-1.3394455474713407e-05,1.491227569769965e-05,-1.8179090381278962e-05
1.3832852363301548e-05,7.14179495529127e-05,-4.50956840640504e-06,-2.9604198676479697e-05,-1.2055009928041427e-05,1.3421048130492219e-05,-1.6361181347505915e-05
1.2449567127537087e-05,6.427615460011249e-05,-4.05861156661802e-06,-2.6643778809898322e-05,-1.0849508932875285e-05,1.2078943319941693e-05,-1.4725063216057543e-05
1.1204610413751565e-05,5.784853914157784e-05,-3.6527504086725227e-06,-2.397940092890849e-05,-9.764558040914473e-06,1.0871048986699217e-05,-1.325255689666252e-05
1.0084149372402082e-05,5.206368522835125e-05,-3.287475366514636e-06,-2.1581460831754384e-05,-8.788102239226658e-06,9.783944090575869e-06,-1.1927301204962132e-05
9.075734436789912e-06,4.685731670803217e-05,-2.9587278307235954e-06,-1.9423314743249008e-05,-7.90929201452406e-06,8.805549680336588e-06,-1.0734571087744893e-05
8.168160991011558e-06,4.217158503870555e-05,-2.662855048490842e-06,-1.748098327425309e-05,-7.118362814945156e-06,7.92499471319319e-06,-9.661113977991326e-06
7.351344893536532e-06,3.795442653362069e-05,-2.396569542900684e-06,-1.5732884946828563e-05,-6.406526534274981e-06,7.13249524494225e-06,-8.695002584546696e-06
6.616210401549569e-06,3.415898388010874e-05,-2.156912587328308e-06,-1.415959645001321e-05,-5.765873883262218e-06,6.419245721894784e-06,-7.82550232618362e-06
-7.726944503611059,-2.028744913865291,-2.3223992326640905,10.954511594837813,-0.14350439137886542,0.2625948205391179,-7.1377262424609
0.7727004048725314,0.20290523447355557,0.23223798189464429,-0.5386668662500664,0.014345249858239484,-0.026253702728680828,0.7137655811226464
0.5938823252555324,0.16507316294102303,0.15848712115139515,-0.8441629584319302,-0.000521682077995439,-0.01484708449711318,0.5437452876648777
0.43258168252251805,0.1305407473735897,0.09266724198602927,-0.5617603076869991,-0.013428313062782998,-0.004761014470286935,0.39060731207804567
0.2870478482896668,0.09898452828765641,0.033979978521840426,-0.3070411349395954,-0.024579499249924364,0.004138648621036668,0.25265818961099595
0.1557050016921111,0.07011323610864426,-0.018293058988997024,-0.07723221969246552,-0.03415938754960457,0.011972587289681307,0.1283738380369709
0.03713466314489036,0.043664567235578405,-0.06479828397598018,0.1301625151546126,-0.04233349244296217,0.018849373614828017,0.01638261307744901
-0.06994004145825451,0.019402300625153607,-0.10611733155054788,0.31738972034686697,-0.04925056188133692,0.024866670936319238,-0.08454993761189236
-0.1666685305347135,-0.002886316270316436,-0.14277354230462996,0.48647156200699726,-0.05504426191976583,0.030112338008847703,-0.17553480067905602
-0.2540855143630186,-0.023392901763631208,-0.17523779202039924,0.6392281731659324,-0.05983468751219723,0.03466539902620522,-0.2575718455609118
-0.33312245552830577,-0.042290059805466934,-0.20393374384599988,0.7772978564279072,-0.06372972748351544,0.038596940872143416,-0.33156094300486233
-0.4046178969250219,-0.05973326816744767,-0.22924256948592786,0.90215527070821,-0.06682628705322508,0.04197089505370989,-0.3983119665773158
-0.46932674457818113,-0.07586259684020437,-0.25150720345715927,1.0151277955031226,-0.06921139354947956,0.04484476585248716,-0.45855379868812873
-0.5279286343984514,-0.09080423695071434,-0.2710361670192578,1.1174102627352733,-0.07096318601618784,0.047270262534821306,-0.5129424316484609
-0.5810354507497862,-0.10467189446135067,-0.28810701423002966,1.2100782118058184,-0.07215181112445937,0.04929389123631915,-0.5620682626976428
-0.6291981043831322,-0.11756802834412304,-0.30296942912428293,1.2940998229115086,-0.07284022424828299,0.0509574662800151,-0.6064626557453138
-0.6729126242120529,-0.12958497787746148,-0.31584801631094156,1.3703466543961758,-0.073084914359305,0.05229858721883391,-0.6466038497845088
-0.7126256453713381,-0.14080596961313138,-0.3269448105045292,1.4396033082905149,-0.0729365538264514,0.05335105796990417,-0.6829222747204386
-0.7487393487542898,-0.15130602374158475,-0.33644153512028285,1.5025761295585802,-0.07244058300186457,0.054145263889073765,-0.7158053356884996
-0.7816158988579501,-0.1611527817129233,-0.3445016374249686,1.559901032831757,-0.0716377403508921,0.05470852705349299,-0.7456017211475027
-0.8115814540079719,-0.1704072277432629,-0.3512721150796275,1.612150552257944,-0.07056453123314396,0.055065394279376116,-0.7726252757000426
-0.8389297579151371,-0.17912436464381642,-0.3568851655407193,1.6598401803123863,-0.06925365893913993,0.05523793201213885,-0.7971584906023189
-0.8639253860492528,-0.18735380196728424,-0.3614596662313814,1.7034340778070456,-0.06773440533231445,0.05524596426461352,-0.8194556414890412
-0.8905004699189569,-0.20100196793459818,-0.3544265551173811,1.7341440087585804,-0.008064852652818574,0.06581979022003193,-0.8097311388601557
-0.9144501170495366,-0.21433698982609112,-0.3433971042163112,1.7635269396704032,0.03637020662762855,0.08458498121597015,-0.7846199242005777
-0.9201999452158842,-0.2282145305285777,-0.29733654613297567,1.7857195303084967,-0.041695038469185514,0.22348797166672874,-0.6842575752368997
-0.9446989984066054,-0.2243401866428868,0.21952423896497963,1.833653503802154,0.02823139979984407,-0.0458735673690891,-0.8102330132255046
-0.9584190721351924,-0.23068910964897615,0.18109676547192963,1.8616049464232223,0.015539667956968095,-0.0260687402653658,-0.8505943951331922
-0.9716525134817846,-0.23813890256581222,0.013876024038835005,1.8853741763830139,0.010706595058100093,0.014612440394038743,-0.9146716519305982
-0.9819133593353339,-0.24821005120351775,0.11205173071164097,1.9057876161783973,0.04213261761899807,-0.03470138221889371,-0.99169912381433
-0.9964241860396428,-0.25576221986737063,0.08262351999078144,1.9279668584686178,0.05042522535463506,0.000529331858436885,-1.0595403818697111
-1.0173435854308852,-0.2558633244703531,-0.015687316241630972,1.9568547332104138,0.08007106038264071,0.023720639271093337,-1.1859163538572473
-1.0258419704700126,-0.2575696421053367,-0.026962427702728498,1.9807493570937917,0.028266963034373815,0.045325473989866305,-1.1448001513459751
-1.0387007519218843,-0.2604216282332761,-0.06424834348238623,2.002450141961839,0.03163770180553581,0.049860614442816385,-1.1743859163593076
-1.029337587884941,-0.27761724184759234,-0.583044079558118,1.9988417950392048,-0.15350155445907093,0.5841701869861923,-1.0849664356293287
-1.0603585758712215,-0.2668890522667396,-0.04410437690201546,2.042368129303489,0.04112067912052854,-0.028477446595736255,-1.1651389810992347
-1.0727143192701416,-0.2651268672146989,-0.10132601875661673,2.064384983834557,0.015389451495907286,-0.006682037524127507,-1.1217763078111183
-1.0810836098760266,-0.2704801033431903,-0.11883957877436985,2.078958373950251,0.025139949600496564,-0.006366997305491985,-1.1322820477122721
-1.0750819774015374,-0.27562465086645904,-0.2310953547946641,2.0891342917008946,-0.05931667748914296,0.04849831452727972,-1.0893511037987178
-1.0908730052274762,-0.27976234016556517,-0.19731195922265177,2.1065318396224186,-0.007347870964204556,-0.005629069963026048,-1.0990742962635185
-1.0687619679257228,-0.29017591227272455,-0.6493368298949962,2.1008559632548836,-0.3519654241048218,0.7246647849096641,-0.9148643748677218
-1.08929080660269,-0.2912228854638984,-0.6609620681993819,2.1232148345990156,-0.20121262292500028,0.392729948085459,-1.0107822410265501
-1.0963266660615283,-0.29364179500988774,-0.6227085852643446,2.1352969076800545,-0.20080266985535322,0.36450858859227503,-1.0326564682491919
-1.1002787866699026,-0.2977713350809478,-0.5810743597596962,2.1482088120300644,-0.20020209136225914,0.33755250899228084,-1.0472320665035708
-1.1285797006504181,-0.29691124001012176,-0.6283201753984277,2.170555415676243,-0.03208300602094974,0.02212966510492187,-1.063868457928156
-1.1396058924279167,-0.30095600867819167,-0.6131148799471999,2.1840853534168327,0.023825269528522416,-0.07039215283762107,-1.0824493126549388
-1.1511440103243138,-0.3037970393429725,-0.5983541528504508,2.1953635810444068,0.0417825916994584,-0.07614015596539897,-1.0541457592214212
-1.1550390085123245,-0.3075402202323604,-0.5664502281667955,2.2062756018126444,0.03154993756139032,-0.06590299557778198,-1.0560311003276248
-1.1610214392934761,-0.3119252723709995,-0.5419047319473029,2.216680276239227,0.03858448915176681,-0.07633722383292535,-1.0459390525573737
-1.165112620297778,-0.31589590658173405,-0.5149352735745447,2.227007318877758,0.03259418635165831,-0.06878176987273132,-1.0538704028795838
-1.1715512087063482,-0.319436068285898,-0.4946859550515738,2.237294544965728,0.0332117040656108,-0.048818271755957085,-1.0512225864071394
-1.1763884347026428,-0.3232894424287177,-0.47262830531422456,2.247549068035404,0.030662949445558335,-0.040314257670661366,-1.0593515539302807
-1.1818629531085676,-0.32700065479142565,-0.4533280531512817,2.2582047432425454,0.028971934272397498,-0.03310942072396099,-1.0682923376609217
-1.1875651825838034,-0.3315023880270954,-0.43632297455808033,2.268509723132675,0.03219342933179779,-0.044396943988656505,-1.0780797436787528
-1.1945325708800247,-0.334478341170847,-0.42324099635767076,2.2791437464058895,0.04499547965438562,-0.0389232242661667,-1.0933582199283791
-1.1996964804423296,-0.33827015605596633,-0.406458287469989,2.2891678709705414,0.04581483197418433,-0.03334483487673081,-1.0982212638508415
-1.2047034873816362,-0.3419922965007103,-0.3903777087540911,2.299342923450842,0.04445377076642468,-0.02742837529404367,-1.1004221924919393
-1.21025567002419,-0.3456110226012422,-0.37625263130445913,2.3099503418675553,0.04366386132106026,-0.02025837663012306,-1.1091386770734
-1.2156175254446688,-0.3491961771704016,-0.3625654046318254,2.3204735828672702,0.04277703844608738,-0.014257044859317024,-1.1126999829368376
-1.2206048278554098,-0.35272140530153506,-0.3487345874106995,2.331000037831314,0.04094666486826401,-0.01327532897744281,-1.1113223975244162
-1.222269026785127,-0.3556988028250327,-0.33399631454748224,2.3376410375151857,0.06447546425367937,-0.03239259201222644,-1.1158288606256166
-1.2274080071780182,-0.3589345651685726,-0.321438234014565,2.3501883817844247,0.04460819180382547,-0.027421404430910547,-1.0987544294700413
-1.2318139306684726,-0.36162195100373123,-0.3120538008488915,2.3603783321756877,0.053124091962245185,-0.021964089297047663,-1.1321787240916048
-1.236681481388304,-0.3649429581718324,-0.3007732036060911,2.373466421708141,0.030131032827608317,-0.015790522041952727,-1.1244371606683699
-1.242777921679612,-0.36845626878939286,-0.29099601396276287,2.3865146684940473,0.01473095557353829,-0.015533475386682219,-1.1106161434269615
-1.2501349150036427,-0.37120765382895327,-0.28481347883746455,2.3991310706077735,0.01730218113014048,-0.017780840902325727,-1.1099336895529843
-1.2565092783023875,-0.37364845221432763,-0.2790734421081558,2.4097359097590036,0.036276018796250614,-0.014117320713974,-1.1521057506775785
-1.2627207559152938,-0.3768482612759949,-0.27056680581708825,2.422527205556148,0.027809124136589564,-0.014459135378087302,-1.1454283751811536
-1.2687888069156417,-0.380309897193547,-0.26221272739828294,2.435397360014459,0.019121765456279555,0.00942983408608547,-1.1596148552656267
-1.1422760541583226,-0.3417418926629445,-0.23739013610121748,2.191678697805337,0.02470920799820324,-0.005275602959468259,-1.043349475460597
-1.0284425532472754,-0.30765078016266434,-0.21330231825502247,1.97294513422293,0.02233447178896708,-0.025791527579192383,-0.910495113473772
-0.9257111217490172,-0.27785363444484673,-0.1883806863776569,1.7769447300913332,0.0024267708095094542,-0.07727532690326902,-0.7463066465845799
-0.8325059686481535,-0.25028705856945266,-0.1680915958822467,1.599057154070384,0.0009683528980947848,-0.07495254970901219,-0.6739093178773546
-0.748955496519549,-0.22538196856647683,-0.15050968914730042,1.4390612846326702,0.001357193263982856,-0.07021559151645532,-0.6180617696560317
-0.6743363459171223,-0.20322402321592342,-0.13398241531201233,1.2970922849214275,-0.01902240483207239,-0.04776793412427919,-0.5210247330258128
-0.6065358965635009,-0.18286213274169644,-0.1202174227636849,1.167193178850446,-0.016893712612691736,-0.04285386448552647,-0.47489858988424427
-0.545963512404466,-0.16447609240851277,-0.10850068951189969,1.050927051334941,-0.016992550169352194,-0.03770911837955719,-0.42948801218246
-0.49158340517040716,-0.14790566859690155,-0.09814581960495816,0.9463584406249047,-0.016965961115091827,-0.0316615755737496,-0.38744502230601613
-0.4427097189387652,-0.13297450252744292,-0.08893317144923542,0.8522419723180468,-0.016624529119075276,-0.02530227070697766,-0.3480659624913588
-0.39850997024643964,-0.11959410908455607,-0.08014431332596036,0.767478341333295,-0.016713965177809847,-0.022070586813423825,-0.3118885558608751
-0.35926790759738053,-0.10733154437527659,-0.07346568076686931,0.6913142251170059,-0.01572504136234422,-0.013932911309753153,-0.27704036410477356
-0.32419708194922625,-0.09612371440733383,-0.06818592305243812,0.6226198741046807,-0.013266146405082863,-0.0034294265718004986,-0.24553173450426893
-0.29476659857914694,-0.08599831713537666,-0.0676058228077039,0.5603151750860108,-0.0045397146693677,0.010317344285950714,-0.2233948580622697
-0.26315139150607414,-0.07710623556006704,-0.05585283034995594,0.5042482797909733,-0.00883993969500721,0.011115659559893923,-0.2066785977998176
-0.23716886827226516,-0.06844901158606642,-0.051909988241285204,0.45346363852421717,-0.00886483730721549,0.020466743048209914,-0.17622205036276778
-0.21200785428822433,-0.06132980490044114,-0.04403677850970593,0.40804250210242954,-0.011772219395513955,0.021559982550908408,-0.15431912624160737
-0.1924468865664218,-0.05612077082462574,-0.044009129175273956,0.3677204629392664,-0.005044238361632328,0.006658869991264471,-0.1455060207861379
-0.17481243061118834,-0.05109790211465913,-0.041264356245560165,0.33093616924172053,-0.0006336325545228533,0.0033054564025577146,-0.1327827796828439
-0.15733118916021854,-0.04598811213147355,-0.037137922140676925,0.2978425523175474,-0.0005702664686447895,0.0029749168044172145,-0.11950450450554428
-0.14159806847294307,-0.04138930068867536,-0.03342412750830206,0.26805829708579054,-0.0005132426895453623,0.002677418886219106,-0.10755405115267555
-0.1274382599929787,-0.03725037040830896,-0.030081712521304142,0.24125246737721365,-0.00046192106106734965,0.0024096712525142755,-0.09679864336419297
-0.11469443249240696,-0.033525333173154995,-0.027073539207099408,0.21712722063949386,-0.00041573138050761405,0.002168698848332054,-0.08711877657137698
-0.10322498786572157,-0.030172799677672058,-0.02436618338953772,0.1954144985755466,-0.0003741604659417558,0.0019518241230659164,-0.0784068966618337
-0.09290248781778664,-0.027155519546855716,-0.02192956330956697,0.1758730487179925,-0.00033674645380774026,0.0017566372807583733,-0.07056620493421119
-0.08361223788297084,-0.024439967443216082,-0.019736605383791236,0.1582857438461911,-0.000303073666812384,0.0015809695051669445,-0.06350958255731506
-0.07525101304231223,-0.021995970563016387,-0.017762943387121165,0.1424571694615704,-0.000272767995136744,0.0014228688622102276,-0.057158622583335206
-0.06772591077896307,-0.019796373382934287,-0.01598664771708723,0.12821145251541388,-0.0002454927395280915,0.0012805786120737017,-0.05144275875963558
-0.06095331882804501,-0.017816735932025096,-0.014387981731716652,0.1153903072638709,-0.00022094487014687192,0.0011525176900015408,-0.04629848145932723
-0.054857986151484385,-0.01603506223646939,-0.01294918245357226,0.10385127653748327,-0.0001988516595576445,0.001037263138954414,-0.04166863201880631
-0.04937218681539118,-0.014431555919892203,-0.011654263203369604,0.09346614888373496,-0.00017896765243714807,0.0009335342989329753,-0.03750176764143118
-0.04443496747964493,-0.01298840024360251,-0.010488835970189361,0.08411953399535932,-0.0001610719383516035,0.000840178577336502,-0.03375158981088716
-0.03999147013851813,-0.011689560142831318,-0.009439951544689995,0.0757075805958234,-0.00014496569724972708,0.0007561586422327807,-0.03037642986314308
-0.035992322587254454,-0.01052060405933554,-0.008495955638937151,0.06813682253624265,-0.00013046999043589413,0.0006805408962824097,-0.02733878600122284
-0.032393089841957656,-0.009468543590752193,-0.007646359394275281,0.06132314028261732,-0.00011742377245367586,0.0006124851032449016,-0.024604906608473975
-0.02915378041748178,-0.0085216891750024,-0.006881722838400571,0.05519082625435345,-0.00010568210177717974,0.0005512350518315084,-0.022144415230534325
-0.026238401977557856,-0.007669520206255165,-0.0061935499967003,0.04967174362892023,-9.511453045198126e-05,0.0004961101531369555,-0.019929973059060888
-0.023614561419874957,-0.006902568139311574,-0.005574194492466137,0.04470456926602928,-8.560365476792398e-05,0.0004464978783562043,-0.017936975167112616
-0.021253104952684895,-0.006212311283539884,-0.00501677458708445,0.040234112339424755,-7.704381085796297e-05,0.0004018469526821944,-0.01614327712095794
-0.01912779416369789,-0.005591080117402572,-0.004515096716212199,0.036210701105481746,-6.933990076354868e-05,0.0003616612298512137,-0.014528948930737938
-0.01721501448213811,-0.005031972071553523,-0.0040635866723048395,0.032589630994932506,-6.240633586294952e-05,0.00032549417920633983,-0.013076053606023322
-0.015493512794572275,-0.004528774833614677,-0.003657227668924271,0.029330667895441916,-5.61660859738633e-05,0.0002929439240807741,-0.011768447855877011
-0.013944161299142043,-0.004075897322481523,-0.00329150459861525,0.026397601105900392,-5.054982355262583e-05,0.00026364877630375566,-0.010591602718820505
-0.0125497449744062,-0.0036683075651820496,-0.0029623538649583333,0.023757840995308754,-4.549515344472177e-05,0.00023728321731747437,-0.00953244212990954
-0.011294770301257497,-0.003301476786073232,-0.002666118231463498,0.02138205689577788,-4.094591967658545e-05,0.0002135542811244201,-0.008579197631015157
-0.010165293112697194,-0.0029713290870955894,-0.0023995061855469468,0.01924385120620009,-3.6851581581884285e-05,0.0001921982989924395,-0.007721277610135154
-0.009148763658597382,-0.002674196160024414,-0.00215955536611691,0.01731946608557955,-3.316665227633131e-05,0.00017297796966250778,-0.0069491496167434896
-0.008233887163995986,-0.002406776527471635,-0.0019435996484057898,0.015587519477023193,-2.9850193315333895e-05,0.00015567972254707657,-0.006254234445626144
-0.007410498331572083,-0.0021660988598114495,-0.0017492395203202362,0.014028767529319808,-2.686535986397287e-05,0.00014011134462037916,-0.005628810812310526
-0.006669448393864719,-0.0019494889603930698,-0.001574315421163897,0.012625890776389426,-2.4178991365086944e-05,0.00012609984462044754,-0.005065929560999044
-0.006002503460276487,-0.0017545400522460813,-0.0014168837464689447,0.011363301698748884,-2.176124312765204e-05,0.00011348953081772445,-0.004559336451668557
-0.005402253029386652,-0.0015790860361157705,-0.0012751952523652622,0.010226971528874529,-1.958525474798911e-05,0.00010214028104340439,-0.004103402668461597
-0.0048620276500002295,-0.001421177422679304,-0.0011476756195088877,0.009204274375985477,-1.7626851719299008e-05,9.192598568699001e-05,-0.0036930622772721397
-0.004375824816144772,-0.0012790596715623326,-0.0010329079606137426,0.008283846938384798,-1.5864276834448576e-05,8.273314640092067e-05,-0.003323755937540736
-0.003938242272513487,-0.0011511536964361607,-0.0009296170772309462,0.007455462244546851,-1.4277948478108593e-05,7.445961496304471e-05,-0.002991380242913475
-0.0035444179894114068,-0.001036038319616947,-0.0008366552908587784,0.0067099160200942976,-1.2850243079551293e-05,6.701345822730104e-05,-0.0026922421277806178
-0.0031899761401754244,-0.0009324344811922208,-0.0007529896909418392,0.006038924418085401,-1.1565299323126887e-05,6.031193658600359e-05,-0.0024230178331985474
-0.0028709784808654986,-0.0008391910272523978,-0.0006776906580638845,0.005435031976277923,-1.040884192068936e-05,5.42805846137015e-05,-0.0021807159762182483
-0.0025838805919979556,-0.0007552719192892715,-0.0006099215348210878,0.004891528778651736,-9.368023038441864e-06,4.88523836023394e-05,-0.0019626443122713025
-0.0023254924960803367,-0.0006797447226411929,-0.0005489293296190214,0.0044023759007849605,-8.431279533788194e-06,4.396701689633742e-05,-0.0017663798213301087
-0.0020929432134150737,-0.0006117702461290175,-0.000494036350089164,0.0039621383107064645,-7.588204522165909e-06,3.957019964901526e-05,-0.0015897417854358296
-0.001883648862311116,-0.0005505932176904926,-0.0004446326731544787,0.0035659244796342193,-6.829431731886215e-06,3.561307564812349e-05,-0.0014307675584843303
-0.0016952839492828165,-0.0004955338924789859,-0.0004001693680928155,0.0032093320316697316,-6.146531466008631e-06,3.205167442402179e-05,-0.0012876907590557503
-0.0015257555302327038,-0.000445980500131532,-0.0003601523972989601,0.0028883988285048866,-5.531916949241822e-06,2.884642266311188e-05,-0.0011589216439217682
-0.0013731799554929833,-0.00040138244732562667,-0.00032413712697510616,0.0025995589456559998,-4.978760027363194e-06,2.5961704495029714e-05,-0.0010430294442179406
-0.0012358619403938609,-0.0003612442000806154,-0.0002917233867375593,0.002339603051090936,-4.480915328272661e-06,2.3365465714103584e-05,-0.0009387264680010905
-0.0011122757287552179,-0.0003251197778095932,-0.0002625510232710064,0.0021056427459829052,-4.032851974325458e-06,2.1028857633630105e-05,-0.0008448537925859734
-0.001001048140039847,-0.00029260779799233916,-0.0002362958986249948,0.0018950784713851442,-3.6295921416185095e-06,1.892591650212022e-05,-0.0007603683875673788
-0.0009009433117747778,-0.0002633470163611318,-0.00021266628867053217,0.0017055706242476987,-3.266655758671355e-06,1.7033275012061366e-05,-0.0006843315256229755
-0.0008108489677603817,-0.00023701231307669823,-0.00019139964171701815,0.0015350135618223994,-2.9400107355165295e-06,1.5329902650511318e-05,-0.0006158983521870908
-0.0007297640594317624,-0.00021331108028409262,-0.00017225966126450595,0.001381512205641755,-2.646028160011027e-06,1.3796872007372507e-05,-0.0005543084981834883
-0.0006567876430906279,-0.00019197997092140762,-0.00015503368048594077,0.0012433609850770466,-2.3814419964074407e-06,1.2417148458988836e-05,-0.0004988776314530374
-0.0005911088694206972,-0.0001727819726280999,-0.00013953029924590118,0.0011190248865720065,-2.1433127859182832e-06,1.1175400895346854e-05,-0.00044898985308440336
-0.0005319979740532449,-0.00015550377428340256,-0.00012557725744801254,0.0010071223979153353,-1.9289949975825893e-06,1.005783136157068e-05,-0.00040409085407544943
-0.00047879816906546465,-0.00013995339588071531,-0.00011301952101776952,0.0009064101581248707,-1.7361076403293874e-06,9.052021720551418e-06,-0.0003636817563327081
-0.000430918345334254,-0.00012595805541790184,-0.00010171755930030862,0.0008157691423118507,-1.5625078056136221e-06,8.146795690375241e-06,-0.0003273135696050902
-0.0003878265046583641,-0.0001133622490886721,-9.15457947152018e-05,0.0007341922280801362,-1.406266858919314e-06,7.332094652270915e-06,-0.0002945822026515794
-0.0003490438486620285,-0.00010202602347017531,-8.239120745032191e-05,0.0006607730052721195,-1.2656490284562727e-06,6.598865860192593e-06,-0.000265123973391527
-0.00031413945882034344,-9.182342048383307e-05,-7.415207969167434e-05,0.0005946957047449075,-1.1390920941628524e-06,5.938961878178273e-06,-0.00023861156795445876
-0.0002827255084592462,-8.264107785896369e-05,-6.673686541192742e-05,0.0005352261342714791,-1.0251900585817042e-06,5.345050037193488e-06,-0.00021475040387606637
-0.0002544529535833209,-7.437696955356343e-05,-6.0063173188681235e-05,0.00048170352084220616,-9.226775068565951e-07,4.810530941097568e-06,-0.0001932753569289184
-0.0002290076545961024,-6.693927213308193e-05,-5.40568507545261e-05,0.00043353316875638717,-8.304155657418155e-07,4.329465163079027e-06,-0.00017394781533915235
-0.00020610688587039197,-6.024534449830532e-05,-4.8651161079424354e-05,0.0003901798518786137,-7.473792370260579e-07,3.896507232876989e-06,-0.00015655302849864553
-0.00018549619434596407,-5.422080967068532e-05,-4.378604083002391e-05,0.0003511618666891536,-6.726460206468721e-07,3.506846237455452e-06,-0.0001408977208727999
-0.0001669465722653864,-4.87987283653013e-05,-3.940743301997229e-05,0.00031604568002130407,-6.053856517473921e-07,3.156152368642695e-06,-0.0001268079444804982
-0.00015025191265979985,-4.39188552228964e-05,-3.546668636495581e-05,0.0002844411120186373,-5.448508977878852e-07,2.840528811672016e-06,-0.00011412714615686602
-0.0001352267192497327,-3.952696942563505e-05,-3.192001470631381e-05,0.0002559970008189083,-4.903692403801507e-07,2.556468439461612e-06,-0.00010271442805880396
-0.00012170404539486087,-3.557427223477294e-05,-2.872801051989962e-05,0.00023039730073648804,-4.413354045273987e-07,2.300814856276423e-06,-9.244298211151698e-05
-0.00010953363911887478,-3.201684478962297e-05,-2.58552070206107e-05,0.000207357570660701,-3.97204644314586e-07,2.070727304806508e-06,-8.319868107653939e-05
-9.858027364472452e-05,-2.881516010871943e-05,-2.326968411476074e-05,0.00018662181359729857,-3.5748667877311124e-07,1.8636491122062115e-06,-7.487881042423468e-05
-8.872224487356225e-05,-2.5933643915593274e-05,-2.094271372324666e-05,0.00016795963223969687,-3.2174026204367934e-07,1.6772792849409357e-06,-6.739092709184564e-05
-7.985001912233112e-05,-2.3340279360462013e-05,-1.8848440564867702e-05,0.00015116366901679612,-2.8956825944004283e-07,1.5095469344181267e-06,-6.065183232611439e-05
-7.186501607037805e-05,-2.100625127784972e-05,-1.6963594902979356e-05,0.00013604730211724814,-2.6061325675286184e-07,1.3585882596492405e-06,-5.458664723835202e-05
-6.467851343816815e-05,-1.8905626016335608e-05,-1.5267233968135896e-05,0.00012244257190552332,-2.3455357424373435e-07,1.2227258487096382e-06,-4.912798085118667e-05
-5.8210661173091916e-05,-1.7015063295350297e-05,-1.3740509269586504e-05,0.00011019831471337574,-2.110996963761158e-07,1.1004500374625636e-06,-4.4215181267940554e-05
-5.238959422299667e-05,-1.5313556860796496e-05,-1.236645717312898e-05,9.917848323937051e-05,-1.899910586772302e-07,9.904021330692236e-07,-3.979366179008171e-05
-4.7150634054739845e-05,-1.3782201077200407e-05,-1.1129810400783285e-05,8.926063491543693e-05,-1.7099314891799722e-07,8.913593104384332e-07,-3.581429439428576e-05
-4.243556997579872e-05,-1.2403980882091936e-05,-1.0016828412298673e-05,8.033457142175501e-05,-1.5389491180017867e-07,8.022210291128151e-07,-3.223286386491069e-05
-3.819201237134943e-05,-1.1163582716078313e-05,-9.015144715875806e-06,7.23011142795861e-05,-1.385063886222282e-07,7.219968124680398e-07,-2.9009576496100836e-05
-3.4372810588638274e-05,-1.0047224376280584e-05,-8.11362947441066e-06,6.507100285268672e-05,-1.246566229406998e-07,6.497952275558161e-07,-2.6108617960085827e-05
-3.093552904119947e-05,-9.042501874695352e-06,-7.302265838570604e-06,5.856390257008223e-05,-1.1219174748944294e-07,5.848139934053198e-07,-2.349775536399307e-05
-2.7841975698078558e-05,-8.13825162862547e-06,-6.572038633481658e-06,5.270751231201479e-05,-1.0097327908520359e-07,5.263310500075447e-07,-2.1147979114923693e-05
-2.5057777729764474e-05,-7.3244264156557826e-06,-5.914834209124614e-06,4.7436761079211465e-05,-9.087658932316334e-08,4.7369655872819827e-07,-1.9033180553628803e-05
-2.2551999600378594e-05,-6.591983729875572e-06,-5.323350283158168e-06,4.269308497129032e-05,-8.178950300363752e-08,4.263256545844474e-07,-1.7129861914539583e-05
-2.0296799321234578e-05,-5.9327853179913514e-06,-4.791014800383658e-06,3.842377647522363e-05,-7.361106722780786e-08,3.836919660535343e-07,-1.5416875201193937e-05
-1.8267119098232774e-05,-5.3395067504957705e-06,-4.311912913820826e-06,3.4581398827168014e-05,-6.625042175967266e-08,3.4532175820223276e-07,-1.3875187206047971e-05
-1.6440406925270334e-05,-4.805556041292958e-06,-3.8807212559797966e-06,3.1123258946053056e-05,-5.962579711915605e-08,3.10788673130169e-07,-1.2487668063738706e-05
-1.4796366000494315e-05,-4.325000405230872e-06,-3.4926488016798207e-06,2.8010933050385406e-05,-5.366359286107514e-08,2.797089859243873e-07,-1.123890087506357e-05
-1.3316729189521894e-05,-3.892500336999394e-06,-3.1433836258955294e-06,2.5209839746406087e-05,-4.829757274671387e-08,2.5173734802264036e-07,-1.0115010441512449e-05
-1.1985056078286493e-05,-3.5032502777032626e-06,-2.82904499483011e-06,2.268885577016988e-05,-4.3468118993139626e-08,2.2656294894340956e-07,-9.103509084348784e-06
-1.0786550297897136e-05,-3.1529252280948494e-06,-2.5461402540609412e-06,2.0419970194751613e-05,-3.912158180741088e-08,2.039060585448671e-07,-8.193157896999818e-06
-9.707895112059852e-06,-2.8376326855483747e-06,-2.2915260113401392e-06,1.8377973175276452e-05,-3.5209672247238366e-08,1.835149142093151e-07,-7.373841852899646e-06
-8.73710546079676e-06,-2.5538693988746974e-06,-2.0623732152752483e-06,1.6540175858278244e-05,-3.168892911964427e-08,1.651629391793974e-07,-6.636457447328249e-06
-7.863394792248686e-06,-2.2984824446237173e-06,-1.8561357190555183e-06,1.4886158274052264e-05,-2.8520234202078498e-08,1.4864621120103116e-07,-5.972811498293398e-06
-7.077055201215859e-06,-2.068634183088891e-06,-1.6705219884963207e-06,1.339754244611413e-05,-2.5668391176458805e-08,1.3378119767537555e-07,-5.375530168670421e-06
-6.36934957940101e-06,-1.8617707530643735e-06,-1.5034696447882578e-06,1.2057788202568531e-05,-2.3101715429518777e-08,1.2040272483887504e-07,-4.837976983743629e-06
-5.732414530436932e-06,-1.6755936676493555e-06,-1.353122549868635e-06,1.0852009381775302e-05,-2.0791687482812904e-08,1.0836213451548282e-07,-4.354179140756299e-06
-5.159172994355626e-06,-1.5080342880835484e-06,-1.2178101772182537e-06,9.766808444666708e-06,-1.8712649596519526e-08,9.752563675385906e-08,-3.918761098052528e-06
-4.643255622544754e-06,-1.3572308502352026e-06,-1.0960290562252173e-06,8.790127601795289e-06,-1.6841501637721024e-08,8.777281811783721e-08,-3.526884868152065e-06
-4.178929991649743e-06,-1.2215077556110288e-06,-9.864260548109183e-07,7.911114840553068e-06,-1.5157456179082374e-08,7.89953037427793e-08,-3.1741962686904213e-06
-3.761036931820144e-06,-1.0993569731221342e-06,-8.877833673481828e-07,7.12000335490251e-06,-1.3641804116892864e-08,7.109556362377978e-08,-2.856776545152699e-06
-3.3849331859767823e-06,-9.894212683603243e-07,-7.990049523953768e-07,6.408003018876229e-06,-1.2277711930464008e-08,6.398582049621515e-08,-2.5710988003687513e-06
-3.0464398189902937e-06,-8.904791329589212e-07,-7.191043874775482e-07,5.767202715389885e-06,-1.105001933010552e-08,5.758706878716824e-08,-2.3139888471481428e-06
-2.7417957961617216e-06,-8.014312116999545e-07,-6.4719388598658e-07,5.190482443854366e-06,-9.94508482510259e-09,5.1828211410087643e-08,-2.0825898870906016e-06
-2.467616176666902e-06,-7.212880878404437e-07,-5.824744436534746e-07,4.671434199465807e-06,-8.950636315452343e-09,4.6645255151467335e-08,-1.8743308347612953e-06
-2.2208545223311935e-06,-6.491592737245533e-07,-5.242269498564878e-07,4.204290776851222e-06,-8.05562731798215e-09,4.1980607372316125e-08,-1.6868976897973717e-06
-1.9987690366134875e-06,-5.842433410396808e-07,-4.718042096660269e-07,3.7838616986328455e-06,-7.250114439361077e-09,3.7782436061728486e-08,-1.5182078721043442e-06
-1.798892103751018e-06,-5.258190053369916e-07,-4.246237499221095e-07,3.4054755282397764e-06,-6.5251506836672135e-09,3.400409468584664e-08,-1.3663870404826035e-06
-1.6190028652297676e-06,-4.7323710056224044e-07,-3.821613388209355e-07,3.0649279754157988e-06,-5.8726790791441275e-09,3.060359439477356e-08,-1.2297482984012682e-06
-1.4571025569679735e-06,-4.2591338994535377e-07,-3.4394517205160735e-07,2.7584351762720283e-06,-5.285447121639031e-09,2.7543156436160565e-08,-1.1067734358698872e-06
-1.3113922816307237e-06,-3.833220488247413e-07,-3.0955062345697226e-07,2.482591657582134e-06,-4.7569379130196765e-09,2.4788769543981903e-08,-9.960960574129617e-07
-1.1802530354475607e-06,-3.4498983966790853e-07,-2.7859553457937336e-07,2.2343324896922923e-06,-4.281273682793518e-09,2.230982839440676e-08,-8.964864264397222e-07
-1.0622277170930366e-06,-3.104908525008998e-07,-2.507359562232969e-07,2.010899239124342e-06,-3.853173780044017e-09,2.0078786237831547e-08,-8.068377585594699e-07
-9.56004932696486e-07,-2.794417672535854e-07,-2.256623383503631e-07,1.8098093157482842e-06,-3.467879580720812e-09,1.807085674848663e-08,-7.261539542668081e-07
-8.60404426194887e-07,-2.514975905310024e-07,-2.0309608755875175e-07,1.6288283841738027e-06,-3.1211121603869074e-09,1.6263721244746954e-08,-6.535385357105822e-07
-7.743639698124492e-07,-2.2634782936847841e-07,-1.8278646025590706e-07,1.4659455462827375e-06,-2.8090188231022495e-09,1.4637304597553413e-08,-5.881846600846834e-07
-6.969275601429598e-07,-2.0371304323973938e-07,-1.6450779679114125e-07,1.3193509911246792e-06,-2.528135867319037e-09,1.3173535581834095e-08,-5.29366177360116e-07
-6.272347919640889e-07,-1.8334173729206427e-07,-1.4805700067344052e-07,1.187415893607463e-06,-2.2753406936359966e-09,1.1856149215172529e-08,-4.7642954076766025e-07
-5.645113032668597e-07,-1.6500756463977417e-07,-1.3325129004024272e-07,1.0686743063814674e-06,-2.0478196915973967e-09,1.0670500968923413e-08,-4.2878656997084874e-07
-5.080601634551395e-07,-1.4850680551958817e-07,-1.1992615105149707e-07,9.618068741445995e-07,-1.8430523635037943e-09,9.603422425341623e-09,-3.859078962606573e-07
-4.5725414081661253e-07,-1.3365612386295744e-07,-1.0793352596405459e-07,8.656261893946748e-07,-1.6587580753402165e-09,8.643056020884998e-09,-3.473170899037474e-07
-4.115287215045865e-07,-1.2029051044137873e-07,-9.714016654949198e-08,7.790635709915839e-07,-1.492890547294401e-09,7.778727238727523e-09,-3.1258537379254964e-07
-3.703758425354503e-07,-1.0826145993569902e-07,-8.74261420584499e-08,7.011572122905818e-07,-1.343611361059871e-09,7.000833024406461e-09,-2.813268271742442e-07
-3.3333825358436084e-07,-9.743531392825133e-08,-7.868352264184253e-08,6.310414910649931e-07,-1.2092579437794626e-09,6.300729209207656e-09,-2.5319413305812527e-07
-3.000044224432674e-07,-8.769177936573946e-08,-7.08151645621713e-08,5.679373398237431e-07,-1.088338336119321e-09,5.670640484956024e-09,-2.278747094101516e-07
-2.700039733764467e-07,-7.892260142638996e-08,-6.373364452513797e-08,5.111436074366205e-07,-9.795095706754964e-10,5.103559165553495e-09,-2.0508723454649297e-07
-2.430035729358154e-07,-7.103034341260361e-08,-5.736027325689563e-08,4.600292466960809e-07,-8.815674162887532e-10,4.593191285651166e-09,-1.845785028977906e-07
-2.1870321042149685e-07,-6.392731013993291e-08,-5.1624243393999514e-08,4.1402632255591043e-07,-7.934141260657057e-10,4.1338612671859565e-09,-1.661206433679202e-07
-1.9683288840239427e-07,-5.753457804624773e-08,-4.6461813816428554e-08,3.7262369190216305e-07,-7.140799340721316e-10,3.7204636732512952e-09,-1.4950857188779712e-07
-1.7714959593163881e-07,-5.178112130743706e-08,-4.181562776942038e-08,3.353613227084773e-07,-6.426748855314912e-10,3.3484101602532235e-09,-1.3455771076791717e-07
-1.5943463324476909e-07,-4.6603007036738475e-08,-3.763406245319012e-08,3.018251888420309e-07,-5.784103335182422e-10,3.013559832232282e-09,-1.2110193150930218e-07
-1.4349116575192514e-07,-4.194270794566357e-08,-3.3870653642908977e-08,2.716426710236419e-07,-5.205722519718847e-10,2.7121982854039217e-09,-1.0899173228870462e-07
-1.291420444783642e-07,-3.774843607140532e-08,-3.0483584129159524e-08,2.444784055199989e-07,-4.68515851115292e-10,2.440973388695422e-09,-9.809255407120313e-08
-1.1622783960014288e-07,-3.397359404910816e-08,-2.7435225327665513e-08,2.2003056443509195e-07,-4.216656052102863e-10,2.196868950643527e-09,-8.8283298994591e-08
-1.0460505520852939e-07,-3.0576236792478895e-08,-2.4691700243467674e-08,1.980275090608663e-07,-3.7949930697944723e-10,1.977177511991446e-09,-7.945496623270806e-08
-9.414454658950369e-08,-2.7518613138211023e-08,-2.222252661401858e-08,1.7822475762221957e-07,-3.415533689210548e-10,1.7794531334547337e-09,-7.150946888887649e-08
-8.473009202071557e-08,-2.4766750206239863e-08,-2.000027031490159e-08,1.6040228345559626e-07,-3.07401534782592e-10,1.60150540745585e-09,-6.435851484772395e-08
-7.625708185786742e-08,-2.2290075202269222e-08,-1.8000241810978146e-08,1.4436205297840843e-07,-2.766653850461154e-10,1.4413519613953873e-09,-5.792265839275196e-08
-6.863137270388814e-08,-2.006106875063196e-08,-1.6200213493605675e-08,1.2992584608184643e-07,-2.4899858563909305e-10,1.29721280245354e-09,-5.213039394515867e-08
-6.176823232756368e-08,-1.8054961331559483e-08,-1.4580190638158186e-08,1.169332630689135e-07,-2.2410275024586923e-10,1.167489126208121e-09,-4.691735700987354e-08
-5.559140707185953e-08,-1.6249466799900247e-08,-1.3122171713814135e-08,1.0523993942967991e-07,-2.0169541037340366e-10,1.0507368031209552e-09,-4.22256205795217e-08
-5.0032263783795355e-08,-1.462452120515323e-08,-1.1809950892227583e-08,9.471594708543307e-08,-1.8152618297406775e-10,9.456606817059843e-10,-3.80030556502986e-08
-4.5029038591142684e-08,-1.3162069600891613e-08,-1.0628953328595259e-08,8.524435024526156e-08,-1.633764373787372e-10,8.510939730754785e-10,-3.420274511441862e-08
-4.052613322962778e-08,-1.1845863706616555e-08,-9.56605863619564e-09,7.671991575364245e-08,-1.470385757595949e-10,7.659811257498816e-10,-3.0782471991969845e-08
-3.647351840213933e-08,-1.0661275251511171e-08,-8.609452335078815e-09,6.904792471465471e-08,-1.3233660001166214e-10,6.89378977514199e-10,-2.7704218729870944e-08
-3.282616345672701e-08,-9.595146621688144e-09,-7.74850827250928e-09,6.214313330935028e-08,-1.1910536446002595e-10,6.204402824838695e-10,-2.49337939921615e-08
-2.954354614941035e-08,-8.635631404407818e-09,-6.97365544477524e-09,5.592881890947865e-08,-1.0719562737460109e-10,5.583923115559664e-10,-2.2440417053650602e-08
-2.6589188970374544e-08,-7.772066157318847e-09,-6.276287357886989e-09,5.033593808434489e-08,-9.647420362579595e-11,5.025528396207513e-10,-2.0196376748944644e-08
-2.393027017690008e-08,-6.994858470221743e-09,-5.6486555606583e-09,4.5302343213565743e-08,-8.682919661051614e-11,4.5229840012206424e-10,-1.8176743667511208e-08
-2.1537245385987863e-08,-6.295369975317655e-09,-5.083789587218002e-09,4.0772111020714874e-08,-7.814869584787942e-11,4.070693990221308e-10,-1.635907177777174e-08
-1.9383522538787834e-08,-5.6658308322798945e-09,-4.57541178555676e-09,3.669489778701518e-08,-7.03367641907704e-11,3.66359491354995e-10,-1.4723163862997296e-08
-1.744516878784269e-08,-5.099249356099733e-09,-4.117868091652044e-09,3.3025406409592506e-08,-6.330284907374306e-11,3.2972122254726344e-10,-1.3250847797057624e-08
-1.5700649344876916e-08,-4.589326557669082e-09,-3.7060797902777054e-09,2.9722864166442653e-08,-5.697230187617919e-11,2.967493889505235e-10,-1.1925763362084785e-08
-1.4130582371742195e-08,-4.130392305956576e-09,-3.33546924455308e-09,2.6750580420925596e-08,-5.127588631470559e-11,2.6707098338407675e-10,-1.0733191613265802e-08
-1.271752583667865e-08,-3.717352009546815e-09,-3.0019224467325856e-09,2.4075520244082327e-08,-4.6149639665316045e-11,2.403609603018886e-10,-9.659873865218438e-09
-1.1445774951521909e-08,-3.3456173387236277e-09,-2.7017303394494263e-09,2.1667968752581146e-08,-4.1534969907885966e-11,2.1632625551992746e-10,-8.693883603479169e-09
-1.0301197017788255e-08,-3.0110529625204663e-09,-2.431556869048057e-09,1.9501174012420686e-08,-3.738387377438812e-11,1.9469494766388706e-10,-7.824498781967143e-09
-9.271076890134816e-09,-2.709949792345512e-09,-2.1884018625017987e-09,1.7551053943520856e-08,-3.364308831521612e-11,1.7522740203279596e-10,-7.042052435103641e-09
-8.343967690827708e-09,-2.438955842842816e-09,-1.969563356157833e-09,1.5795945881164064e-08,-3.0280694618411985e-11,1.577048977519091e-10,-6.3378475189355965e-09
-7.509568363418123e-09,-2.195060272436322e-09,-1.7726060896894325e-09,1.4216350763263108e-08,-2.7253935219739844e-11,1.4193576869381275e-10,-5.704060973554803e-09
