0.0,0.0,0.0,0.0,0.0,0.0,0.0
40.140505747904186,-9.417552400336014,-43.76458196877845,-22.08958583610751,-40.128113853512744,44.47928498376721,-56.071224794639896
36.126603992580755,-14.928870198524983,-39.38384589551762,-41.76454777249504,-36.11530246816146,40.03134468905129,-50.46635461162291
32.51480876868938,-17.223902204629216,-35.457433816797575,-51.742190855904646,-32.503772221345315,36.02807600227949,-45.41632344506654
29.261522874722623,-14.88953918411941,-31.901608720940565,-48.06344215612237,-29.253394999210784,32.42514276536039,-40.877075220973346
26.33552321783111,-12.568294666998458,-28.725452593281286,-43.25572147697566,-26.32805549928971,29.182483483384154,-36.78325561754669
23.703145803153298,-10.566060420417708,-25.860121606029168,-38.92965303563345,-23.695249949360733,26.264413980299025,-33.102804856990176
21.333302008469108,-8.593927152506653,-23.27515840686771,-35.0366949758874,-21.325724954424665,23.638056701638398,-29.79244471861065
19.199750728980565,-6.394419623385404,-20.946504236424065,-31.53309556890368,-19.193152458982198,21.27420690358767,-26.81351212266419
17.279459921010837,-3.742990410409321,-18.850855411839156,-28.37981822700353,-17.273837213083976,19.1467298934987,-24.1323489309379
15.550465146468673,-0.44848476539363524,-16.9646187495565,-25.5426719019713,-15.54671983812114,17.232521887248982,-21.71919819052549
13.99554678795761,3.64219521186672,-15.268156874600855,-22.988146280973528,-13.992008533501004,15.509074212347908,-19.54726977744528
12.595690432349247,8.633804862540654,-13.741341187140769,-20.6894347947945,-12.59297498513983,13.958118434833668,-17.592488385545913
11.333683885808549,14.57435788370747,-12.367207068426694,-18.621695201906082,-11.33472117814007,12.56244830386096,-15.832929956349519
10.180258581553623,21.459156275829297,-11.130486361584026,-16.767116571314595,-10.207349644110534,11.307190154168463,-14.247822176949336
9.017661540339772,29.296162994519264,-10.017437725425623,-15.124858228873187,-9.212601372140515,10.18069143416416,-12.81557999599617
4.902355730049978,35.99601669452843,-9.300138059502366,-13.812517923250816,-8.185923097033788,8.999953373860752,-11.483432022590438
3.4537346466753616,39.73326666680883,-8.208818704116982,-11.977166682495067,-7.769615600901345,6.977086333860489,-10.252986149873246
6.695913662742866,36.01347850449497,-7.324855636455563,-10.894960027450814,-6.774423653654372,7.108485201238754,-9.310239731260562
6.890537604111945,32.55916939324075,-6.5323127128755685,-9.939994935399499,-5.948792160361966,7.014354101404898,-8.451783099943395
6.111713400836194,29.28007482468291,-5.879081441588009,-8.916582917864943,-5.379307585628257,6.197724713114381,-7.597993923818627
5.480894208182541,26.343594018492702,-5.291173297429211,-8.015832178531339,-4.850313680213215,5.5355831413834435,-6.834774477807394
4.9305443372331546,23.70784797085336,-4.76205596768629,-7.212961125219643,-4.366709404105179,4.9750396481052706,-6.150710692436336
4.437221571637284,21.336842535657254,-4.285850370917659,-6.491485102110181,-3.9302608696132597,4.476408450313908,-5.535543579177811
3.993464049894807,19.203120706500265,-3.8572653338258953,-5.842309205622799,-3.5372719804139656,4.028571799211332,-4.981972638027095
3.594112227034318,17.28280136025044,-3.4715388004433074,-5.258073456059602,-3.183551870372334,3.6256758008283407,-4.483772165495339
3.2347000137672066,15.554519563146084,-3.1243849203989753,-4.732265088544226,-2.865198278249135,3.2630991288744724,-4.035394226714557
2.9088595356156977,14.037072127172523,-2.822390013097045,-4.433146437155199,-2.3487035967490844,3.669904447484251,-3.652378440750522
2.616828530025873,12.602956757778065,-2.5302260407581993,-3.899845261658351,-2.2432067974461094,2.8597775065351545,-3.3056580528091914
2.3571365232954746,11.3405421643898,-2.274254128222682,-3.487574266576911,-2.0525167711047243,2.483454315573919,-2.98257422285436
2.1222547298827457,10.206494301225053,-2.047716487444085,-3.1222116973654224,-1.8504376373179465,2.198108303483647,-2.714916400437668
1.9103117280473774,9.186374609148869,-1.8422287603027456,-2.808595218353406,-1.6665264259474237,1.9779322654477611,-2.481915596204623
1.7199909788447156,8.26657767202555,-1.6575448694333017,-2.517761018077824,-1.509177933808742,1.7462897720783608,-2.244374689620247
1.548645149122609,7.43811970995335,-1.4914234820653047,-2.2578254347609366,-1.3671656141348032,1.5382770108657504,-2.0200190625362975
1.3932682530732574,6.695580857397583,-1.3430321443310547,-2.0308311382796354,-1.2344161873056796,1.3866353894450414,-1.8482911956624681
1.2533757018586273,6.027068131924272,-1.209457969128737,-1.8251777112140382,-1.1152258419975372,1.2477764877409947,-1.6811430514321113
1.1278041184589296,5.424698221582945,-1.0886726305312546,-1.6387084230011093,-1.0104577510582204,1.115412048899094,-1.5076200389826162
1.0149189399818908,4.882255300699191,-0.9798820272765144,-1.472707954200579,-0.9123016814028805,0.9997056757220716,-1.3630718231989514
0.9134142061223096,4.393642584552075,-0.8819316054481362,-1.323468803370476,-0.8248606816217154,0.8924183984878695,-1.2263035773936903
0.8221870747039607,3.9539176927095703,-0.793532560540399,-1.1895558689725765,-0.7462550738901712,0.7966598780615183,-1.093493506871385
0.7399714286777576,3.558372894618877,-0.7141203659564048,-1.0694360330132047,-0.6741000929166232,0.7131784708496459,-0.9765619248056923
0.6663593190812033,3.2013983330613214,-0.6425403623788355,-0.9604086376692315,-0.6110122179880249,0.628623642362222,-0.852941480657089
0.5998196005867104,2.881107875280325,-0.5781776278145697,-0.8627358268732552,-0.5524884199154676,0.5597403429012464,-0.7459515762946967
0.539899323018232,2.592850169651426,-0.5202992767655275,-0.7763570483950901,-0.49782829108385596,0.5028874630831447,-0.6740569707847957
0.4860237336890279,2.332793012952452,-0.468510522890836,-0.6976430894951972,-0.44936843651111774,0.44462776155003825,-0.5986137146184949
0.4375724463722276,2.099014867551491,-0.4217046880188683,-0.6268404930509975,-0.4060262655548039,0.3936281811673124,-0.5244866585757558
0.39386497904431617,1.8888769270763055,-0.37960835844996,-0.5638970591817764,-0.36582055424051796,0.35223575865519113,-0.4722412253418592
0.3545467535558338,1.699827809411021,-0.3416434183518704,-0.5074233505190564,-0.3296425337428627,0.31599162287030486,-0.4257538099591889
0.319201314151626,1.5297033006117964,-0.3073837433705473,-0.4563681400332121,-0.2976344259911534,0.2816662551585709,-0.37218593040770975
0.2872443479589689,1.3765082987102006,-0.2768928641179537,-0.4101896560419732,-0.26779419958554096,0.24887895657221132,-0.3283219139639893
0.2582947026439749,1.2384735124213808,-0.24989110300001693,-0.3679851301157761,-0.2398464843287499,0.2148330180457119,-0.2855185436408532
0.23290476957257217,1.114460826045163,-0.2242748397445859,-0.3320849568398717,-0.2173291217370862,0.1979440994220511,-0.26437752417229354
0.2097142208098992,1.0030663908457846,-0.201619211553556,-0.2988077755472087,-0.1965582307799838,0.17812890094215753,-0.2278131646527489
0.18845665518434518,0.9026884252536157,-0.18205309122497243,-0.2680180298856058,-0.1753639278022112,0.15484322661711725,-0.2041767736616478
0.16965609591745812,0.8113935260584191,-0.16416933639599504,-0.24010949852828592,-0.16073351334280359,0.12867364175676488,-0.1482998958168964
0.1519771945739108,0.7304832689435765,-0.14842827549766824,-0.21446678472274697,-0.14639924504009996,0.11396189503229236,-0.10954843489303762
0.13677947509483715,0.6574349420516405,-0.13358544794789928,-0.19302010623450921,-0.13175932054882283,0.1025657055568338,-0.09859359139469209
0.12310152754314893,0.5916914478952651,-0.12022690315311202,-0.17371809559761378,-0.11858338847825564,0.09230913535199693,-0.08873423225138094
0.11079137474936443,0.5325223031519217,-0.10820421283780134,-0.15634628602553088,-0.10672504961526237,0.08307822214854786,-0.07986080902283064
0.09971223723765549,0.47927007288018536,-0.09738379155402124,-0.14071165741168717,-0.09605254463921986,0.07477040024554298,-0.07187472811750589
0.08974101347975338,0.43134306563283786,-0.08764541239861856,-0.12664049166018324,-0.08644729016152572,0.06729336051264673,-0.06468725530304485
0.08076691210018233,0.38820875910744995,-0.07888087115875564,-0.1139764424847157,-0.0778025611324013,0.0605640247329569,-0.058218529770316586
0.07269022086100822,0.3493878832318788,-0.07099278404287901,-0.10257879822760702,-0.07002230500701553,0.054507622511576745,-0.05239667679111282
0.06542119874806707,0.31444909494122003,-0.06389350563858898,-0.09232091839697348,-0.06302007449499576,0.049056860493318644,-0.04715700911005509
0.05887907884860637,0.283004185477098,-0.05750415507472795,-0.08308882655009399,-0.05671806703499263,0.04415117465867645,-0.04244130819729226
0.05299117094114773,0.2547037669569795,-0.05175373956725515,-0.07477994388855122,-0.051046260321780515,0.039736057390198004,-0.03819717737599211
0.04769205382635847,0.22923339028659848,-0.04657836561052697,-0.06730194949374618,-0.045941634280649055,0.03576245183224859,-0.03437745963697956
0.04292284842483541,0.20631005128112234,-0.04192052904947374,-0.06057175453896349,-0.04134747084435818,0.03218620681478654,-0.03093971367201023
0.03863056356512623,0.18567904617419842,-0.03772847614452424,-0.05451457908016096,-0.03721272375237944,0.028967586284791513,-0.027845742303659125
0.03476750719292272,0.16711114157611764,-0.03395562853007128,-0.049063121167693666,-0.03349145137023779,0.026070827794521537,-0.025061168072260973
0.03129075645935786,0.15040002743612815,-0.030560065677066817,-0.04415680904688118,-0.03014230622690725,0.023463745140986578,-0.02255505126410116
0.02816168080045011,0.13536002470855357,-0.027504059109359602,-0.03974112813853236,-0.027128075598467014,0.0211173707414639,-0.020299546136849436
0.025345512708627206,0.12182402225227473,-0.024753653198422043,-0.03576701532136794,-0.024415268033380802,0.01900563377145456,-0.01826959152241179
0.022810961427082728,0.1096416200402851,-0.022278287878581438,-0.03219031378623579,-0.02197374122527783,0.017105070488860154,-0.016442632369491908
0.020529865274692867,0.09867745804826494,-0.020050459090722228,-0.02897128240489521,-0.019776367098424827,0.015394563525745912,-0.01479836913193168
0.018476878738455126,0.08880971225432369,-0.018045413181647874,-0.026074154161954573,-0.017798730384653294,0.013855107250915724,-0.013318532218188815
0.016629190856672922,0.07992874103875452,-0.016240871863482553,-0.02346673874354078,-0.01601885734262813,0.012469596596241861,-0.011986678995870977
0.014966271763821211,0.07193586694380591,-0.014616784677135897,-0.02112006486718147,-0.014416971605139287,0.01122263700035881,-0.01078801109583996
0.013469644580945602,0.06474228025750256,-0.01315510620942284,-0.019008058378650224,-0.012975274441705154,0.010100373357987642,-0.009709209985851182
0.012122680116982696,0.05826805223905315,-0.011839595588480023,-0.01710725253914722,-0.011677746994890131,0.009090336074324398,-0.008738288986901516
0.010910412099983445,0.05244124702174521,-0.010655636029634152,-0.015396527283758846,-0.010509972293009859,0.008181302514010495,-0.007864460087883881
0.00981937088519924,0.04719712232553083,-0.009590072426670204,-0.013856874554057354,-0.009458975061549094,0.0073631723051753445,-0.007078014078804045
0.008837433792356731,0.04247741009836356,-0.008631065184001585,-0.012471187097454376,-0.008513077553439968,0.006626855113098393,-0.006370212670654448
0.00795369040922212,0.03822966909339015,-0.0077679586656014266,-0.011224068386631026,-0.0076617697963305975,0.005964169636489221,-0.005733191403351617
0.007158321364780243,0.03440670218843901,-0.006991162799042883,-0.010101661546994805,-0.006895592815106766,0.0053677527041525175,-0.005159872262803463
0.006442489225127227,0.030966031973555297,-0.006292046519140726,-0.0090914953914124,-0.006206033532160024,0.0048309774619908485,-0.004643885036330311
0.005798240299750353,0.027869428779770833,-0.005662841867229318,-0.00818234585147979,-0.005585430177649092,0.004347879741271911,-0.004179496532525714
0.005218416267195892,0.02508248590501154,-0.005096557680507985,-0.00736411126562261,-0.005026887158711843,0.003913091790126132,-0.0037615468791142833
0.0046965746381478456,0.02257423731741255,-0.004586901912455588,-0.00662770013841538,-0.004524198441787627,0.0035217826318326984,-0.0033853921910631498
0.004226917172234957,0.02031681358828781,-0.004128211721207364,-0.005964930123988996,-0.004071778596656403,0.0031696043873276764,-0.0030468529718245376
0.003804225453122447,0.01828513223181677,-0.003715390549086095,-0.005368437111064429,-0.003664600736134907,0.002852643965427823,-0.0027421676745257393
0.003423802906108898,0.01645661901076112,-0.0033438514941774855,-0.004831593399487306,-0.0032981406617475784,0.002567379584055181,-0.002467950906974916
0.0030814226139650788,0.014810957111600145,-0.0030094663447624015,-0.0043484340591133964,-0.002968326594875878,0.002310641639315769,-0.0022211558161823438
0.0027732803511851204,0.013329861402167395,-0.0027085197102856284,-0.003913590652819241,-0.002671493934761418,0.002079577487699616,-0.0019990402344807288
0.002495952314822256,0.011996875263507248,-0.0024376677392581314,-0.003522231587192646,-0.0024043445407196246,0.0018716197500222229,-0.0017991362109588517
0.00224635708222057,0.01079718773855709,-0.00219390096533445,-0.003170008428169023,-0.0021639100861358673,0.0016844577850136794,-0.0016192225897913009
0.002021721372989187,0.009717468965962803,-0.0019745108688020707,-0.00285300758507746,-0.0019475190770612272,0.0015160120155148504,-0.0014573003307479437
0.0018195492347816335,0.008745722070500783,-0.0017770597819239814,-0.002567706826320529,-0.001752767168943306,0.0013644108220706927,-0.0013115702976174252
0.0016375943104823005,0.007871149864474264,-0.0015993538037299831,-0.0023109361434583767,-0.0015774904516758226,0.0012279697471617515,-0.0011804132678084984
0.0014738348786945948,0.007084034878947529,-0.0014394184233559454,-0.002079842528908988,-0.0014197414061753316,0.0011051727790183166,-0.0010623719409815092
0.0013264513901631598,0.006375631391880077,-0.00129547658102247,-0.001871858275833669,-0.0012777672652535682,0.0009946555070372634,-0.0009561347468382952
0.0011938062505485666,0.005738068253437145,-0.0011659289229175585,-0.001684672448083957,-0.0011499905384541736,0.0008951899616641695,-0.0008605212721179162
0.0010744256249554558,0.005164261428764125,-0.0010493360306274013,-0.0015162052031304704,-0.001034991484361758,0.000805670970294714,-0.0007744691448695789
0.0009669830619758561,0.004647835286491014,-0.0009444024275619967,-0.001364584682687242,-0.0009314923357056776,0.0007251038775836077,-0.0006970222303482104
0.0008702847553399146,0.004183051758385098,-0.0008499621848052641,-0.001228126214297895,-0.0008383431019380883,0.0006525934937147565,-0.0006273200072885489
0.0007832562794116843,0.0037647465830393523,-0.0007649659663257896,-0.0011053135927623775,-0.0007545087915668824,0.0005873341478465424,-0.0005645880065402037
0.0007049306511172256,0.003388271925174463,-0.0006884693696953548,-0.0009947822333889224,-0.0006790579122508689,0.0005286007362164113,-0.0005081292058656105
0.0006344375856857255,0.0030494447330556423,-0.0006196224327279509,-0.0008953040099570625,-0.0006111521208813503,0.0004757406654343488,-0.0004573162852552822
0.0005709938268324798,0.002744500260108834,-0.0005576601894556887,-0.0008057736088864925,-0.0005500369086652579,0.00042816660144662233,-0.00041158465671664937
0.0005138944438911677,0.0024700502344189162,-0.0005018941705117186,-0.0007251962479251119,-0.00049503321768192,0.0003853499436032859,-0.000370426191030805
0.0004625049992684569,0.002223045211266081,-0.00045170475346269223,-0.0006526766230705028,-0.00044552989580921853,0.00034681495131499984,-0.0003333835719114145
0.00041625449913357607,0.00200074069039978,-0.00040653427811854215,-0.0005874089607088261,-0.00040097690613384585,0.0003121334580462945,-0.0003000452147039574
0.0003746290490318667,0.0018006666215945877,-0.0003658808503050892,-0.0005286680645843755,-0.0003608792154350393,0.0002809201139167272,-0.0002700406932225853
0.0003371661439616237,0.0016205999596491522,-0.0003292927652740474,-0.0004758012580744868,-0.00032479129381624006,0.00025282810403724765,-0.00024303662388508885
0.0003034495294127852,0.0014585399638726848,-0.0002963634887471617,-0.0004282211322198491,-0.00029231216436624574,0.00022754529499066645,-0.00021873296148665865
0.0002731045763358711,0.0013126859676541452,-0.00026672713987350993,-0.0003853990189560154,-0.0002630809478698093,0.0002047907667156526,-0.00019685966533340184
0.00024579411857835777,0.0011814173710425757,-0.00024005442588402592,-0.0003468591170281421,-0.00023677285302832474,0.0001843116911473472,-0.0001771736987944113
0.000221214706612044,0.0010632756340788613,-0.00021604898329563582,-0.0003121732052973232,-0.00021309556767733218,0.00016588052302451278,-0.0001594563289125028
0.00019909323585140873,0.0009569480707939393,-0.00019444408496660515,-0.00028095588474384356,-0.0001917860108619912,0.00014929247161395154,-0.0001435106960177351
0.000179183912174306,0.0008612532638252457,-0.00017499967647260917,-0.00025286029624997305,-0.000172607409735126,0.00013436322525530592,-0.0001291596264103162
0.00016126552087448488,0.0007751279375465409,-0.00015749970882694697,-0.00022757426660549238,-0.00015534666872306369,0.00012092690345395091,-0.00011624366375936803
0.00014513896871317516,0.0006976151438807254,-0.00014174973794212065,-0.0002048168399222637,-0.00013981200181965858,0.00010883421375639662,-0.00010461929737883187
0.00013062507177385475,0.0006278536295735299,-0.0001275747641500402,-0.0001843351559073607,-0.0001258308016082038,9.795079296685827e-05,-9.415736764169149e-05
0.00011756256453752945,0.0005650682666906853,-0.000114817287736102,-0.00016590164030246685,-0.00011324772141949047,8.815571419654861e-05,-8.474163087187226e-05
0.00010580630803068772,0.0005085614400886507,-0.00010333555896302471,-0.00014931147626125532,-0.00010192294925123746,7.9340143251172e-05,-7.62674677800921e-05
9.522567717932737e-05,0.0004577052961377559,-9.30020030640577e-05,-0.0001343803286230974,-9.173065430674587e-05,7.140612935232354e-05,-6.864072100176439e-05
8.570310942056063e-05,0.0004119347665798301,-8.370180275818484e-05,-0.0001209422957487577,-8.25575888545732e-05,6.426551680346893e-05,-6.177664889381318e-05
7.713279844087477e-05,0.0003707412899718182,-7.533162248130054e-05,-0.00010884806616293097,-7.43018299497189e-05,5.783896546888295e-05,-5.5598984005166e-05
6.941951856181093e-05,0.00033366716101665417,-6.779846023263758e-05,-9.79632595399342e-05,-6.687164693695846e-05,5.2055069234321905e-05,-5.003908560538908e-05
6.247756667438972e-05,0.00030030044495643615,-6.1018614209359945e-05,-8.816693357284813e-05,-6.0184482228692326e-05,4.684956259278644e-05,-4.503517704133181e-05
5.6229809976779746e-05,0.0002702704004979989,-5.491675278790353e-05,-7.935024020566325e-05,-5.416603399070741e-05,4.2164606587118125e-05,-4.0531659331546725e-05
5.060682895318379e-05,0.00024324336047847062,-4.9425077508047366e-05,-7.141521617946497e-05,-4.8749430578642894e-05,3.794814615598607e-05,-3.647849339913703e-05
4.5546146033548576e-05,0.00021891902445768385,-4.448256975563003e-05,-6.42736945590909e-05,-4.3874487511030846e-05,3.415333174294766e-05,-3.283064405782028e-05
4.0991531407475953e-05,0.00019702712203795159,-4.0034312782211146e-05,-5.784632510073828e-05,-3.948703875067405e-05,3.073799875304151e-05,-2.9547579654929518e-05
3.689237824934695e-05,0.00017732440985800124,-3.6030881505055845e-05,-5.206169258931137e-05,-3.553833486634461e-05,2.7664199042334858e-05,-2.6592821690165323e-05
3.3203140405424145e-05,0.000159591968891315,-3.2427793351885725e-05,-4.685552332899315e-05,-3.198450136994435e-05,2.489777928739445e-05,-2.3933539518706907e-05
2.9882826350685968e-05,0.0001436327720233943,-2.9185014016164246e-05,-4.216997099472722e-05,-2.878605122369482e-05,2.2408001490878404e-05,-2.15401855654428e-05
2.689454370249228e-05,0.00012926949483801908,-2.6266512612935222e-05,-3.7952973892817904e-05,-2.5907446092585107e-05,2.0167201463298923e-05,-1.938616701177131e-05
2.4205089319126114e-05,0.00011634254536901922,-2.3639861353785818e-05,-3.4157676501094664e-05,-2.331670147621978e-05,1.815048142611575e-05,-1.7447550309203017e-05
2.1784580378879023e-05,0.0001047082908469249,-2.1275875216275608e-05,-3.074190885068995e-05,-2.0985031323611514e-05,1.6335433380032516e-05,-1.570279528007902e-05
1.9606122331067288e-05,9.423746177544823e-05,-1.9148287696779676e-05,-2.7667717962122362e-05,-1.8886528187864182e-05,1.4701890129947826e-05,-1.41325157464239e-05
1.7645510089630417e-05,8.481371560847828e-05,-1.72334589265688e-05,-2.490094616666369e-05,-1.6997875365701298e-05,1.3231701198504475e-05,-1.271926417145599e-05
1.588095907499934e-05,7.633234405604594e-05,-1.55101130339258e-05,-2.2410851548634175e-05,-1.5298087824647255e-05,1.1908531152259039e-05,-1.1447337756117712e-05
1.4292863162368788e-05,6.8699109657816e-05,-1.3959101730520729e-05,-2.0169766394531607e-05,-1.3768279040413112e-05,1.071767809885521e-05,-1.0302603975924189e-05
1.2863576839937038e-05,6.182919870044434e-05,-1.2563191559067377e-05,-1.815278974838172e-05,-1.2391451132437448e-05,9.645910345981723e-06,-9.272343575876356e-06
1.1577219152413692e-05,5.5646278835613794e-05,-1.1306872403679669e-05,-1.6337510768984348e-05,-1.1152306017947478e-05,8.681319361457385e-06,-8.345109222217088e-06
1.0419497234168129e-05,5.008165095836403e-05,-1.0176185163843221e-05,-1.4703759691769153e-05,-1.0037075414345842e-05,7.813187473885985e-06,-7.510598297543088e-06
9.377547508272743e-06,4.507348587096116e-05,-9.158566646419453e-06,-1.3233383720154257e-05,-9.033367868435671e-06,7.031868767687355e-06,-6.759538464276051e-06
8.439792755519926e-06,4.056613729122582e-05,-8.24270998123211e-06,-1.1910045352107879e-05,-8.130031079842115e-06,6.328681926001667e-06,-6.083584621785487e-06
7.595813475898619e-06,3.650952356840098e-05,-7.418438983108899e-06,-1.0719040818715775e-05,-7.317027967912448e-06,5.695813764895752e-06,-5.4752261592896576e-06
6.836232125318614e-06,3.285857121622382e-05,-6.676595084798009e-06,-9.647136737612333e-06,-6.585325172003831e-06,5.126232421354127e-06,-4.927703545159687e-06
-8.316036149884885,-0.6125413001503602,3.262804549224938,11.376477373982823,4.327383299560963,-2.902943629387946,-2.4111767090017704
-0.057955600440182664,0.06128376073723363,-0.3262864638580729,-0.0029236814710493775,-0.4327442176731138,0.29029932697399374,0.24111322275684133
0.6707005575808824,0.02783239135431853,-0.21046354658826694,-0.9590679452132783,-0.2888317165861106,0.20668755577905068,0.19863403536828214
0.43693475444164076,-0.0014697292108442617,-0.10735288543958177,-0.6839002951530027,-0.1604356912479988,0.13173745271103782,0.15954618324980424
0.22655327057078642,-0.027050752433220207,-0.015670972572960903,-0.43528677294673734,-0.045990371303099464,0.06457385307420563,0.12351428395891605
0.037216092493801145,-0.049296004213338976,0.06573715866414176,-0.21057368970718854,0.0559131647648954,0.004408656299115146,0.09023645165819946
-0.13318314795252126,-0.06855212112085143,0.1379107920282152,-0.007372361551007983,0.1465427726485918,-0.04946700147943735,0.05944092228850813
-0.2865405111410679,-0.08513095551264406,0.20178509788238586,0.17646738913385213,0.22703931848857622,-0.09769094602965325,0.0308830411329839
-0.42456277053249536,-0.09931305430748036,0.258201545140178,0.34288108234886383,0.29842937944980596,-0.14083706846085547,0.0043425438291530595
-0.5487863358475829,-0.11135078373854912,0.3079172730059856,0.4936110441961364,0.36163666987282495,-0.17942172441861437,-0.020378885215926738
-0.6605942809745526,-0.12147114751341616,0.3516135248651758,0.6302257247945293,0.417492328908687,-0.21390948835476453,-0.04345981458309833
-0.7612316712496008,-0.1298783205875127,0.38990323924474346,0.7541370845278205,0.46674417754294995,-0.24471833509399,-0.06506104490247527
-0.849046793171734,-0.13799551163041568,0.42580005807359683,0.8630366917255259,0.5151776388314375,-0.2876441936204944,-0.10818876244303696
-0.9304700125215257,-0.14357727209591511,0.4549379278348521,0.965275481973493,0.5539097180785054,-0.314142333523867,-0.13038772571933333
-1.0036814263796134,-0.14818301408493623,0.4801328749713083,1.0588121032073734,0.5869320141634329,-0.3420310708541253,-0.13623431075362102
-1.0695634398988123,-0.1507908717393965,0.5025357921886735,1.1413197671772743,0.6163248628153617,-0.3440337779172909,-0.18843490897148912
-1.129238200396872,-0.15359423368332698,0.5206712891436177,1.2198665040339096,0.6400104463084598,-0.37662828415424976,-0.16254420579684986
-1.1831765372712368,-0.15403078557996547,0.5365148380725432,1.290028808023281,0.6610129430236855,-0.3733796433114013,-0.20318425677033136
-1.2304157089923504,-0.154903769455387,0.5503829799729847,1.3552714203559546,0.685249673296959,-0.3961769915267128,-0.26230218429957003
-1.2715290200538194,-0.15634464801053302,0.563529095383365,1.4146006251155012,0.7043210724199959,-0.4341643525430273,-0.29073912495915
-1.3103771471404972,-0.15609439039155437,0.5729746684626095,1.4681621017279178,0.7179197227423342,-0.4490645347607994,-0.3065490443171285
-1.3459505503315554,-0.1549190486332061,0.5798425123281389,1.5192146108985782,0.7291819529411071,-0.4611193609025036,-0.3215720539265823
-1.3766534458285666,-0.15401078789531092,0.5868775570081466,1.5630409798853653,0.7390195712153171,-0.47832381636523086,-0.3335956379806499
-1.4051679241604564,-0.15245148653209573,0.591314999666306,1.6055093908386315,0.745482558299602,-0.49272907241159974,-0.33738507395950545
-1.4308199424329615,-0.15051594508539085,0.5945615816664335,1.644272801429787,0.7510167612102219,-0.5054938932888483,-0.34592947196146334
-1.4573468881225102,-0.14620897945062605,0.5929029896108111,1.685373832913612,0.7497654443467129,-0.5052215834406665,-0.31206095616076923
-1.477320652389709,-0.1435519552173677,0.5946288699169855,1.716815087322524,0.7620412146513641,-0.5093886561397,-0.4016161100785155
-1.4940431929582292,-0.14281067926493485,0.597413412127291,1.7451822284958276,0.7620268164894587,-0.5350093509307288,-0.41237628603980425
-1.5119899079086028,-0.13964562017257767,0.59578452148409,1.7746890520214469,0.7599158256561098,-0.5402765779338022,-0.40323536374259356
-1.5281637898070928,-0.13620492322697023,0.593603089975387,1.8022904440668575,0.7589089336358612,-0.544719072858547,-0.40534321903243364
-1.5421197093776657,-0.1334393763218217,0.5917558509071805,1.826984412403634,0.757604842719773,-0.5591373475464366,-0.4116887119245075
-1.5562386911996517,-0.12929966671099832,0.5874406773181349,1.8508002890745001,0.7541545477189407,-0.5549794746738942,-0.41863280979955986
-1.5685935967967095,-0.1251711777611475,0.5834292736650895,1.8743078294088016,0.7506727995986803,-0.5552977285840087,-0.41990542168631206
-1.5801323155265592,-0.12094842139400891,0.5786393721438373,1.8962211259810877,0.7462833121896668,-0.5535217605608119,-0.4230906555703589
-1.5851691683067544,-0.13904061502980555,0.5720556866250703,1.91893559984505,0.7182138554345935,-0.7466765080194764,-0.42275313064144554
-1.5932986950500518,-0.1345434572079016,0.5699353967239631,1.938747218666911,0.7155345210219648,-0.7565737830224437,-0.4566506826900021
-1.6031538901256763,-0.1281405751891191,0.5635512521672517,1.9571231751354834,0.7114442743981837,-0.7303106002798244,-0.46924791591806997
-1.6179487558924077,-0.11016580221188667,0.5528807692501543,1.9833715953845081,0.691500946553398,-0.5974917063810135,-0.3192763865663758
-1.6251602616422518,-0.10056574043862805,0.5505500347019184,2.00155210559753,0.6939235800843844,-0.5701147898401108,-0.34013887919602936
-1.636014464633428,-0.0969164621463048,0.5356595585866744,2.0206861633189774,0.6931177716588691,-0.5712355327188373,-0.2828040075580507
-1.6404279457627913,-0.09385371972009093,0.5326999874254779,2.0372124055174883,0.6896779961882613,-0.5935575586823766,-0.34947187028822213
-1.6468739421703686,-0.08730629332645289,0.5265935787105278,2.050410139738536,0.6887176549017267,-0.5618685695369443,-0.3875032453197144
-1.6530833765493953,-0.08056492546886035,0.5203414416484706,2.0636246509709535,0.6854957076725154,-0.525279021542247,-0.4105852657009605
-1.6608673327036703,-0.0693847492368515,0.5121802492031041,2.0739014190453076,0.697039120469009,-0.4515150712856063,-0.42734811068006523
-1.6657091353881197,-0.0661396102920244,0.5054741739430331,2.0893693787619427,0.6870234287449334,-0.4579774356251791,-0.4272586458952635
-1.6714410165018874,-0.062317420940550955,0.4963039387905431,2.1019258096862794,0.6807966381629762,-0.444029863885936,-0.41425044963059443
-1.676634533247872,-0.058902108353460825,0.4876969302754772,2.1125556956512725,0.6780075667666894,-0.4335950616235378,-0.4193127036511898
-1.6826059923637424,-0.054448658458593605,0.4770009010044272,2.1174147698070693,0.6874624828025195,-0.3982273234219523,-0.4336462421963417
-1.6870172030206811,-0.05084642882337516,0.4694072856858408,2.125798491507572,0.6912332299706359,-0.38923983595208256,-0.44301352682580325
-1.687998356532322,-0.04618257021798526,0.47087168892890957,2.15211344753873,0.6762884557123738,-0.4391828379110794,-0.5277572902258727
-1.6945030740227696,-0.045200573479890926,0.45604684821711594,2.1527080871993975,0.6773978740254034,-0.40594057128137473,-0.45108625760483295
-1.6955646795309958,-0.04749452055741578,0.4535084800314705,2.1798060542687487,0.6400954078535126,-0.49224605130313404,-0.5094508791209731
-1.7006801731046801,-0.040924020565117195,0.44517515147742315,2.1883406365931912,0.6461642514667546,-0.45653420725883087,-0.4892967171277192
-1.705533697071373,-0.0358341256727015,0.43647950502651134,2.194606250260217,0.6578789177855783,-0.4273538001864082,-0.4828348825540051
-1.7094411861377519,-0.030236352929399773,0.4303250620031346,2.2053176200839353,0.6615793298289862,-0.387987892594986,-0.5191730464426185
-1.7138962303508058,-0.026126232865595664,0.4225686353435377,2.2223499160591027,0.6443758810364947,-0.3821230634281045,-0.519164568362033
-1.7181162983222908,-0.02263419784109695,0.41523023134735176,2.2384204392210494,0.6289032282879907,-0.38418514999405606,-0.5124281275845406
-1.7223033385861921,-0.02012789614397527,0.4084727205448202,2.250769403758349,0.6141957825516389,-0.39491374456995565,-0.5028423907887789
-1.7265601273427538,-0.01627544107479148,0.4009850731990798,2.2653591121226317,0.6067942100686742,-0.3905102451184083,-0.5177413362820853
-1.7303718412789257,-0.01295324915271466,0.3954151427801823,2.2807891408390915,0.5968011752249829,-0.39288680880036864,-0.5184672941054349
-1.5574803933179378,-0.012011202086828515,0.3555864672478807,2.051577872712412,0.5411478313935969,-0.3570745020494695,-0.46136849834796284
-1.4018948116985308,-0.009417326056636435,0.32116892049475765,1.845862422772465,0.4825479309315446,-0.3026736695232982,-0.4049611164879915
-1.261585317604474,-0.008170651165600479,0.2901797386089385,1.661415912870559,0.431054198312011,-0.26727188924051465,-0.35603693119928215
-1.1352569557461205,-0.007982167519617389,0.2620452092911597,1.4958757871525095,0.3860111155674343,-0.2499048537249851,-0.30774500886095146
-1.022492762987445,-0.005162913955347431,0.23472452558917928,1.3452841538807523,0.34929736327408234,-0.19971270571041788,-0.2817813444223776
-0.9200862296806944,-0.004366550446707168,0.21222998491126469,1.2106006767844932,0.3121186651933201,-0.1720164358652187,-0.25281876261318476
-0.8288174095909605,-0.0018984246266239707,0.18935189534151964,1.0894002186059468,0.28545921519244744,-0.13282727171848166,-0.23635638600821393
-0.7485062781587172,0.005267141116294741,0.16545191675429854,0.9805760066482933,0.2587551789415318,-0.057721573546933254,-0.21994167525427483
-0.6733944648917768,0.0037980570143871795,0.1512896147584204,0.8923749966379149,0.1958995188159596,-0.09547959450388308,-0.16536833944119458
-0.6040379118417405,-0.0037404020129879756,0.13757885380410229,0.791303677720971,0.24716351834619094,-0.138935800657263,-0.16052906608272785
-0.5437824495536003,-0.0032497893815878615,0.12344904345323572,0.7124683320552725,0.22039987357369817,-0.12391046751344924,-0.13998012436423835
-0.4891862915060417,-0.0032719821628657414,0.1118935293289712,0.6417544200651342,0.19675077311239672,-0.11452363284980288,-0.12761020009116028
-0.4401915901894,-0.002782790294834761,0.10153591059536798,0.5778431444095369,0.17444701025177467,-0.10145121088783099,-0.11246814324914609
-0.39622556110389884,-0.002007423618107046,0.0918010767474636,0.5202714867086627,0.15515197115332136,-0.08530202109283777,-0.09942343619510371
-0.35657330854024616,-0.0018717540014333567,0.08293686288023283,0.46846339064998616,0.1375900363905661,-0.07719203077274323,-0.08734592495209317
-0.32077376038293304,-0.002241818990626393,0.0748418616430689,0.42192980862180207,0.1231089752808871,-0.07524772096453626,-0.0790857092036169
-0.2886471721561241,-0.0014798930881714523,0.06839274345958526,0.3800387718092772,0.10833490205851593,-0.06096340453212849,-0.06895399571601075
-0.2598287270487892,-0.0019785331200876666,0.06071179215677999,0.3419630411220368,0.09768194639903599,-0.06324382519454184,-0.06185600543009807
-0.23431471527540298,-0.0007139699298733398,0.05324327388929016,0.3072906279688249,0.09079818361420525,-0.046583340023237,-0.050664055676184434
-0.21040755657527802,-0.001552131834192741,0.0494887385582388,0.27713009038080105,0.07930168150314809,-0.05239211387012593,-0.05082152745162367
-0.18949376715713442,-0.0005791621790736529,0.044719887639940586,0.2491223446940833,0.07268028780327926,-0.040167500685596005,-0.04112686545465642
-0.17064770977105156,-0.0002622547622791044,0.039861033659698744,0.22414804694900958,0.06684659286367012,-0.03343272122783332,-0.03719892312789263
-0.15367717983084775,-3.662224129839797e-05,0.0355696126666363,0.20166447822964986,0.060961357191340854,-0.028731271208502378,-0.031913395785290025
-0.13761314350129578,0.001159100421852341,0.03764743599326376,0.18211214688981672,0.04403264613818461,-0.0075890776945051405,-0.03277422803090016
-0.12412966870291602,-0.00032183466368870817,0.030803116422269454,0.16385292680954888,0.043562748548606575,-0.025631812900812373,-0.028156511879400645
-0.11207498562270615,0.00033922191023604,0.026145733737513225,0.14702646776648,0.04413698060823362,-0.017675783723434126,-0.02283559544741554
-0.0998843452957822,0.0014152291784121224,0.03083103364191156,0.1330845725968879,0.025777287276779304,0.0038554242758285853,-0.025608322416353822
-0.09020447677206649,0.0005952499893078222,0.025253657823557984,0.1197086320573434,0.02625362996943903,-0.006818832989405291,-0.021562304094791644
-0.08122121618933385,0.0017313438529240194,0.024251163969802175,0.10774325656008768,0.019197377166901952,0.009274756292564319,-0.017238804688702453
-0.07298038915629024,0.0006123703753349863,0.021681660031458546,0.09717921251481204,0.01558796438889759,-0.0006979220548226778,-0.015360174641403029
-0.06580036504749136,0.0011509211405903441,0.019718484681867772,0.08745172815952616,0.011879946122685753,0.007351141971064443,-0.013667085160712918
-0.05868870479191339,2.3016938916764484e-06,0.01976509212769259,0.0791149831336449,0.006470538304944734,-0.001016057725435858,-0.01597119180131567
-0.05321209659703117,0.0008367355875681937,0.016334807039899403,0.07079772811554363,0.009976293813420536,0.00654254826360709,-0.010198922147497628
-0.04774579622746727,-0.0001736886906360119,0.014389079270104903,0.06385720802998963,0.010229319383939936,-0.004382328681935686,-0.008753145323460625
-0.04313107027748803,7.595767847433377e-05,0.012269668437839831,0.05733420824539122,0.010958278315052306,-0.0021690014880902317,-0.005796842657061907
-0.03888616730540547,0.00016160177935453657,0.01089061795895882,0.051617486939467466,0.009080665667893104,-0.0019812061248693294,-0.004903393488630057
-0.03487104660545639,0.0001023555129866377,0.010469638039622971,0.04646875597757515,0.007465816373494402,0.000480436928504642,-0.0048648975013655775
-0.03137707775732102,2.6921570626198266e-05,0.009436331763834918,0.04184726366133031,0.006409971907212514,-0.0002529121512761731,-0.0041837211856388164
-0.02827016493112545,-0.00019995731208392875,0.007995010513204625,0.037669688023716064,0.0072907469202423,-0.0035691556887493675,-0.0026060839952060013
-0.02547210754758758,-0.00015161752297278286,0.007063266859303339,0.0338878452173191,0.00676387662638929,-0.002683165574016051,-0.0020333249701917997
-0.022932836554138546,-0.0001443179389059579,0.00631342724254157,0.030502900424500573,0.006090540353527102,-0.002418064528483775,-0.0016890038723789847
-0.020646759513821816,-0.00011714207733032334,0.005657030680968601,0.027450626098163202,0.005553008523497008,-0.0020696001883498266,-0.0013809583363196005
-0.01859113284507944,-7.226997666501256e-05,0.005070363600146472,0.024696822279048177,0.005145758645775364,-0.0016063323029535531,-0.0010889222425787218
-0.016515701462753888,-3.1601998968650014e-05,0.005920719501686017,0.022265367919558895,0.002209688894622905,0.002558499997792993,-0.002717885861447635
-0.01497351046394789,0.00043748259996126415,0.0053586602768572154,0.020062221690625458,0.0004989402119743441,0.005285355152589627,-0.0033638725281357005
-0.013600585590413418,0.0012618798133626485,0.00504805519928693,0.01805172321909771,5.2656081867399895e-05,0.011269081980972234,-0.0040909903334126925
-0.01219885174171697,0.0012575606840316833,0.004726170043712789,0.015895596238204367,0.0033884600874760085,0.01318423626133785,-0.00020965166992219925
-0.011050179562788105,0.0032991127462557723,0.006915009878240945,0.014695546183032449,-0.007696743180369239,0.03729973432498332,-0.004863618356941171
-0.011322714682215322,0.004614319311578977,-0.00031779908697487924,0.014590254467723579,0.00031437431195475984,0.031406807988537566,-0.00029305292642867187
-0.010429621481912937,0.005292060770428153,-0.0007467689084970468,0.012666822832838,0.004893377368213894,0.03692022992411492,0.001983436541324938
-0.009500738825301832,0.0054770471053467995,-0.000768534075869208,0.011038847391419948,0.007412315343229656,0.03857387942036417,0.0031338719187857366
-0.008604272536984134,0.005349074830821227,-0.0007025623924424261,0.009652262252255687,0.008851683797079984,0.03776304328095284,0.00376264427806749
-0.007268534341916055,0.003588887801035945,0.0007342376446192282,0.007704925236723944,0.010461089421582997,0.02386506400390377,0.005157684972190817
-0.006439912563984492,0.002853285101949779,0.0008327710971739767,0.006895830819209499,0.009307474071578559,0.01862370278570572,0.0045207147861925385
-0.0057084791765157124,0.002233174382866701,0.0008933147173504248,0.006185993509618742,0.008176507489211157,0.014218878984405152,0.003909769243134659
-0.0050648345874798415,0.0017234092850030303,0.0009211064001083957,0.005561048321166295,0.007110906704790393,0.010611056637361685,0.0033412629725496634
-0.0044995369428265965,0.0013139820903576155,0.0009219666773475667,0.005008167576544908,0.006134676084105728,0.007729155084163289,0.0028249581061992116
-0.0040036770741558,0.0009934143449636945,0.0009013766248003978,0.004516975922688217,0.005260515718914907,0.005490769595143864,0.0023652648496466627
-0.0035689873910131334,0.0007496315422875766,0.0008643367565055286,0.0040789631815392295,0.004492489562291646,0.0038087105839714336,0.0019627036253599822
-0.0031879202524255647,0.0005707216954118494,0.0008152625567128882,0.0036871039450609537,0.0038285555307584346,0.002596534207027129,0.001615112376695425
-0.0028536790954472075,0.0004454587583529873,0.0007579414409697172,0.003335568494456244,0.0032626319612272664,0.0017724096173061532,0.0013186026514059573
-0.002560210598642321,0.0003636130534094978,0.0006955397697310552,0.0030194844702199596,0.0027861795755773494,0.0012615019144113573,0.0010682958562952035
-0.0023021732657203895,0.0003161183969316861,0.0006306374929677186,0.002734748533178479,0.002389404305192064,0.0009973135475976683,0.0008588742740750863
-0.0020748905149765027,0.0002951320515732214,0.000565279926039438,0.0024778771385800024,0.0020621365571239364,0.000922227254129375,0.0006849765699644215
-0.0018742945805916432,0.00029401774618685594,0.0005010388624312849,0.0022458881757708264,0.001794443376933491,0.0009874611318643964,0.0005414665619139728
-0.0016968660454439216,0.0003072764872144168,0.0004390772878543406,0.0020362070977092373,0.0015770272718170497,0.0011526143460749705,0.00042360199583237057
-0.0015395725893806718,0.00033044485156064063,0.0003802135699280604,0.0018465925325327577,0.0014014603503142153,0.0013849503460663382,0.0003271271628912005
-0.0013998095152294603,0.000359975957251471,0.00032498228030096443,0.0016750773852935892,0.0012602959106080003,0.0016585341397001296,0.0002483097727496667
-0.0012753437950905866,0.0003931144820113336,0.000273689810445555,0.00151992226201288,0.001147092723246479,0.001953312659722997,0.0001839389105966812
-0.0011642627089376708,0.0004277737800283954,0.0002264637553589105,0.0013795786436840698,0.0010563802834085423,0.0022542024918726228,0.00013129744977327489
-0.0010649251823445284,0.0004624058329524561,0.00018329997037234286,0.001252647093824815,0.000983554373310186,0.00255015286370288,8.812171523077048e-05
-0.0009759295678705478,0.0004959464716275397,0.00014408416259138745,0.0011378904237550605,0.0009248931313963898,0.002833636106393117,5.254932451666597e-05
-0.0008960682391190812,0.0005276691676032175,0.00010863736850968281,0.0010341829395872195,0.0008773424378532152,0.0030996434257776415,2.3060670041284703e-05
-0.0008242997322398305,0.0005571207921037102,7.673568956492044e-05,0.0009405020818006697,0.0008384445835070281,0.0033451844261037506,-1.5687323179375962e-06
-0.000759723355765388,0.0005840593213596451,4.812806753973567e-05,0.0008559186642481042,0.0008062512513073855,0.003568814157669069,-2.231563007023575e-05
-0.0007015570385359832,0.0006083988545860924,2.2550943788571254e-05,0.0007795870085908129,0.0007792357955529045,0.0037702221171373312,-3.9952480165153514e-05
-0.0006491187432821018,0.000630165167400637,-2.607813325838926e-07,0.0007107367066151631,0.0007562153865218746,0.003949900831831651,-5.5085573097619564e-05
-0.0006018109655943861,0.0006494604859474673,-2.0565841960234338e-05,0.0006486656243166649,0.0007362835583987482,0.004108884033916946,-6.818776090955145e-05
-0.0005591078650484574,0.0006664361369921601,-3.8611165153905336e-05,0.0005927338539365784,0.0007187529487325817,0.0042485441837342985,-7.962602876689442e-05
-0.0005205446149428813,0.0006812717835240484,-5.4628376536261514e-05,0.0005423583951458715,0.0007031075543162818,0.004370439510549502,-8.968433769422808e-05
-0.0004857086026243793,0.0006941600591432867,-6.883180895209465e-05,0.0004970084048534764,0.0006889635674259958,0.004476201540281381,-9.858226280598861e-05
-0.0004542321593885299,0.0007052955444226128,-8.141764147703498e-05,0.0004562008993057188,0.0006760377408562834,0.00456745508504567,-0.00010648998414007453
-0.00042578654512200834,0.0007148671694820752,-9.256386301905936e-05,0.00041949682557957963,0.000664122211143689,0.004645763757084642,-0.00011354017860141889
-0.00040007629574963796,0.0007230491945035417,-0.00010242972297173566,0.00038649386695020424,0.000653055759297666,0.004712574660920309,-0.00011983640942227203
-0.0003768363948928803,0.0007300058782382796,-0.00011115870520764931,0.0003568278557714629,0.000642724577968809,0.004769241221240519,-0.0001254599518361113
-0.00035582989767281954,0.0007358973776836614,-0.00011888160588512109,0.00033017730972664805,0.0006330676101908433,0.004817048045339993,-0.00013047817926526914
-0.0003368410071037469,0.0007408563793042111,-0.00012571171065796707,0.00030624526582147607,0.000624019297217282,0.004857082566076462,-0.00013494868290993105
-0.00031967482416329343,0.0007450008673885178,-0.00013174948229399339,0.0002847630533021044,0.000615528271116092,0.0048903122114425865,-0.0001389204345847387
-0.00030415516902671316,0.0007484348756932879,-0.00013708384398456938,0.0002654878057938622,0.0006075527736489339,0.004917591195676009,-0.00014243601484598134
-0.00029012268852986623,0.0007512495188978646,-0.00014179340725958833,0.0002482001496407465,0.0006000574093559946,0.004939669278868235,-0.00014553320992925604
-0.0002774331995410704,0.0007535241771182144,-0.00014594762206763742,0.0002327020683374646,0.0005930109223103025,0.004957201530213735,-0.00014824613790947842
-0.00026595622700031343,0.0007553277336641434,-0.00014960783504775269,0.00021881493411690135,0.0005863847279847095,0.0049707583660488636,-0.0001506060279967466
-0.0002555737041770793,0.0007567197966761863,-0.00015282824969070283,0.00020637769782844238,0.0005801519905622582,0.004980835361853196,-0.0001526417491596703
-0.0002461788096934643,0.0007577518595166671,-0.00015565678790268808,0.00019524522843349362,0.0005742870833290031,0.004987862516204478,-0.00015438016194959
-0.00023767492132239446,0.0007584683726332281,-0.00015813585626320986,0.0001852867933056371,0.0005687653093492395,0.00499221277613094,-0.00015584634911446765
-0.00022997467074616432,0.0007589077124885157,-0.0001603030226748764,0.0001763846705108707,0.0005635627913953695,0.004994209728838066,-0.00015706376599187825
-0.00022299908667256342,0.0007591030428271694,-0.00016219161062116724,0.00016843288432360527,0.0005586564647148823,0.004994134433808917,-0.00015805434031581495
-0.0002166768161952293,0.0007590830697947887,-0.00016383121891642635,0.00016133605528979075,0.0005540241256212358,0.004992231415627629,-0.00015883854234423865
-0.00021094341613512625,0.0007588726965127024,-0.0001652481748143607,0.0001550083563732962,0.0005496445040943237,0.004988713866320493,-0.00015943543946405833
-0.00020574070740815966,0.0007584935853101188,-0.00016646592834648408,0.00014937256689006185,0.0005454973393695661,0.0049837681242180035,-0.00015986274442747646
-0.00020101618666211506,0.000757964637039879,-0.00016750539508059506,0.00014435921640729675,0.0005415634456243379,0.004977557504600293,-0.00016013686298434193
-0.00013644729669412157,0.0005135432197084372,-5.781004792266772e-05,7.191423751249249e-05,0.0005513932547164258,0.0035897600015336317,0.0004460915723309665
-3.576576662775227e-05,0.0005195192576634006,0.0005749375387113891,0.00021371408962801534,-0.001228195936546564,0.0036332790579674534,-0.0011784047670724725
-2.2797680381205984e-05,0.00045021534393671625,0.0005406170538176727,0.00016301824873333343,-0.0009524279407343988,0.0031434059197836886,-0.001005529710547905
-9.761963699823559e-06,0.00037624100439355435,0.0005090545552874741,0.00012559590563785208,-0.0007633733645050211,0.0026156471497731024,-0.0008768252215727822
2.1358663870024025e-06,0.0003042093116503164,0.0004788480082615759,9.808228558411472e-05,-0.0006368849371571339,0.0021001073613513416,-0.0007800189151632476
1.214444019072107e-05,0.00023869058011005695,0.00044912284690534765,7.824481286280039e-05,-0.0005534995664383674,0.0016299818337444441,-0.0007060434740765384
1.992500212430687e-05,0.00018218302630038097,0.00041948557993609983,6.426094998224132e-05,-0.0004987283732179187,0.0012234974832456766,-0.000648122114918671
2.541867395358102e-05,0.00013572524078349357,0.00038985403698289095,5.466578052226202e-05,-0.00046201385718164234,0.000888347761811098,-0.0006012806718095048
2.8746967312698324e-05,9.936435690863221e-05,0.0003603342188588758,4.829912722336457e-05,-0.00043586399033315737,0.000625068578771322,-0.0005619454814186683
3.013856869791458e-05,7.25088317366368e-05,0.00033113294352878075,4.425566670372867e-05,-0.0004151391475033933,0.00042957699454382325,-0.0005276145916539299
2.9876693226683817e-05,5.41894817616545e-05,0.000302497704533132,4.183980324799514e-05,-0.00039647136821129025,0.00029504871001288097,-0.0004965918120918393
2.826236601510346e-05,4.3248140899496135e-05,0.0002746769551069221,4.052600970900957e-05,-0.00037779768762320753,0.00021327578271882613,-0.00046777437799675435
2.5589869847839064e-05,3.846984056914138e-05,0.00024789548002805695,3.992472380999479e-05,-0.0003579908404056087,0.00017561926830967495,-0.00044048593215970447
2.2131329830612795e-05,3.8671536906259574e-05,0.00022234068558572156,3.9753538095495256e-05,-0.0003365720105496933,0.0001736501251990985,-0.0004143473421351889
1.812801674863163e-05,4.275798927889929e-05,0.0001981565804854528,3.981323643962968e-05,-0.00031349168235352,0.00019955417155094468,-0.0003891786545155637
1.378646015494844e-05,4.975334187438951e-05,0.0001754429792528399,3.996814582984086e-05,-0.00028896610276819834,0.0002463622112852809,-0.000364926272279336
9.277885164480151e-06,5.8815219128871554e-05,0.00015425806863803362,4.013024862727695e-05,-0.00026335837590014954,0.0003080540746276256,-0.00034161022119430506
4.739834839770363e-06,6.923667937054623e-05,0.00013462296226056034,4.024651479788647e-05,-0.00023709472548412436,0.0003795749063523271,-0.0003192871290240793
0.00030094173713017406,-0.0008944724977231894,0.0006961036918190291,-0.0005061224238474375,0.0015210831881037057,-0.007083914387583018,0.00028678334521980466
0.00028040002799740397,-0.0009048548234439346,0.0006172865809132254,-0.00038287724073159807,0.0007666814211343825,-0.007127515002082509,-2.170273070920166e-05
0.0002482462275907992,-0.0008425297721166014,0.0005329019045007717,-0.0002845204643615491,0.00026012276622948416,-0.006650011651614426,-0.00022306413949096417
0.0002100583286947853,-0.0007354059492137299,0.00044874654978787135,-0.00020653117304629716,-5.838151218448551e-05,-0.005852043432170509,-0.0003445932927000125
0.00016988239981009096,-0.0006045780331312145,0.0003687771235661094,-0.00014539796468622523,-0.00023869353464139875,-0.004885077509807517,-0.00040822807670889104
0.00013048161197581508,-0.00046514702341500513,0.0002954200764697344,-9.80504679222935e-05,-0.0003206733605162493,-0.003857981207423221,-0.0004313479636868806
9.362567272534544e-05,-0.00032743872477275504,0.00022995419052388236,-6.182268137035728e-05,-0.00033537756857263123,-0.002845362188749208,-0.0004273770341905476
6.0341090111831405e-05,-0.00019810712286393029,0.00017283478550532416,-3.4440888356277594e-05,-0.0003064523005255615,-0.0018952936835549272,-0.0004064256635810202
3.111449959943176e-05,-8.105642122095691e-05,0.00012395083678347352,-1.400151879560503e-05,-0.0002514687860281084,-0.0010358931557019543,-0.00037590316781342323
6.0523936604444e-06,2.1819610310572224e-05,8.282101298398917e-05,1.0699236935030054e-06,-0.00018310655754255611,-0.0002806837515430538,-0.0003410720924454623
-1.4992530301874158e-05,0.00011003717195096074,4.874466593101506e-05,1.2056176042667295e-05,-0.00011020918710424876,0.00036703977735101645,-0.00030552900720074057
-3.232521879165768e-05,0.00018405439663414513,2.0912827213087626e-05,1.9986224244250388e-05,-3.867817692888853e-05,0.0009108008056191511,-0.0002716068967985683
-4.633716441748096e-05,0.0002449161579053949,-1.5132156131851537e-06,2.5672432583374524e-05,2.7790628603974188e-05,0.001358353008231096,-0.00024070307071138823
-5.7455548631152754e-05,0.00029399212460003155,-1.9348905139757178e-05,2.9745547373043885e-05,8.711431518022839e-05,0.001719774869131184,-0.00021354036084938327
-6.610832358769619e-05,0.0003327897768889837,-3.33529966089971e-05,3.268669819112783e-05,0.00013835568251450991,0.0020061130345066236,-0.0001903709128898319
-0.000412371084212011,0.001059541471668382,-0.001199138294405655,0.00048460899423048796,-0.00017399630246521525,0.007707318613028133,0.0006286541666698248
-0.00036994715520925195,0.0009587447749874051,-0.0010728698731091411,0.0004301557254887704,-0.00010957396751024029,0.006954434652408525,0.0005713989582574255
-0.0003317716111126182,0.0008660705188643231,-0.0009600668758278121,0.00038352235760070845,-6.805492661685064e-05,0.006263222189972301,0.0005130660978187023
-0.0002977304551576533,0.000782486240814409,-0.000859634066016652,0.0003435035686457349,-4.204123639960089e-05,0.005639982124672503,0.0004558684440495505
-0.000267588307865461,0.0007081785548107705,-0.0007704444209118318,0.00030902201943354326,-2.6236580753874472e-05,0.0050857730222827816,0.0004013284452673068
-0.00024104801519309613,0.0006428914666817276,-0.0006913880780875098,0.00027917935355895214,-1.680344947864454e-05,0.004598498273316216,0.00035039950839848427
-0.0002177819213417826,0.000586085228897637,-0.0006214031319981203,0.00025323013100509405,-1.1031315925211227e-05,0.004174048255205558,0.00030360846424030627
-0.00019745418698229609,0.0005370543195798022,-0.000559495038389847,0.00023055810012414038,-7.067011445968663e-06,0.0038071469555206947,0.00026116995941575724
-0.00017973616794031205,0.0004950131499084215,-0.0005047475283171746,0.00021065514283805271,-3.698160670764783e-06,0.003491965871851223,0.00022307704198931688
-0.00016431648702458545,0.0004591565422630284,-0.0004563273214168752,0.00019310292763502143,-1.8150211647527392e-07,0.0032225563795613907,0.00018917180391382453
-0.00015090711828262071,0.00042870075863137014,-0.00041348443495827295,0.0001775571562675207,3.891283844911775e-06,0.0029931423665368884,0.0001591995245835403
-0.00013924653827482618,0.00040290977977334996,-0.00037554948143658784,0.00016373420551676118,8.696809440517095e-06,0.0027983070208287206,0.00013284934704850017
-0.0001291007769095888,0.00038111061644871547,-0.0003419290184753683,0.0001513999226613761,1.425803994688224e-05,0.0026331009803339245,0.00010978411767188952
-0.00012026301626949119,0.00036270065825219633,-0.00031209974988552144,0.00014036031861449846,2.0502156956286877e-05,0.002493093446813102,8.966163724765004e-05
-0.00011255223417512518,0.00034714941565743007,-0.00028560216485487913,0.00013045390565880922,2.7302455659905522e-05,0.002374383185709393,7.214921601166567e-05
-3.291153595662115e-06,0.0003835602043191916,0.00044662616804718586,0.0001770460103460757,-0.0012814910818773062,0.002945687360786084,-0.00075679092031492
2.9797503878073624e-05,0.0002183325490946464,0.0004525947228931314,0.00012236990959475173,-0.0011202207654830293,0.0017845766361706816,-0.0006490490275820916
-4.5657203408692396e-05,2.612324306756897e-05,-0.0002562420670445577,3.014977118944405e-05,0.00028671125124231367,8.52537203532705e-05,0.00023113912999434862
5.3854420050782666e-05,9.705118915194488e-05,0.00046350158005169576,9.84305085236217e-05,-0.0011180329569832198,0.0009205350598317091,-0.0006380947480772031
-2.776020827101452e-05,-6.820716754223077e-05,-0.0002517459819407278,1.3346068195810995e-05,0.00028413224524057035,-0.0005954249800329131,0.0002366078159560612
6.69164613283221e-05,2.346350216711479e-05,0.0004621536032933145,8.465801839233848e-05,-0.0011155220833211632,0.0003937321673927116,-0.0006290244344567195
-1.900232541460472e-05,-0.0001217832978860911,-0.0002568324419502527,3.506561986796851e-06,0.0002900167770175516,-0.0009850311137371073,0.0002447109208086676
7.237278878580774e-05,-1.515780356221852e-05,0.00045354068301239545,7.622066113311451e-05,-0.0011014899017903063,0.00011487285388037116,-0.0006165797620860166
-1.630513552329906e-05,-0.00014671115018972947,-0.00026722565243400553,-2.8356798331807126e-06,0.0003094363797757349,-0.0011695298478424515,0.0002577297708187317
7.302567984026351e-05,-3.0239481603369645e-05,0.0004413819230890889,7.046622438622394e-05,-0.0010749262355974065,3.2460904995298967e-06,-0.0006001059664677722
-1.7243188148659532e-05,-0.00015320314299514803,-0.0002798511767845985,-7.5180256014564795e-06,0.0003404596658790615,-0.001221686584340409,0.00027488737216312467
7.096963629065747e-05,-3.085441037656289e-05,0.0004281945227245093,6.601298230655191e-05,-0.00103917266032387,-5.38130553434657e-06,-0.0005808423423509703
-2.0081266477754278e-05,-0.0001489659856040021,-0.0002927139115096629,-1.1430557231578362e-05,0.000378792461963956,-0.001196536630609632,0.00029440034159104213
6.763947871869574e-05,-2.3554546588991365e-05,0.00041551099618977044,6.220622410594949e-05,-0.0009985929885560074,4.253343508259233e-05,-0.0005604764550086322
-2.3677633347562923e-05,-0.00013933960959201797,-0.0003046614954275023,-1.4947804619348977e-05,0.00042009970489952086,-0.001132279082965204,0.000314488826331746
6.39391160735265e-05,-1.2706124004266406e-05,0.00040414100437334913,5.877884213536383e-05,-0.0009570296376975457,0.00011599643827802514,-0.0005404823903506183
-2.734480118254121e-05,-0.0001277411379226323,-0.00031513752200535566,-1.818848447478552e-05,0.00046096077713859984,-0.0010533962363606167,0.0003337812945920799
6.0384506240106824e-05,-9.898121553220118e-07,0.00039440915716644487,5.5650308542241206e-05,-0.0009172701280651674,0.00019596055056608774,-0.0005218969160170461
-3.071439369908401e-05,-0.00011617024892912609,-0.00032397120799549164,-2.1162436538197e-05,0.0004990907594314004,-0.0009742411472364598,0.00035139943482929113
5.722965289942962e-05,1.0107802946482392e-05,0.0003863430443207562,5.2815230723524814e-05,-0.0008810259361407557,0.0002718507790042471,-0.0005053146706069378
-3.362566360428764e-05,-0.00010565986908574188,-0.0003312177696345765,-2.384712144936317e-05,0.000533218159042656,-0.000902250389085528,0.00036689664823845274
5.456484372426103e-05,1.9885616779069526e-05,0.0003798084477100172,5.028699978972678e-05,-0.0008491277297270894,0.00033866837568627406,-0.0004909739148676422
-3.604234250194349e-05,-9.66305342324364e-05,-0.00033704741181561984,-2.6222577935251096e-05,0.0005628412889623485,-0.0008404755677863737,0.0003801473465974963
5.238691922981355e-05,2.8121174027395668e-05,0.000374599022529367,4.80733238496546e-05,-0.0008217762296738873,0.0003948134121683211,-0.0004788640022859794
-3.7995283574473234e-05,-8.914585013736209e-05,-0.00034167408392844073,-2.828359944013429e-05,0.0005879769716131134,-0.0007894105328141998,0.0003912358804123942
5.064598547170401e-05,3.485743226031013e-05,0.00037049103854000856,4.616880471721915e-05,-0.0007987719504922441,0.00044057063102459493,-0.0004688222825772713
-3.954564182361963e-05,-8.308383740740499e-05,-0.0003453136627832483,-3.0040661584266812e-05,0.0006089504846808064,-0.0007482178029201911,0.0004003654522254183
4.927427396997754e-05,4.026455485268976e-05,0.0003672734897682793,4.4555595315100976e-05,-0.0007796952593969037,0.0004771278969417578,-0.0004606088583385612
6.340362872404078e-05,-3.843948105254624e-05,0.00035942580409494343,1.7558205170349443e-05,-0.0006778459220289496,-7.530306530605796e-05,-0.0003883934083599612
-2.8715840998738435e-05,-0.00014942824580529979,-0.0003573346364691317,-5.008370028059157e-05,0.000686904744939168,-0.001222759290588099,0.00045742130544862945
-4.57252912975676e-05,-5.933143139291719e-05,-0.00035317930280807583,-2.001888329369525e-05,0.0005772238820703351,-0.0005842456733810841,0.0003814296414444678
4.284824676962368e-05,6.667523270421916e-05,0.000359467638994717,5.198598759880227e-05,-0.0007916554497336137,0.0006595992506028131,-0.00047077079105089896
5.7236460620526536e-05,-1.1773989247093608e-05,0.0003524301944584918,2.2715535742281676e-05,-0.0006762222174931387,0.00010971162103691479,-0.00039223617738547677
-3.43135363889825e-05,-0.00012415514007795003,-0.00036322222227839346,-4.686367390185995e-05,0.0006978365081256876,-0.001045923283227973,0.00045827894390590256
5.3294255267317004e-05,4.133861343097456e-06,0.00034905809479062605,3.124867833603426e-05,-0.0007112266311734838,0.00021980420651845217,-0.0004119048272382079
-3.8298844407867825e-05,-0.00010667114556588142,-0.00036627260911305595,-4.060690315404406e-05,0.0006788409161010422,-0.0009234866228048366,0.0004460202709163849
4.943855511894361e-05,2.1821007150799043e-05,0.00034626256355828333,3.591046796111094e-05,-0.0007198392845313845,0.00034316306374065214,-0.00041949204411336274
-4.174930836019436e-05,-9.009033792060916e-05,-0.00036843991722444736,-3.747624290842671e-05,0.0006777456363847162,-0.0008067325454430632,0.0004422785604120197
4.638809386192178e-05,3.704562984807591e-05,0.0003446361773967871,3.813378927918637e-05,-0.0007166698527717869,0.00044960463141155427,-0.00042134300471646444
-4.4298148731661876e-05,-7.681864177866427e-05,-0.00036947417532738613,-3.618564401380083e-05,0.0006838434293779255,-0.0007131532036272967,0.00044221556077466556
