0.0,0.0,0.0,0.0,0.0,0.0,0.0
37.12236884639772,-9.422168856639377,-42.26722995831157,-22.11054692287089,-39.308299568682365,43.556273859028146,-51.36461026390826
33.4102821440917,-15.077387294838488,-38.0381264885519,-42.264524879228205,-35.377469611814135,39.20060813679305,-46.229692421867945
30.070027136878092,-17.549225439821278,-34.24648113513935,-53.03278193344957,-31.839722650632716,35.28040954159904,-41.60311524337345
27.06160905555492,-15.073919697088707,-30.813243096228835,-49.59402613870519,-28.655750385569448,31.752276313733876,-37.44509502553813
24.355486318681358,-12.431024463223558,-27.744267616660906,-44.6333978860779,-25.790175347012497,28.576906315857208,-33.694909932186526
21.92093368295992,-10.091145990963822,-24.97625816515329,-40.169621857779404,-23.211157812311246,25.719374869023532,-30.32340389869849
19.72928318897985,-7.757245168360084,-22.479701769025752,-36.1526675455111,-20.890042031080124,23.147524923349533,-27.29097208459131
17.756193791342056,-5.157465936578016,-20.230767287212487,-32.53747007286509,-18.80103782797211,20.832742616359468,-24.5621925341546
15.979492616822995,-2.049352519975579,-18.205091847372408,-29.283776167172302,-16.920981706139283,18.74947091143578,-22.106301252642293
14.38122653638856,1.779907135855914,-16.384515024155316,-26.355398550455075,-15.228938783846194,16.874664074946036,-19.895589035251994
12.942218889621868,6.502674551738866,-14.745933979885812,-23.719858695409567,-13.706164793466655,15.187519211994866,-17.905833921133166
11.644559189594657,12.241178203457782,-13.271001233910859,-21.34787282586861,-12.335879487575545,13.669773267457096,-16.114664361805662
10.462571791593788,19.058499258237305,-11.943002135118677,-19.21308554328175,-11.103234676347405,12.306702548635624,-14.501253673962182
9.321187771861734,26.983631561172377,-10.747944346147783,-17.29177698895358,-9.994388446088445,11.089694037609261,-13.046032224499042
8.051268481936784,36.055026773460945,-9.679805606690461,-15.562599290058223,-8.99193152193407,9.980489318784034,-11.736397704112678
7.882957793023986,40.861775927747125,-8.697563503443163,-14.006339361052396,-8.0935097098151,8.993751032886966,-10.5781335882517
8.040041024024188,36.770203792974115,-7.768747520480167,-12.605705424947153,-7.309825547028437,8.649761931756878,-9.547628818795811
6.109357575033581,33.099214638287194,-5.946183741624112,-11.34513488245244,-6.552545067673832,7.199210656994762,-8.5631636036379
5.54041832765426,29.789015799788153,-6.4643913850363885,-10.210621394207195,-5.9037674855393165,6.534315748678226,-7.7078804830866705
4.947421200254175,26.81038174576153,-5.819664998575168,-9.189559254786467,-5.30768825584718,5.831217172980428,-6.936092029894803
4.449822123112651,24.12935475103114,-5.2377700083968275,-8.270603329307818,-4.7761780853539095,5.243311210688011,-6.242485293056831
4.004564642783705,21.716418709602745,-4.7139942480795165,-7.443542996377039,-4.298448806917534,4.718408681718092,-5.618249907599644
3.604080958260791,19.544776552441288,-4.2425944552675094,-6.699188696739334,-3.8685883349174843,4.246500871513473,-5.056427979244524
3.243670010779999,17.590298837755988,-3.818334933339502,-6.029269827065399,-3.4817273444854258,3.821842745104663,-4.5507857306137
2.919302682150026,15.831268943347178,-3.436501428796769,-5.426342844358857,-3.133554298760626,3.4396574379709826,-4.095707251062403
2.6273723717592774,14.248142047120137,-3.0928512844190106,-4.883708559922969,-2.820198820380174,3.0956915483198157,-3.686136542339236
2.364635128422133,12.823327842052946,-2.783566155785955,-4.395337703930675,-2.538178930014063,2.7861223704599136,-3.3175228911780175
2.128171614554831,11.540995057775476,-2.505209540184076,-3.955803933537613,-2.2843610354237223,2.507510129304348,-2.9857706026863307
1.9153544529069557,10.386895551982096,-2.2546885861608827,-3.560223540183849,-2.055924931549213,2.2567591155185776,-2.6871935425515328
1.7238190075786535,9.348205996780528,-2.029219727539233,-3.20420118616546,-1.8503324383274782,2.03108320372252,-2.418474188317118
1.5514371068176958,8.413385397102394,-1.8262977547763797,-2.8837810675489166,-1.6652991944951678,1.8279748832137004,-2.1766267694726853
1.3962933961436588,7.572046857393261,-1.6436679792859585,-2.595402960794029,-1.4987692750697124,1.645177394754326,-1.9589640924973355
1.256664056542724,6.814842171655692,-1.4793011813407093,-2.3358626647146252,-1.348892347599423,1.4806596551140205,-1.7630676832090553
1.1309976509062039,6.133357954492346,-1.3313710631864561,-2.1022763982431623,-1.2140031128848539,1.3325936894075854,-1.5867609148414898
1.0178978858368772,5.520022159045673,-1.198233956844783,-1.8920487584188486,-1.0926028016477998,1.19933432024644,-1.4280848233047618
0.9161080972771676,4.968019943143884,-1.0784105611353896,-1.7028438825769605,-0.9833425215379417,1.0794008879847046,-1.285276340918268
0.8244972875750857,4.471217948832352,-0.9705695049961425,-1.5325594943192657,-0.8850082694399674,0.9714607989427569,-1.1567487067695728
0.7420475588437654,4.024096153951918,-0.8735125544711424,-1.379303544887339,-0.7965074425502165,0.874314718809105,-1.0410738360374017
0.6678428029850355,3.6216865385593677,-0.786161298999981,-1.2413731903986085,-0.7168566983457223,0.786883246702462,-0.9369664523822788
0.6010585227106557,3.259517884705815,-0.7075451690781147,-1.117235871358744,-0.6451710285562595,0.7081949218279685,-0.8432698070982172
0.5409526704613906,2.933566096237294,-0.6367906521512517,-1.0055122842228739,-0.5806539257391294,0.6373754294681759,-0.7589428263493221
0.4868574034341443,2.6402094866152566,-0.5731115869202966,-0.9049610558005909,-0.5225885331964158,0.5736378863752113,-0.6830485436827723
0.4381716631063448,2.3761885379550423,-0.5158004282158459,-0.8144649502205362,-0.4703296799004423,0.5162740976239821,-0.6147436892905518
0.3943544968078959,2.1385696841604647,-0.4642203853852537,-0.7330184551984792,-0.4232967119266856,0.46464668778017654,-0.5532693203450717
0.3549190471358801,1.9247127157449857,-0.4177983468409953,-0.6597166096786324,-0.38096704074335963,0.4181820189515403,-0.4979423883012095
0.31942714242781284,1.7322414441707221,-0.37601851215418325,-0.5937449487107713,-0.34287033667206307,0.3763638170340524,-0.4481481494681355
0.2874844281875601,1.5590172997535945,-0.3384166609387505,-0.5343704538396921,-0.3085833030023589,0.3387274353334526,-0.4033333345239988
0.2587359853686697,1.4031155697779312,-0.30457499484719264,-0.48093340845572286,-0.2777249726949115,0.30485469182456165,-0.36300000107905733
0.23286238682937327,1.2628040127996274,-0.2741174953667463,-0.43284006761014737,-0.24995247541432655,0.2743692226846141,-0.3267000009825471
0.20957614814208766,1.1365236115189825,-0.24670574583592503,-0.38955606084912725,-0.22495722785871436,0.24693230047321957,-0.2940300008988085
0.18861853332197853,1.0228712503662762,-0.22203517125942082,-0.3506004547642157,-0.20246150505631602,0.2222390704942391,-0.2646270008258222
0.16975667998267974,0.9205841253287455,-0.19983165414148182,-0.3155404092877952,-0.18221535453247384,0.20001516352144613,-0.23816430076183626
0.15278101197641658,0.8285257127949053,-0.17984848873596643,-0.2839863683590167,-0.1639938190599082,0.18001364725158941,-0.2143478707053605
0.13750291077016852,0.7456731415144146,-0.16186363987138902,-0.25558773152311076,-0.1475944371339848,0.162012282612106,-0.1929130836551435
0.1237526196841724,0.6711058273619547,-0.14567727589345508,-0.23002895837079862,-0.13283499340045513,0.1458110544380512,-0.1736217753101341
0.11137735770660798,0.6039952446247436,-0.13110954831332178,-0.2070260625337177,-0.119551494040416,0.13122994908131067,-0.15625959779947757
0.10023962192679832,0.5435957201612748,-0.11799859349107504,-0.18632345628034486,-0.1075963446167847,0.11810695425889091,-0.14063363803947648
0.09021565972509947,0.48923614814417954,-0.1061987341508183,-0.16769111065231357,-0.0968367101361272,0.1062962589163754,-0.12657027425484374
0.08119409374380544,0.44031253332883136,-0.09557886074427063,-0.15092199958708008,-0.08715303910429165,0.09566663310503805,-0.1139132468478975
0.07307468436095828,0.39628127999506013,-0.08602097467800723,-0.13582979962837527,-0.07843773517651173,0.08609996987122623,-0.10252192218075967
0.06576721591677179,0.35665315199471137,-0.07741887721795152,-0.12224681966553774,-0.07059396164244706,0.07748997295682612,-0.09226972997937564
0.05919049431741552,0.32098783679444665,-0.06967698950346067,-0.1100221376989872,-0.06353456546276505,0.06974097572968167,-0.08304275699713723
0.053271444878434104,0.2888890531142575,-0.0627092905599709,-0.09901992392909165,-0.05718110890204309,0.06276687822096297,-0.07473848131210209
0.04794430038380336,0.26000014780214037,-0.0564383615103736,-0.08911793153618673,-0.051462997998384385,0.05649019045881892,-0.0672646331945734
0.04314987033908329,0.23400013302128267,-0.05079452536528545,-0.08020613838256807,-0.04631669818605952,0.05084117146865205,-0.06053816988780436
0.038834883299284764,0.21060011971856088,-0.045715072834269704,-0.07218552454430593,-0.04168502835590496,0.04575705437338427,-0.054484352910758614
0.03495139496389838,0.1895401077461563,-0.041143565555933986,-0.06496697208988066,-0.03751652550966686,0.04118134898368005,-0.049035917630508324
0.03145625546246872,0.17058609697103644,-0.037029209005028776,-0.05847027488088939,-0.03376487294890437,0.03706321412916426,-0.04413232587741087
0.028310629911576977,0.15352748727346635,-0.03332628810883452,-0.05262324739279835,-0.03038838564502619,0.03335689275652194,-0.03971909329880547
0.025479566916154675,0.13817473854569587,-0.029993659301901662,-0.047360922653517434,-0.027349547072293978,0.0300212035177832,-0.0357471839772828
0.022931610220632573,0.12435726469073566,-0.026994293375327286,-0.04262483038816356,-0.024614592357541654,0.027019083199765065,-0.032172465587196004
0.02063844919499301,0.1119215382213054,-0.024294864041095668,-0.03836234734934507,-0.022153133114922396,0.02431717491061891,-0.02895521903545047
0.018574604272228987,0.10072938439885029,-0.02186537763999838,-0.03452611261441163,-0.019937819797174156,0.02188545744766815,-0.026059697138258505
0.01671714384202754,0.09065644595866881,-0.01967883987873932,-0.031073501352967277,-0.017944037811763347,0.019696911728493707,-0.023453727430218528
0.015045429455113446,0.08159080136253469,-0.01771095589335743,-0.027966151217665217,-0.016149634025413445,0.017727220578922245,-0.021108354692449476
0.013540886507136628,0.07343172122603894,-0.015939860306289494,-0.025169536095901897,-0.014534670618169848,0.015954498542174372,-0.01899751922798068
0.012186797854178831,0.06608854910321334,-0.014345874277716636,-0.022652582486315957,-0.013081203552089166,0.014359048707145924,-0.017097767309508318
0.010968118066727142,0.059479694192692806,-0.012911286851808021,-0.02038732423768863,-0.011773083193013484,0.012923143853836291,-0.01538799058248604
0.00987130625820805,0.053531724773243916,-0.011620158168316352,-0.0183485918139219,-0.010595774870209157,0.011630829484223837,-0.013849191527796624
0.008884175630714376,0.04817855229575703,-0.01045814235301376,-0.01651373263252864,-0.009536197380019651,0.010467746550080564,-0.012464272378238788
0.007995758066126516,0.04336069706603138,-0.009412328119096217,-0.014862359369274714,-0.00858257763914963,0.009420971907992196,-0.011217845143323564
0.007196182258146043,0.03902462735929524,-0.008471095308439647,-0.013376123432351505,-0.0077243198726422435,0.008478874728879995,-0.010096060631621178
0.0064765640310928355,0.0351221646232423,-0.007623985778730691,-0.012038511089116355,-0.006951887883035246,0.007630987266555242,-0.009086454570844265
0.0058289076268620045,0.03160994816080649,-0.006861587201879488,-0.010834659980204723,-0.00625669909261703,0.00686788854944384,-0.008177809115910149
0.005246016863163186,0.02844895334462777,-0.006175428482614986,-0.009751193982186383,-0.005631029181441455,0.006181099703120835,-0.007360028206266059
0.004721415175933273,0.02560405801007784,-0.005557885635188997,-0.008776074583966675,-0.005067926261570488,0.005562989740593258,-0.006624025387388143
0.004249273657513212,0.023043652208987464,-0.0050020970724236336,-0.007898467125571074,-0.004561133633854519,0.00500669077355953,-0.005961622850229704
0.0038243462910150638,0.02073928698801339,-0.004501887365859339,-0.007108620413013966,-0.004105020269061149,0.004506021702544674,-0.005365460566636076
0.0034419116612417044,0.018665358289145145,-0.004051698629884665,-0.006397758371708306,-0.0036945182408892885,0.004055419538009433,-0.004828914511261832
0.0030977204945119366,0.016798822460168894,-0.003646528767449489,-0.005757982534536413,-0.0033250664156575793,0.0036498775893672036,-0.00434602306129836
0.0027879484445131435,0.01511894021409764,-0.0032818758912007,-0.005182184281085966,-0.002992559773062231,0.003284889835078811,-0.003911420756212683
0.002509153599566577,0.013607046192637154,-0.0029536883025296085,-0.004663965852980564,-0.002693303794827795,0.0029564008557638466,-0.0035202786815315776
0.0022582382391655997,0.012246341573331182,-0.002658319472682011,-0.004197569267681445,-0.00242397341450884,0.0026607607739677352,-0.0031682508142249505
0.0020324144148467366,0.011021707415956844,-0.002392487525776532,-0.0037778123409175635,-0.002181576072301822,0.0023946846999786664,-0.002851425733567942
0.0018291729730008296,0.009919536674325186,-0.0021532387735257452,-0.0034000311068247413,-0.0019634184643892993,0.002155216233050067,-0.00256628316089748
0.0016462556753769463,0.008927583006863068,-0.0019379148964700221,-0.0030600279961454646,-0.0017670766173366326,0.0019396946125098402,-0.0023096548454286554
0.0014816301075481503,0.008034824706146068,-0.0017441234070924155,-0.0027540251965341156,-0.0015903689550494926,0.0017457251537507795,-0.0020786893614486244
0.001333467096527553,0.0072313422355045065,-0.0015697110666245129,-0.002478622676886033,-0.00143133205904869,0.0015711526406180093,-0.0018708204258094732
0.0012001203866365134,0.006508208011929195,-0.001412739960179113,-0.0022307604091942324,-0.0012881988526945443,0.0014140373785763022,-0.0016837383836812991
0.0010801083477578483,0.005857387210715617,-0.0012714659643581205,-0.00200768436826948,-0.0011593789670202859,0.0012726336425365192,-0.0015153645457204115
0.0009720975127871616,0.005271648489623956,-0.0011443193680985841,-0.0018069159314393346,-0.0010434410699553254,0.0011453702799238408,-0.0013638280915152998
0.0008748877613352704,0.0047444836406441565,-0.0010298874314453588,-0.0016262243382954011,-0.000939096962630781,0.0010308332534102044,-0.0012274452826946721
0.0007873989850455312,0.004270035276565998,-0.0009268986884437003,-0.0014636019044615943,-0.0008451872660716064,0.0009277499293973146,-0.0011047007547242884
0.000708659086399081,0.0038430317488956645,-0.0008342088197251935,-0.0013172417140196978,-0.000760668539196957,0.000834974937653013,-0.000994230679516964
0.0006377931776321392,0.003458728573995054,-0.000750787937867925,-0.0011855175426198628,-0.000684601685038505,0.0007514774449637468,-0.0008948076118048803
0.0005740138597546251,0.003112855716583929,-0.0006757091441873947,-0.001066965788361074,-0.0006161415163186967,0.0006763297014376474,-0.000805326850843821
0.0005166124736765507,0.00280157014491339,-0.0006081382298600002,-0.0009602692095249665,-0.0005545273644936843,0.0006086967321696363,-0.0007247941659544489
0.00046495122621850564,0.0025214131304104465,-0.0005473244069589961,-0.0008642422885714075,-0.0004990746278688007,0.0005478270597397555,-0.0006523147495401983
0.00041845610351370216,0.002269271817363111,-0.0004925919663379824,-0.0007778180597100004,-0.00044916716492549025,0.0004930443544762242,-0.000587083274747149
0.00037661049308574876,0.002042344635622126,-0.00044333276977001623,-0.0007000362537432601,-0.0004042504482940912,0.0004437399196672992,-0.0005283749474110817
0.0003389494437096331,0.0018381101720557347,-0.0003989994928567525,-0.0006300326283721347,-0.00036382540333537716,0.0003993659282722911,-0.0004755374527979847
0.0003050544992775142,0.001654299154842831,-0.00035909954362625673,-0.000567029365530658,-0.00032744286288582947,0.00035942933596137816,-0.0004279837076312902
0.0002745490492965831,0.001488869239353846,-0.00032318958931139286,-0.0005103264289765264,-0.00029469857649241926,0.00032348640283166863,-0.00038518533696849794
0.00024709414431640757,0.0013399823154126855,-0.00029087063042324,-0.0004592937860756763,-0.0002652287187522029,0.00029113776296639526,-0.00034666680336668115
0.00022238472984276864,0.00120598408386835,-0.00026178356742280473,-0.0004133644074713061,-0.00023870584679130946,0.0002620239870466945,-0.00031200012311970865
0.00020014625681967317,0.0010853856754794722,-0.00023560521071817886,-0.0003720279667263071,-0.00021483526203927572,0.00023582158868176717,-0.00028080011088360037
0.00018013163110422274,0.0009768471079289603,-0.0002120446896808209,-0.0003348251700536764,-0.00019335173576565112,0.0002122394301213304,-0.00025272009986790703
0.00016211846796138074,0.0008791623971308449,-0.00019084022074025708,-0.0003013426530493711,-0.00017401656213056338,0.00019101548738234553,-0.00022744808994100592
0.00014590662113387817,0.0007912461574157148,-0.00017175619869218284,-0.00027120838774763456,-0.00015661490586377225,0.00017191393889222362,-0.0002047032810057279
0.0001313159589944532,0.0007121215416737159,-0.00015458057884569498,-0.0002440875489675455,-0.00014095341523007177,0.0001547225452277201,-0.00018423295295653258
0.00011818436306950016,0.0006409093875032607,-0.00013912252098281785,-0.00021967879406759386,-0.00012685807366238921,0.0001392502909051685,-0.0001658096577069109
0.00010636592673864825,0.0005768184487530276,-0.000125210268905121,-0.00019771091465869972,-0.00011417226625787258,0.00012532526199299232,-0.0001492286919737417
9.572933404620142e-05,0.0005191366038772988,-0.00011268924202989528,-0.0001779398231960272,-0.00010275503959647492,0.00011279273595447836,-0.00013430582280856904
8.615640062300048e-05,0.00046722294348648663,-0.00010142031784113326,-0.00016014584087642447,-9.247953560706512e-05,0.00010151346250547588,-0.00012087524056310535
7.754076054478087e-05,0.0004205006491368596,-9.127828607018162e-05,-0.00014413125678558458,-8.323158201764547e-05,9.136211638802183e-05,-0.00010878771653366134
6.978668447758275e-05,0.0003784505842227559,-8.215045747791971e-05,-0.0001297181311059603,-7.490842379145879e-05,8.222590486846315e-05,-9.790894490609853e-05
6.280801601657622e-05,0.0003406055258011048,-7.393541174165186e-05,-0.000116746317999631,-6.74175813894784e-05,7.400331448909059e-05,-8.811805043490266e-05
5.652721440378532e-05,0.0003065449732189557,-6.654187057535121e-05,-0.00010507168619966478,-6.067582322979992e-05,6.660298313873603e-05,-7.93062454108092e-05
5.087449295069178e-05,0.0002758904758934366,-5.988768352721552e-05,-9.456451758182646e-05,-5.46082408861559e-05,5.9942684912106525e-05,-7.137562088914591e-05
4.578704364769336e-05,0.0002483014283020668,-5.38989151849939e-05,-8.510806582151531e-05,-4.914741678266332e-05,5.394841650020743e-05,-6.423805881322978e-05
4.1208339274472275e-05,0.0002234712854687626,-4.85090236727187e-05,-7.659725923403818e-05,-4.423267508693596e-05,4.855357491928558e-05,-5.781425294706065e-05
3.708750533695966e-05,0.00020112415692039032,-4.3658121311684894e-05,-6.893753331382868e-05,-3.9809407566038235e-05,4.3698217490215074e-05,-5.203282767068419e-05
3.33787547969356e-05,0.00018101174122951702,-3.92923091846048e-05,-6.204377998031418e-05,-3.582846679778262e-05,3.93283957996482e-05,-4.6829544918790614e-05
3.004087931091949e-05,0.00016291056710665552,-3.536307827076146e-05,-5.5839401976953695e-05,-3.224562010581411e-05,3.539555627125879e-05,-4.214659043673234e-05
2.7036791372427038e-05,0.00014661951039450505,-3.182677044778759e-05,-5.0255461776060883e-05,-2.902105808624822e-05,3.18560006925539e-05,-3.793193140393461e-05
2.4333112230993242e-05,0.0001319575593540928,-2.864409340765095e-05,-4.522991559952408e-05,-2.6118952268117113e-05,2.867040066205362e-05,-3.413873827230393e-05
2.189980100475962e-05,0.00011876180342038078,-2.577968407257991e-05,-4.070692403957202e-05,-2.3507057031801892e-05,2.5803360632556394e-05,-3.072486445702613e-05
1.9709820899556363e-05,0.00010688562307685501,-2.3201715666762435e-05,-3.663623163774332e-05,-2.1156351319634448e-05,2.3223024603863385e-05,-2.765237801794461e-05
1.7738838803803975e-05,9.619706076925694e-05,-2.0881544105774696e-05,-3.2972608472903175e-05,-1.904071617922498e-05,2.0900722171507402e-05,-2.4887140225951856e-05
1.5964954918163896e-05,8.65773546919052e-05,-1.8793389696611373e-05,-2.9675347629876114e-05,-1.713664455285646e-05,1.881064998199289e-05,-2.2398426207864003e-05
1.4368459424811408e-05,7.791961922441748e-05,-1.691405073213359e-05,-2.6707812867954317e-05,-1.542298009443721e-05,1.692958500661146e-05,-2.0158583587313178e-05
1.293161347866445e-05,7.01276573004811e-05,-1.522264565982645e-05,-2.4037031575829815e-05,-1.3880682077610507e-05,1.5236626529899211e-05,-1.814272523199996e-05
1.1638452127668217e-05,6.311489157211081e-05,-1.3700381096853897e-05,-2.1633328419312647e-05,-1.249261386351841e-05,1.3712963897488661e-05,-1.632845271754696e-05
1.0474606913377094e-05,5.6803402416608084e-05,-1.2330342989155807e-05,-1.9469995578447197e-05,-1.1243352471962398e-05,1.2341667526838407e-05,-1.4695607449224934e-05
9.427146222628843e-06,5.1123062175584266e-05,-1.1097308692184504e-05,-1.7522996024865733e-05,-1.0119017219506476e-05,1.1107500790100144e-05,-1.3226046713049958e-05
8.484431599902961e-06,4.6010755959752236e-05,-9.98757782656734e-06,-1.5770696418115904e-05,-9.1071154965372e-06,9.996750725896342e-06,-1.1903442045166704e-05
7.635988437313529e-06,4.1409680364368207e-05,-8.988820047448054e-06,-1.41936267752385e-05,-8.196403944837893e-06,8.997075665484466e-06,-1.0713097840862884e-05
6.872389593116229e-06,3.726871232645479e-05,-8.089938045227618e-06,-1.2774264099846278e-05,-7.376763549393761e-06,8.09736811001327e-06,-9.641788061292775e-06
6.18515063280714e-06,3.354184109335967e-05,-7.280944241030984e-06,-1.149683768986165e-05,-6.639087189674875e-06,7.2876313095410206e-06,-8.677609257523242e-06
5.56663556851994e-06,3.0187656984120848e-05,-6.55284981999904e-06,-1.0347153917678042e-05,-5.975178467620967e-06,6.558868189163181e-06,-7.809848335196476e-06
-8.696404260374221,-0.915730344096537,1.701695118884859,11.372648177452026,3.3940442106210433,-2.0605996358594925,-5.883538936628084
-0.009090262615673694,0.09160020329234686,-0.1701754095930601,-0.06652945256447929,-0.3394097985441378,0.20606586804168314,0.5883468645735368
0.7469697165971253,0.060294254727694924,-0.10847621717146497,-0.9325808487656282,-0.23188069202063025,0.1549389186588355,0.450714457899713
0.548451132151593,0.03253171919371292,-0.05373450340932576,-0.6406800785198284,-0.13600524659551802,0.1089379689420033,0.32653759663065207
0.3695448947746933,0.007947832299495389,-0.0052404199024612685,-0.37736247735583467,-0.05060236413096583,0.06754728073389603,0.2144693403059092
0.20828694337279205,-0.013785441688439204,0.03764454469574225,-0.13976495970031882,0.025390514991550324,0.03030267717683724,0.11329741206491567
0.06290943659603274,-0.03296308805675492,0.07549469571940667,0.0746894559335658,0.09292930878714366,-0.0032134871791748842,0.02193069338216816
-0.06817885987052173,-0.04985035693798055,0.10882656596046507,0.2683202578875985,0.15287396381629298,-0.033377009598098965,-0.060612889422209965
-0.1864102331755846,-0.06468573968560529,0.13810470393769245,0.4432151913073419,0.20599806053757236,-0.06052603247329088,-0.13521726869260764
-0.29307391170202113,-0.07768365723067755,0.16374688086370406,0.6012534335259935,0.2529974629944338,-0.08496480788253857,-0.20267805535941644
-0.3893303699021534,-0.08903687111990774,0.1861287783358923,0.7441264519904607,0.294498098803452,-0.10696709326612867,-0.2637113711308545
-0.4762242003104171,-0.09891865779014726,0.20558820598133068,0.8733567767254121,0.33106296325632845,-0.12677920312679283,-0.3189618005840892
-0.5546956989281749,-0.10748476487916543,0.22242889715370992,0.9903148957910908,0.3631984225667997,-0.14462275577526956,-0.36900954779406064
-0.6255912944641394,-0.11487516805190613,0.23692392535705603,1.0962344613481037,0.3913598844100512,-0.16069714852916317,-0.41437687479852875
-0.6896729316096769,-0.12121565790014246,0.24931877775945457,1.1922259755029572,0.4159569045000109,-0.17518177993838185,-0.4555339002780837
-0.7476265189631371,-0.12661926327496573,0.2598341218707192,1.279289107702777,0.437357779571517,-0.18823805388822368,-0.4929038151682463
-0.8012120447925748,-0.13160675265127797,0.2678931970980596,1.356834440759507,0.46747956234227406,-0.18963038711042918,-0.5199042846731499
-0.8550144927676794,-0.13732197264104845,0.2714379837204933,1.4254376338327843,0.5206969756840123,-0.1662136910134082,-0.5334770439961345
-0.8976320797483621,-0.140242648007225,0.27663940337802834,1.4913448118218482,0.5344954262126176,-0.1851296809651896,-0.5560991675763111
-0.9426113359253798,-0.14535832879793853,0.278317720477781,1.5483624306085493,0.5888508320212269,-0.20652916675948513,-0.5192851395087367
-0.9795075536652363,-0.15156984712420932,0.29210769523983127,1.596447325935089,0.6281188858826275,-0.2404351554725638,-0.42218258872194137
-1.0114528068679227,-0.15271843476417862,0.29388508978040984,1.6462976213307106,0.6338683888660069,-0.23230497918988333,-0.49625039186094205
-1.0381902841284072,-0.15394117788134037,0.3021740535357723,1.6929753316602842,0.6119328499347318,-0.24654353995653366,-0.5035154344121364
-1.0657699002727712,-0.15373737764124085,0.3000409293815314,1.734423840791654,0.6180191812590541,-0.2001481121985659,-0.6367678511067668
-1.0867017555524634,-0.15329714175903025,0.3024885411092303,1.772441849836383,0.610956098940326,-0.21176229980631506,-0.6715833752118323
-1.1037288813379296,-0.15648338486257812,0.3104472014571386,1.8054685083907727,0.6342531846874904,-0.34036504921231214,-0.5352814115427506
-1.1257493654332544,-0.15640966819236696,0.30816059229301523,1.8371883525803963,0.6454864534267627,-0.3281283638813147,-0.5684183253757363
-1.1455301881243671,-0.1535408076184459,0.2982215150077314,1.8696956052454063,0.6456571980605661,-0.30701744957363003,-0.6312879931208372
-1.1604463350015317,-0.15200995931955813,0.2965955674680264,1.8993796481409497,0.6323743566815508,-0.32607107846974753,-0.6117686932423065
-1.1780902667371957,-0.15033531712860043,0.29423050635078185,1.9260481465576635,0.6116439623100477,-0.2555767428584631,-0.6978288797453587
-1.1952368583652815,-0.14953291030181431,0.2902464810211629,1.9501633671695433,0.6090949583373253,-0.22115716820182785,-0.7399003200932444
-1.206999123737803,-0.1473172282941655,0.28872973668863067,1.9747417509311471,0.5817491816120045,-0.2110130122546942,-0.7953776017949241
-1.2217191510875733,-0.14645103197112141,0.28276866070049145,1.9957312319661185,0.5915417290668845,-0.20461951870941208,-0.7819415941022504
-1.228143899079581,-0.14399143942693046,0.283244540279952,2.0175935651099923,0.561622302954718,-0.23761222107982402,-0.8147188882708005
-1.2408543183172511,-0.1426546636614099,0.27853805763904527,2.036328812649272,0.5579861449392524,-0.2052722814357135,-0.8458785914678697
-1.2531216517958197,-0.14472110732991889,0.2772556958806482,2.0493564301137894,0.6014046929481591,-0.2303148218713567,-0.8702857222080835
-1.2630215593219618,-0.1440623476216236,0.2733441459250787,2.0658495185341796,0.6096043380245451,-0.25295302568542916,-0.8780250194858927
-1.2725676182986883,-0.14107622973166303,0.2672975983889464,2.0845241357644877,0.5819589913430957,-0.21941027798800317,-0.9232508938963611
-1.2814382515177773,-0.14043699620223354,0.2651559908488163,2.099615424921945,0.5807192696429765,-0.230328166157582,-0.9102618825037464
-1.2882485174046028,-0.1387115546143894,0.2627471088316654,2.1159480658901946,0.5613578598612264,-0.24629956807995476,-0.9269256422059678
-1.2969312330035705,-0.1375529202525213,0.25713222924704837,2.129766423096238,0.5665996944150652,-0.2371378327517089,-0.9225140326107438
-1.3036098258778237,-0.1352831570778075,0.2540232304994769,2.145502524379926,0.5398766394698806,-0.23268546262383905,-0.9443155244658468
-1.3104423893928083,-0.1339264529331101,0.25147330785482314,2.1597443794744824,0.5254465727186848,-0.24503105139955886,-0.9215871096521266
-1.3158268941487412,-0.13185571520993367,0.2465950068370571,2.1742260683034154,0.5103191917842497,-0.26823313799245985,-0.9188881369471436
-1.3208865049838592,-0.1294910536657966,0.24222785027506596,2.1884253516099683,0.4895588467818715,-0.27717857272520907,-0.923955071887879
-1.322177156620825,-0.12495434978034757,0.23835849264921055,2.2037641183710637,0.444360356608547,-0.2726402571480368,-0.9421865292466525
-1.3280221262851548,-0.12384387469142794,0.23432746189086148,2.217002326670073,0.4378091605471176,-0.30874178006381825,-0.9471884722500021
-1.3358647997411621,-0.12333688439910241,0.23052890267973516,2.2288284342210303,0.43973460872349757,-0.31635113344787547,-0.941415238319628
-1.3410125319581505,-0.12018063975703099,0.22405681157485088,2.241748167632184,0.41943997019505075,-0.29168421275393813,-0.9739174080347239
-1.3451364483739574,-0.11805844129290125,0.2201591669305821,2.2538897580609274,0.40410495235220467,-0.3053095356673484,-0.9733088968557564
-1.3509524573070157,-0.11753255632897272,0.21830490390975366,2.2649303014690583,0.40364916561971254,-0.31428944280512017,-0.9553854101642509
-1.3540936340205336,-0.11564339243183053,0.21603732777806278,2.2766723274857914,0.38857445515589134,-0.3369598096531153,-0.9531512361741421
-1.3563878981877144,-0.11086425667803536,0.20500888782892046,2.2906192199125077,0.35860742098862014,-0.34973547417747247,-0.9872244222150945
-1.362304974230061,-0.11022347399696866,0.20282570240798722,2.3013718384627317,0.3586641730099655,-0.35158286847189885,-0.9820183795861421
-1.3639871164816375,-0.10701459201487425,0.1964510268814276,2.314037275531679,0.3371655054148708,-0.38782389446945337,-0.997500865448331
-1.3723032553227876,-0.10725045615176304,0.19333015235454262,2.324190279034855,0.34852579625540697,-0.3726592764145666,-0.9916332305567042
-1.37749913839082,-0.10623873529143846,0.1897213025176553,2.335296218377654,0.3463724124483886,-0.38493578311699606,-0.9952611117929383
-1.3811344404152726,-0.10460957425829062,0.18539989036360993,2.3465502583254536,0.3414871769919817,-0.40412828094246794,-1.0017039172482922
-1.388735918122194,-0.10445750516089461,0.18195578113255045,2.3574566552314877,0.34662438674839346,-0.39704463038483984,-1.0022811692793996
-1.396245323469725,-0.10426105440933005,0.17849772736562652,2.368554170088853,0.35082386789498327,-0.3907751125002025,-1.0033547409420014
-1.4036870973834972,-0.10402895352564623,0.17503048512598748,2.379848641567385,0.35418315816443247,-0.3852404232069296,-1.0048848167518796
-1.411083702477207,-0.1037690553660706,0.1715582297944581,2.391346131033672,0.35678993305917417,-0.3803692254573088,-1.006835900317805
-1.418455840449401,-0.10348842660757224,0.16808461542865547,2.4030529354302206,0.3587229936931697,-0.37609735639843717,-1.0091763965439104
-1.4258226484825574,-0.10319343372468671,0.1646128285105267,2.4149756012763497,0.36005315927852055,-0.3723671108565703,-1.0118782390110699
-1.4332018809465132,-0.10288981056352993,0.16114563339634413,2.4271209382504835,0.3608440604120412,-0.3691266016393504,-1.0149165489152536
-1.4406100707304503,-0.10258272900392859,0.15768541578765072,2.4394960349551713,0.36115286256242324,-0.3663291789418993,-1.0182693355406325
-1.448062676625513,-0.10227686092916378,0.1542342213538431,2.452108275474162,0.36103091551917704,-0.363932908973402,-1.0219172265561707
-1.3032564118785472,-0.09204917523045603,0.1388107972038498,2.2068974479267407,0.3249278294784887,-0.3275396086792899,-0.9197255092004536
-1.1729307695415918,-0.0828442575929428,0.12492971915328668,1.986207703134065,0.2924350444724909,-0.2947856515462708,-0.8277529561910993
-1.0556376913737497,-0.07455983171632011,0.1124367490705119,1.7875869328206537,0.26319153786687466,-0.2653070903006321,-0.7449776583701103
-0.9500739209783534,-0.06710384842658258,0.1011930761296174,1.6088282395385836,0.23687238185767398,-0.23877638529712641,-0.6704798902548464
-0.8550665275975952,-0.060393463466827085,0.0910737705847086,1.4479454155847247,0.21318514141911654,-0.21489875085661145,-0.6034318989094063
-0.769559873547939,-0.05435411700554013,0.08196639566386264,1.3031508740262527,0.19186662502473548,-0.19340887987146457,-0.543088706688721
-0.6926038849122235,-0.04891870519404891,0.07376975827332816,1.1728357866236312,0.17267996029680402,-0.17406799594988107,-0.4887798337086358
-0.6233434951627675,-0.04402683456826517,0.06639278463093383,1.0555522079612665,0.15541196209117414,-0.1566612003452007,-0.4399018480694057
-0.5610091444223253,-0.039624151010248965,0.05975350833577779,0.9499969871651377,0.13987076377391278,-0.1409950841918485,-0.39591166105709924
-0.5049082287991038,-0.03566173581362997,0.0537781596306043,0.8549972884486223,0.12588368537047442,-0.12689557951725497,-0.35632049282509687
-0.4544174047883403,-0.032095562142495995,0.048400345737612094,0.76949755960376,0.11329531490008532,-0.11420602515231218,-0.32068844150761616
-0.40897566323380996,-0.02888600584437949,0.04356031316049473,0.6925478036433841,0.10196578157677078,-0.10278542605055047,-0.28861959542200866
-0.3680780958931935,-0.02599740518193923,0.03920428375609607,0.6232930232790483,0.09176920169030783,-0.09250688667528363,-0.2597576340508284
-0.3312702853469302,-0.023397664591478975,0.035283857198783915,0.5609637209511451,0.08259227989909904,-0.08325620104797973,-0.23378186892575317
-0.29814325591618435,-0.021057898065605707,0.031755473198340226,0.5048673488560311,0.07433305039372312,-0.07493058379174225,-0.2104036804231113
-0.2683289294889934,-0.01895210819761395,0.02857992749602243,0.45438061397042695,0.06689974394410367,-0.06743752807051476,-0.18936331087979807
-0.2414960357637911,-0.01705689732144007,0.02572193626102958,0.40894255257338585,0.06020976824192484,-0.060693777734367835,-0.17042697839760323
-0.21734643146854435,-0.015351207537611572,0.0231497440473263,0.3680482973160472,0.05418879020875708,-0.054624402250336976,-0.15338427926704634
-0.19561178765796344,-0.013816086736589572,0.020834770954838103,0.3312434675844447,0.048769910073333866,-0.04916196414024495,-0.13804585014877235
-0.1760506082809626,-0.012434478019792874,0.018751295074534415,0.2981191208259997,0.043892918041050805,-0.04424576967478463,-0.1242412640367938
-0.15844554689134802,-0.0111910301785009,0.016876166689071045,0.26830720874340125,0.03950362529647833,-0.039821194498303646,-0.11181713662534562
-0.14260099168742765,-0.010071927124869567,0.01518855105338927,0.24147648786906123,0.035553261905589814,-0.0358390766911201,-0.10063542203903429
-0.12834089204763244,-0.009064734379856734,0.01366969689729346,0.21732883908215506,0.03199793492773807,-0.03225517052570014,-0.09057187898992272
-0.11550680241256096,-0.008158260912333279,0.012302728077817057,0.19559595517393902,0.028798140716419784,-0.02902965484724876,-0.08151469031891143
-0.10395612177881443,-0.0073424347943045615,0.011072456066365702,0.1760363596565462,0.02591832598990733,-0.02612669061629621,-0.07336322058291561
-0.09356050924341876,-0.006608191290584861,0.009965211187186518,0.15843272369089154,0.02332649279484232,-0.023514022697048796,-0.066026897883322
-0.0842044579938191,-0.005947372139524357,0.008968690732002613,0.142589451321804,0.020993842973419857,-0.021162621466933373,-0.05942420751158713
-0.07578401189885352,-0.00535263490565821,0.008071822263206067,0.1283305061896236,0.01889445818386494,-0.019046360265233195,-0.05348178623027893
-0.06820561044061055,-0.004817371397077511,0.0072646405867553,0.11549745557066338,0.017005011918844598,-0.017141725096847728,-0.048133607125966746
-0.06138504915312837,-0.004335634241079286,0.006538177027794561,0.10394771001359437,0.015304510322015116,-0.015427553365723191,-0.0433202459768228
-0.055246544017181924,-0.0039020708022526746,0.005884359778700922,0.09355293901223226,0.013774058922945268,-0.013884798734942319,-0.03898822098348418
-0.04972188941563416,-0.0035118637087293986,0.005295924212363634,0.08419764511100958,0.012396652698495714,-0.012496319500810399,-0.035089398526794734
-0.044749700293194083,-0.003160677325847794,0.004766332164130135,0.0757778805999081,0.011156987128100662,-0.011246688129528878,-0.031580458349784686
-0.04027473010025058,-0.0028446095824253975,0.004289699285551216,0.06820009253991623,0.010041288143495433,-0.010122019840244814,-0.028422412221410245
-0.03624725694227982,-0.0025601486143998903,0.0038607296627881163,0.06138008328592193,0.00903715908346947,-0.009109818329757297,-0.02558017073400152
-0.032622531114346126,-0.0023041337441374043,0.003474656973136595,0.0552420749573308,0.00813344295314905,-0.008198836924784736,-0.023022153420872778
-0.02936027788212972,-0.0020737203617665068,0.0031271915259390957,0.049717867461598786,0.0073200984573550815,-0.007378953618987966,-0.020719937862232217
-0.02642424998484512,-0.0018663483184123003,0.002814472599384603,0.04474608071543785,0.006588088430619962,-0.006641058606302347,-0.01864794388046315
-0.02378182488789908,-0.001679713480102235,0.0025330255436407448,0.04027147264389619,0.005929279424194939,-0.005976953060943042,-0.016783149315892497
-0.021403642310255225,-0.0015117421262604985,0.002279723173669281,0.03624432537950816,0.005336351334374795,-0.005379258039382259,-0.015104834225007975
-0.019263277999065204,-0.0013605679083785183,0.0020517510227614326,0.03261989284155575,0.00480271606797264,-0.004841332492169621,-0.013594350658789852
-0.017336950126850267,-0.0012245111128052905,0.001846576070701756,0.02935790355740231,0.004322444341257253,-0.004357199474526702,-0.012234915463277849
-0.015603255048957335,-0.0011020599972545314,0.0016619185991578397,0.026422113201661546,0.0038901997990036796,-0.0039214797359176864,-0.011011423800055252
-0.01404292948527031,-0.0009918539936860649,0.001495726861484959,0.02377990188149326,0.0035011797216291246,-0.00352933195062672,-0.00991028131465428
-0.012638636483746185,-0.000892668590851256,0.0013461542855760893,0.021401911693343934,0.0031510616616078763,-0.0031763989253130245,-0.008919253088187536
-0.01137477278760916,-0.0008034017286479567,0.0012115389564074028,0.019261720524012205,0.0028359554162640244,-0.0028587591857817674,-0.008027327693740264
-0.010237295465802767,-0.0007230615529714712,0.0010903851503607821,0.01733554847161045,0.0025523598032877876,-0.0025728834050863167,-0.007224594847201124
-0.009213565880438184,-0.0006507553951428241,0.0009813467160737395,0.015601993624450472,0.0022971237586728033,-0.002315595188821358,-0.006502135292957159
-0.008292209257452403,-0.0005856798533520474,0.0008832121172394104,0.014041794262004359,0.0020674113248912163,-0.002084035781880496,-0.005851921701026698
-0.007462988300230809,-0.0005271118659635615,0.0007948909710838309,0.01263761483580339,0.001860670140231585,-0.0018756323045388337,-0.005266729474494799
-0.006716689441850885,-0.0004744006775214138,0.0007154019330515883,0.011373853352225183,0.001674603079216505,-0.0016880691649221943,-0.0047400564762145134
-0.006045020472126077,-0.00042696060810604175,0.0006438617929639505,0.01023646801700373,0.0015071427289765071,-0.0015192623302491548,-0.004266050782815667
-0.0054405184019116,-0.0003842645457984434,0.0005794756616058355,0.009212821215301759,0.0013564284179666125,-0.0013673361709159795,-0.003839445663302972
-0.004896466541005763,-0.0003458380898714031,0.0005215281386230369,0.008291539093772116,0.0012207855418485541,-0.001230602620189293,-0.0034555010598455293
-0.004406819868250451,-0.0003112542796725737,0.0004693753636434324,0.007462385184394904,0.0010987069567596763,-0.0011075424179326915,-0.0031099509204296667
-0.003966137864627422,-0.0002801288506110583,0.00042243786229747074,0.006716146665954881,0.000988836233253687,-0.000996788229951813,-0.0027989557982753214
-0.003569524063040649,-0.00025211596456473084,0.00038019410760250713,0.006044531999359391,0.0008899525848704848,-0.0008971094554128672,-0.0025190601913436805
-0.003212571643119412,-0.0002269043672203236,0.00034217472523648956,0.005440078799423986,0.0008009573038259693,-0.0008073985534982273,-0.0022671541477982775
-0.0028913144665495133,-0.00020421392969866003,0.0003079572782787726,0.004896070919480522,0.0007208615531315021,-0.0007266587374263819,-0.002040438711040123
-0.0026021830088560054,-0.00018379253600951662,0.00027716157346925965,0.004406463827534068,0.0006487753795349493,-0.000653992899044463,-0.0018363948201554417
-0.002341964698034148,-0.00016541328176161718,0.0002494454368466535,0.003965817444781196,0.0005838978251186677,-0.0005885936409773113,-0.0016527553203342527
-0.0021077682192880915,-0.00014887195300611333,0.000224500911821586,0.003569235700302542,0.0005255080277869889,-0.0005297343055405968,-0.00148747977226657
-0.0018969913893089338,-0.00013398475718204295,0.00020205083743614696,0.0032123121302749524,0.0004729572116659031,-0.00047676090078737493,-0.0013387317806009616
-0.0017072922431297433,-0.00012058628099523294,0.0001818457688135891,0.00289108091724799,0.0004256614784888674,-0.00042908483393488267,-0.001204858589549683
-0.0015365630122893006,-0.00010852765246964491,0.00016366120554783467,0.0026019728255253227,0.0003830953198303566,-0.0003861763714466254,-0.0010843727188994505
-0.0013829067051862776,-9.767488684137016e-05,0.00014729509724765305,0.0023417755429733234,0.00034478577811630773,-0.0003475587531200988,-0.0009759354364837214
-0.001244616029378923,-8.790739781316947e-05,0.0001325655985549845,0.002107597988675991,0.00031030719154649666,-0.00031280289474722167,-0.0008783418833600599
-0.0011201544216813387,-7.911665772510068e-05,0.00011930904862968508,0.0018968381898094577,0.00027927646450606747,-0.00028152262052297955,-0.0007905076864907941
-0.0010081389752277857,-7.1204991676177e-05,0.0001073781527065644,0.0017071543708269132,0.0002513488109585904,-0.00025337037219666514,-0.000711456910161206
-0.0009073250738486716,-6.408449225935031e-05,9.664034548055242e-05,0.001536438933744222,0.0002262139234776861,-0.0002280333473311455,-0.0006403112122365055
-0.0008165925629934688,-5.767604280650096e-05,8.697631817389945e-05,0.0013827950403708655,0.00020359252538007522,-0.00020523002371648086,-0.0005762800847889538
-0.0007349333035688165,-5.19084383213686e-05,7.82786928776591e-05,0.0012445155363316474,0.00018323326766567227,-0.00018470703135634037,-0.0005186520707123402
-0.000661439970402414,-4.6717594303899435e-05,7.0450829458793e-05,0.0011200639826984826,0.00016490993624304617,-0.0001662363372278708,-0.00046678685859932734
-0.0005952959708295674,-4.2045834706821994e-05,6.340575179615213e-05,0.0010080575844302348,0.00014841893842439113,-0.00014961271161392786,-0.00042010816820778514
-0.000535766371470714,-3.7841251088091554e-05,5.706518136990024e-05,0.000907251825985611,0.00013357704080942112,-0.0001346514477518143,-0.00037809734730491484
-0.0004821897322725018,-3.4057125845643466e-05,5.1358667510235934e-05,0.0008165266433870482,0.00012021933333467016,-0.00012118630954580795,-0.000340287608894976
-0.00043397075720238683,-3.065141313912667e-05,4.622280461040115e-05,0.0007348739790504766,0.0001081973969466743,-0.00010906768450621301,-0.0003062588447010229
-0.0003905736798219799,-2.7586271717144895e-05,4.160052761390323e-05,0.000661386581144896,9.73776544995475e-05,-9.816092137936855e-05,-0.000275632957250322
-0.00035151631034741797,-2.4827644448000008e-05,3.7440477972411346e-05,0.0005952479230320051,8.763988657622956e-05,-8.834483403250687e-05,-0.0002480696588504673
-0.0003163646779668068,-2.2344879913246962e-05,3.369643298296865e-05,0.0005357231307261401,7.88758956876412e-05,-7.951035494253161e-05,-0.00022326269054948923
-0.00028472820895850256,-2.0110391842589892e-05,3.0326792209583314e-05,0.00048215081765512653,7.098830411381152e-05,-7.15593233283976e-05,-0.00020093641932154502
-0.0002562553869730317,-1.8099352585967954e-05,2.729411526154052e-05,0.0004339357358880136,6.38894718998223e-05,-6.440339448834931e-05,-0.00018084277543907977
-0.0002306298472931987,-1.6289417264558903e-05,2.4564705779779594e-05,0.00039054216230027805,5.750052308514664e-05,-5.796305818017711e-05,-0.00016275849613878526
-0.00020756686168310352,-1.4660475479016943e-05,2.2108237043221707e-05,0.00035148794607131606,5.175046931661653e-05,-5.2166755189569924e-05,-0.00014648264493902045
-0.0001868101747213931,-1.3194427877394332e-05,1.989741499600073e-05,0.0003163391514657832,4.657542107087964e-05,-4.695008221727165e-05,-0.00013183437902546287
-0.00016812915653205418,-1.1874985041251951e-05,1.790767498615828e-05,0.00028470523631973776,4.191787777974021e-05,-4.2255076286350224e-05,-0.00011865093983964674
-0.00015131624023676958,-1.0687486494589948e-05,1.611690883241909e-05,0.00025623471268509945,3.772608893813645e-05,-3.80295707195083e-05,-0.00010678584470136254
-0.00013618461563442551,-9.618737810038192e-06,1.4505219159223481e-05,0.00023061124141499079,3.395347908673185e-05,-3.422661550096101e-05,-9.610725919307304e-05
-0.00012256615354932143,-8.656863995537556e-06,1.305469833137729e-05,0.00020755011727402461,3.0558130316354903e-05,-3.080395561996796e-05,-8.649653233682927e-05
-0.00011030953772548681,-7.791177567842422e-06,1.1749229477046874e-05,0.00018679510554875378,2.7502316507249658e-05,-2.7723561563421095e-05,-7.784687825680703e-05
-9.927858353145011e-05,-7.0120597834150145e-06,1.0574307410134848e-05,0.00016811559499174678,2.4752084154672227e-05,-2.4951206758605515e-05,-7.006218967216954e-05
-8.935072479731958e-05,-6.310853780111536e-06,9.516877463047746e-06,0.0001513040354925721,2.227687510825138e-05,-2.245608730100379e-05,-6.305597002592353e-05
-8.041565197603254e-05,-5.679768381949835e-06,8.565190429684483e-06,0.0001361736319438478,2.0049187029871907e-05,-2.021047966879047e-05,-5.675037240824264e-05
-7.237408647311388e-05,-5.111791523057518e-06,7.708672029815844e-06,0.00012255626874946302,1.804426781953916e-05,-1.8189432686215035e-05,-5.107533461629066e-05
-6.513667755032307e-05,-4.600612352717581e-06,6.937805403367525e-06,0.0001103006418734509,1.6239840576595665e-05,-1.6370490306033547e-05,-4.5967800662129535e-05
-5.862300954645287e-05,-4.1405510994019235e-06,6.2440253814771696e-06,9.927057768344127e-05,1.4615856106986458e-05,-1.47334420754347e-05,-4.137102014922095e-05
-5.276070836801551e-05,-3.726495974631927e-06,5.619623309569e-06,8.934351991563005e-05,1.315427012536785e-05,-1.3260098585300695e-05,-3.7233917736620437e-05
-4.748463732714113e-05,-3.3538463649895878e-06,5.05766139845612e-06,8.040916792673158e-05,1.1838842780789727e-05,-1.1934089375935375e-05,-3.351052560364963e-05
-4.273617341113466e-05,-3.0184617157841265e-06,4.551895639567927e-06,7.236825113565715e-05,1.0654958203737408e-05,-1.0740681018778231e-05,-3.015947272234573e-05
-3.8462555904847286e-05,-2.7166155357749577e-06,4.096706415011864e-06,6.513142602315725e-05,9.58946211314371e-06,-9.6666134392423e-06,-2.714352516114578e-05
-3.461630016624029e-05,-2.4449539742649185e-06,3.6870360782606526e-06,5.8618283421907336e-05,8.630515656138371e-06,-8.699952568101688e-06,-2.4429172378447744e-05
-3.1154670016417165e-05,-2.200458565762564e-06,3.3183327485496183e-06,5.275645508184823e-05,7.767463870420044e-06,-7.829957738250681e-06,-2.1986254901728078e-05
-2.803920289809643e-05,-1.980412699123524e-06,2.98649972195128e-06,4.7480809572064686e-05,6.9907172882965884e-06,-7.046962345533259e-06,-1.9787629192930672e-05
-2.523528250013068e-05,-1.7823714234393995e-06,2.6878499719308613e-06,4.273272861432531e-05,6.291645381975575e-06,-6.342266457508294e-06,-1.780886607632287e-05
-2.2711754153154334e-05,-1.604134274788005e-06,2.4190651739808278e-06,3.845945575342742e-05,5.662480682816495e-06,-5.708040122537339e-06,-1.602797929696302e-05
-2.044057865312806e-05,-1.4437208426115733e-06,2.17715883931921e-06,3.461351017541858e-05,5.096232471690776e-06,-5.137236389125832e-06,-1.442518121471531e-05
-1.8396520707904263e-05,-1.2993487552431793e-06,1.9594431200017914e-06,3.115215915627974e-05,4.586609097106953e-06,-4.623513000269475e-06,-1.2982662948163304e-05
-1.6556868564132545e-05,-1.169413877136205e-06,1.7634989555592728e-06,2.8036943241716017e-05,4.127948068533005e-06,-4.161161927376811e-06,-1.1684396527444213e-05
-1.4901181643796248e-05,-1.0524724830818233e-06,1.5871491931621073e-06,2.5233248919676043e-05,3.7151531572243712e-06,-3.745045938294278e-06,-1.0515956764789794e-05
-1.3411063424549965e-05,-9.472252284897786e-07,1.42843439369586e-06,2.2709924026642625e-05,3.3436377481904644e-06,-3.3705415284288054e-06,-9.464360987990195e-06
-1.2069957032555603e-05,-8.525027019729015e-07,1.2855910624630373e-06,2.043893162451127e-05,3.009273889145736e-06,-3.033487537731916e-06,-8.517924793120107e-06
-1.0862961282962456e-05,-7.672524281465698e-07,1.1570320542012014e-06,1.8395038463125957e-05,2.70834642292217e-06,-2.730138931678061e-06,-7.66613222841564e-06
-9.776665110992292e-06,-6.905271806301183e-07,1.0413289339844534e-06,1.6555534617879175e-05,2.4375117139846525e-06,-2.4571251707738995e-06,-6.899518927627746e-06
-8.798998560480362e-06,-6.214744626559243e-07,9.371961178089583e-07,1.4899981158222886e-05,2.193760478066964e-06,-2.211412773726884e-06,-6.209566967585803e-06
-7.919098672483273e-06,-5.59327015925426e-07,8.43476574717561e-07,1.3409983043999318e-05,1.9743843742980882e-06,-1.9902716057174086e-06,-5.588610213132575e-06
-7.127188776477958e-06,-5.033943101528937e-07,7.591289784905642e-07,1.2068984739599387e-05,1.7769458851291109e-06,-1.7912445401460642e-06,-5.0297491373235e-06
-6.414469873278032e-06,-4.5305487976488035e-07,6.832161381122026e-07,1.0862086265106541e-05,1.5992512502199796e-06,-1.6121201736121749e-06,-4.526774178691129e-06
-5.773022862528426e-06,-4.077493908072327e-07,6.148945743342238e-07,9.77587763806298e-06,1.4393260857475942e-06,-1.4509082325656064e-06,-4.0740967191185695e-06
-5.195720554446344e-06,-3.6697444860678274e-07,5.534051616129521e-07,8.79828987265796e-06,1.295393439293413e-06,-1.305817478709781e-06,-3.6666870108347654e-06
-4.676148479848107e-06,-3.302770022195478e-07,4.980646869379157e-07,7.91846088432635e-06,1.1658540617631719e-06,-1.1752357943414782e-06,-3.3000182744456763e-06
-4.2085336137611534e-06,-2.972493031716539e-07,4.482582560486059e-07,7.1266147969595295e-06,1.049268624112032e-06,-1.0577122715460519e-06,-2.9700164138231344e-06
-3.7876802348279885e-06,-2.6752437026766884e-07,4.03432466586362e-07,6.413953315131948e-06,9.443417355731176e-07,-9.519410966579711e-07,-2.6730147403321303e-06
-3.40891219538118e-06,-2.407719344038606e-07,3.6308924813988064e-07,5.7725579836187535e-06,8.499075390688837e-07,-8.567470345874351e-07,-2.4057132373914852e-06
-3.068020963073459e-06,-2.166947399573349e-07,3.2678035154221075e-07,5.19530218312525e-06,7.649167616669006e-07,-7.710723717996304e-07,-2.1651418857966676e-06
-2.761218852938372e-06,-1.9502526765746708e-07,2.9410233974569433e-07,4.675771966944353e-06,6.884250652317014e-07,-6.939651714457651e-07,-1.948627676834e-06
-2.485096959673784e-06,-1.7552273937071483e-07,2.6469212757382343e-07,4.208194768651197e-06,6.19582542688013e-07,-6.245686901343306e-07,-1.75376488662643e-06
-2.2365872520075172e-06,-1.5797046445942264e-07,2.3822293659242488e-07,3.787375293384798e-06,5.576242750465754e-07,-5.621118489354537e-07,-1.5783883775839086e-06
-2.012928519900311e-06,-1.4217341490208035e-07,2.144006610235727e-07,3.408637761381783e-06,5.018618315366652e-07,-5.059006913596398e-07,-1.420549521565645e-06
-1.8116356578067733e-06,-1.279560724182227e-07,1.9296061138165954e-07,3.067773986842326e-06,4.516756382383358e-07,-4.5531064524900744e-07,-1.2784945532841319e-06
-1.6304720867215718e-06,-1.1516046206916375e-07,1.7366456243200767e-07,2.7609965886910004e-06,4.06508061059907e-07,-4.0977960054366935e-07,-1.1506450871678203e-06
-1.4674248727413776e-06,-1.0364441488386333e-07,1.5629812054329673e-07,2.484896928223179e-06,3.6585724530469044e-07,-3.68801658226503e-07,-1.0355805633802811e-06
-1.3206823822964689e-06,-9.327997452235337e-08,1.4066832013798214e-07,2.2364072354008613e-06,3.2927150958594886e-07,-3.319215079455873e-07,-9.320224951831629e-07
-1.1886141382299112e-06,-8.395197451105396e-08,1.2660149766030582e-07,2.0127665134594963e-06,2.963443521825093e-07,-2.9872937111485864e-07,-8.38820240201682e-07
-1.069752722299231e-06,-7.55567750171382e-08,1.1394135688430618e-07,1.811489864778082e-06,2.6670991108701525e-07,-2.688564495617607e-07,-7.549382107247676e-07
-9.627774468987105e-07,-6.800109600413329e-08,1.0254723178601544e-07,1.630340880964809e-06,2.400389135515102e-07,-2.4197081695265243e-07,-6.794443841839221e-07
-8.664997000998494e-07,-6.120098861028822e-08,9.229251442255393e-08,1.4673067934012352e-06,2.1603501522415858e-07,-2.1777374711179354e-07,-6.114999434921747e-07
-7.798497242508286e-07,-5.508089198635879e-08,8.306326933563146e-08,1.3205761124623905e-06,1.9443150674203213e-07,-1.9599638320655366e-07,-5.503499404813095e-07
-7.018647481156493e-07,-4.9572801807951095e-08,7.47569492802469e-08,1.1885184996174303e-06,1.7498835069851282e-07,-1.763967535373112e-07,-4.953149398967405e-07
-6.31678270131969e-07,-4.461551902923411e-08,6.728126013613722e-08,1.0696666485898731e-06,1.574895118761077e-07,-1.5875708572060665e-07,-4.457834415095424e-07
-5.685104394136629e-07,-4.015396774803559e-08,6.055313780950478e-08,9.626999837308858e-07,1.4174055905369354e-07,-1.428813874229662e-07,-4.0120509083377276e-07
-5.116593907008096e-07,-3.613857157969136e-08,5.449782609565079e-08,8.664299837590761e-07,1.2756650154266413e-07,-1.285932556896463e-07,-3.610845826767378e-07
-4.6049344792301744e-07,-3.252471557357861e-08,4.904804556601916e-08,7.797869869818896e-07,1.1480984921097281e-07,-1.1573393770419882e-07,-3.24976118942083e-07
-4.1444410048751754e-07,-2.9272245183342704e-08,4.414324735260711e-08,7.018082861520725e-07,1.0332885945485426e-07,-1.041605504695231e-07,-2.924785058346091e-07
-3.729996883349365e-07,-2.634501861109584e-08,3.9728925732562814e-08,6.316274596684934e-07,9.299597027168094e-08,-9.37444981433111e-08,-2.6323065619067443e-07
-3.356997157919969e-07,-2.3710517896291528e-08,3.575603738439903e-08,5.684647153003652e-07,8.369637213845316e-08,-8.437005487305083e-08,-2.369075925538755e-07
-3.0212974104059515e-07,-2.1339465125502777e-08,3.218043625324851e-08,5.116182411057935e-07,7.532673436394521e-08,-7.59330532340563e-08,-2.1321683423176918e-07
-2.719167664262667e-07,-1.9205518717035908e-08,2.896239416697033e-08,4.6045641433067885e-07,6.779405931078841e-08,-6.83397496162308e-08,-1.918951464102009e-07
-2.4472508714087557e-07,-1.7284964251573776e-08,2.6066158436560682e-08,4.144107723647039e-07,6.101465388486105e-08,-6.150577960134518e-08,-1.727056305640684e-07
-2.2025257685482497e-07,-1.5556469515343174e-08,2.345954679128237e-08,3.7296969246369827e-07,5.4913186331440045e-08,-5.535520386512616e-08,-1.5543507057153017e-07
-1.9822731972367336e-07,-1.4000823167492626e-08,2.111359579184957e-08,3.356727216186073e-07,4.942186554446337e-08,-4.981968787509672e-08,-1.3989156657720492e-07
-1.78404588839845e-07,-1.2600743087842758e-08,1.9002235625287245e-08,3.021054499896536e-07,4.447967895393479e-08,-4.4837723471580215e-08,-1.2590240338651582e-07
-1.605641283815122e-07,-1.1340668307213697e-08,1.7102013080000367e-08,2.718949065894094e-07,4.003171050204202e-08,-4.035395231166694e-08,-1.1331216397993116e-07
-1.445077129004664e-07,-1.0206599426743068e-08,1.5391814364718037e-08,2.447054132659332e-07,3.602853833328812e-08,-3.6318558244152754e-08,-1.0198094957392101e-07
-1.3005694110600555e-07,-9.185938523725845e-09,1.3852636069483504e-08,2.2023487034061873e-07,3.242568608063934e-08,-3.2686702525208666e-08,-9.178285555536125e-08
-1.1705124808086484e-07,-8.267345280588145e-09,1.2467371881402789e-08,1.9821138330655685e-07,2.9183116381781282e-08,-2.9418033460626436e-08,-8.260456452538478e-08
-1.0534612543021057e-07,-7.440609225972672e-09,1.1220636766950953e-08,1.7839024657462232e-07,2.6264804706133127e-08,-2.647623342788563e-08,-7.434411005736996e-08
-9.481151184509776e-08,-6.696548399132141e-09,1.0098575163597356e-08,1.6055122031843894e-07,2.3638323687347196e-08,-2.382861394312208e-08,-6.690969359471333e-08
-8.533035961719518e-08,-6.02689204098894e-09,9.088717074084984e-09,1.4449610041822325e-07,2.1274491265876883e-08,-2.1445753208004792e-08,-6.021872516089044e-08
-7.679732368266745e-08,-5.424200796855239e-09,8.179844763339661e-09,1.3004649090930798e-07,1.9147040522526915e-08,-1.9301176379382667e-08,-5.4196853567500813e-08
-6.911758920541064e-08,-4.8817813264045995e-09,7.361859691301653e-09,1.1704184288419128e-07,1.7232336960160133e-08,-1.737105725235777e-08,-4.877716702246515e-08
-6.220583243995992e-08,-4.393601163443783e-09,6.625675799676323e-09,1.0533765859577215e-07,1.5509101641830725e-08,-1.5633951661042644e-08,-4.389944698035553e-08
-5.598525081983857e-08,-3.9542405877446285e-09,5.963107625739372e-09,9.480389273619494e-08,1.3958192518481738e-08,-1.407055765650922e-08,-3.950949682175742e-08
-5.038672629478769e-08,-3.5588182123458267e-09,5.366795740452401e-09,8.532350292966839e-08,1.2562375362179523e-08,-1.2663502545195993e-08,-3.555854487420629e-08
-4.534805261857677e-08,-3.2029375401920746e-09,4.830116136916862e-09,7.679115476832976e-08,1.1306137248645598e-08,-1.139715084808035e-08,-3.200269023916069e-08
-4.0813247912351025e-08,-2.8826444148366548e-09,4.347105522772843e-09,6.911203875858973e-08,1.0175521383826158e-08,-1.0257433742666411e-08,-2.8802423215554263e-08
-3.673192048659138e-08,-2.594378975540046e-09,3.912397551764091e-09,6.220083648145192e-08,9.157967079120866e-09,-9.231689357402928e-09,-2.5922177565931848e-08
-3.3058730594583835e-08,-2.3349384925541727e-09,3.5211587950945145e-09,5.5980750701678517e-08,8.242171403716192e-09,-8.308518935351561e-09,-2.3329957533554935e-08
-2.9752857555725293e-08,-2.101445253921419e-09,3.16904074509905e-09,5.038267403278951e-08,7.417955832922374e-09,-7.477669317079716e-09,-2.0996964840425125e-08
-2.677757342424425e-08,-1.891298714862266e-09,2.8521371410461516e-09,4.5344405563696455e-08,6.676159680640836e-09,-6.729905153990412e-09,-1.8897268224196684e-08
-2.409981663667113e-08,-1.7021699605379581e-09,2.5669255020177584e-09,4.0809963408605654e-08,6.008544231606017e-09,-6.056913158525301e-09,-1.7007536996793693e-08
-2.1689834997073304e-08,-1.531954119116108e-09,2.310235031055541e-09,3.672896653483804e-08,5.407691364145428e-09,-5.451221953001184e-09,-1.5306785295862713e-08
-1.952084992739786e-08,-1.378759328929391e-09,2.0792093255450617e-09,3.305606988135423e-08,4.866923780655341e-09,-4.906100928292467e-09,-1.3776105561857932e-08
-1.7568763356016343e-08,-1.2408856303602889e-09,1.8712904802098418e-09,2.975046342612586e-08,4.3802303173468005e-09,-4.41549097285332e-09,-1.2398498066765185e-08
-1.5811885977195378e-08,-1.116798181710621e-09,1.6841603181494413e-09,2.677541921340676e-08,3.942207255080987e-09,-3.973940405910259e-09,-1.115864705671099e-08
-1.4230697405193116e-08,-1.0051168786162634e-09,1.5157458274628333e-09,2.409787569490618e-08,3.547983823404266e-09,-3.576546475647646e-09,-1.0042782216945767e-08
-1.2807627688439516e-08,-9.046052656946912e-10,1.3641711822665048e-09,2.1688085993787354e-08,3.1931848970545573e-09,-3.218891389544787e-09,-9.038508120770561e-09
-1.1526865473839715e-08,-8.141442936482335e-10,1.2277524136239393e-09,1.9519276861501567e-08,2.8738669083372415e-09,-2.8970050525156665e-09,-8.13465503984867e-09
-1.0374176820544811e-08,-7.327320833416806e-10,1.104976037752392e-09,1.7567350241165514e-08,2.5864806962871967e-09,-2.607306225088646e-09,-7.321193663464842e-09
-9.336761289460704e-09,-6.594573775942081e-10,9.94477864640908e-10,1.5810616815770118e-08,2.327834203175172e-09,-2.3465763082652913e-09,-6.589075217736107e-09
-8.403086786731156e-09,-5.935101021758982e-10,8.950321456202559e-10,1.422955620000721e-08,2.0950496892879755e-09,-2.11191610727246e-09,-5.930167561868371e-09
-7.56277760121521e-09,-5.341602576924842e-10,8.055304513698847e-10,1.2806598448378281e-08,1.885542541546492e-09,-1.9007250981473156e-09,-5.3371485425612875e-09
-6.806497195727124e-09,-4.807416686958277e-10,7.249762942751481e-10,1.152593753772635e-08,1.6969893407159375e-09,-1.7106532648747397e-09,-4.8034314199807415e-09
