0.0,0.0,0.0,0.0,0.0,0.0,0.0
36.695400119381354,-9.376371705026799,-40.854744166325816,-22.200363682910467,-38.029961072909536,42.74663029734697,-51.36464923809465
33.026010388655514,-15.294074875702117,-36.76634024108055,-42.794847330191956,-34.22696496561858,38.47194832820305,-46.22997001244275
29.724808022068068,-18.15661393770968,-33.09636491143485,-54.307785510212945,-30.80426846905673,34.6247443649658,-41.60680759419226
26.750555564095226,-15.042214557998237,-29.787013811803185,-49.05329435075481,-27.723841622151056,31.162057584097667,-37.443839223968745
24.075387077524386,-12.410801747424186,-26.817410218786065,-44.147042694337344,-24.951457459935945,28.045718400262068,-33.69496442809517
21.668582097982576,-10.04864493736044,-24.140873144104475,-39.73197404876619,-22.456311713942352,25.24126773417956,-30.323686949895567
19.502104419814962,-7.671367246425405,-21.727820261585528,-35.75877333149303,-20.21068054254812,22.717221026514768,-27.291183128055067
17.55180873324622,-5.0182120802033925,-19.554375133234018,-32.18295182658513,-18.189612488293303,20.44548399283872,-24.562325185958723
15.795740702104714,-1.8559946211977878,-17.596672865416792,-28.964707103267344,-16.37067860138655,18.40091904888085,-22.10643533400682
14.215898374312278,2.0208834422750432,-15.836955991497895,-26.068236392940612,-14.73365109396741,16.560952336090104,-19.89572398567002
12.793474735905718,6.780986333962325,-14.253163516048438,-23.461412753646556,-13.260378965633707,14.905183890770914,-17.9059715138797
11.510574202110071,12.54762177047087,-12.827592428043735,-21.115271478281898,-11.934608983071186,13.41581518796292,-16.114797021511034
10.340042417616562,19.39214363208314,-11.54425438847249,-19.003744330453706,-10.74187928839146,12.079170321751317,-14.501334724076614
9.198462161686015,27.36272953924483,-10.3904786542106,-17.10336989740833,-9.668266246936673,10.889451843336273,-13.046200790690893
7.925807232847853,36.50529081314802,-9.360118874052873,-15.393032907667497,-8.696579134900526,9.803078431661877,-11.737093661835411
3.5813026826058145,40.717345177426466,-8.814923645124265,-13.856736878996786,-7.6689825510258105,8.31279006877092,-10.54563535223457
7.292871655510574,36.60171149161855,-7.53209647279579,-12.468055929001068,-7.063932734949876,7.981646149302383,-9.522308676931592
6.767479088164079,32.939499958583866,-6.766417897983223,-11.221250336100955,-6.373277344575299,7.381918117191928,-8.579535595788949
5.89217770356338,29.647400526918794,-6.1026857890808195,-10.099125302490858,-5.725149044752326,6.47802759371897,-7.712562922333883
5.268857520212049,26.683032903454265,-5.494074179173417,-9.08921277224177,-5.148022690919667,5.787228703030835,-6.939833511144078
4.738171667032181,24.01476717623683,-4.944761974571833,-8.180291495017595,-4.632297102962042,5.20217670648603,-6.245761187683494
4.263937241953707,21.613293017588568,-4.450285078827573,-7.362262345515841,-4.168910181931093,4.68109879721012,-5.621190831537088
3.837496821059901,19.451963717046592,-4.005255282497306,-6.626036110964255,-3.7519944199988555,4.212874904647035,-5.059074857885365
3.453741631248966,17.506767301956256,-3.604729478531629,-5.963432499867831,-3.376791144372525,3.7915719889504294,-4.553168101615484
3.1083667626539775,15.756090559753794,-3.2442564829061267,-5.367089249881047,-3.0391114160884523,3.4124125770653237,-4.097851438814871
2.79752998629356,14.180481501083678,-2.919830826594252,-4.8303803248929436,-2.7352001695824635,3.071170974029804,-3.6880663243047977
2.517776971757481,12.762433350383532,-2.627847742542832,-4.347342292403652,-2.461680133117751,2.7640538171143745,-3.319259697978856
2.26599927173822,11.486190015209905,-2.3650629680313133,-3.912608063163283,-2.215512115818188,2.4876484239879435,-2.9873337295388556
2.0393993439932125,10.337571013655896,-2.1285566711765584,-3.521347256846955,-1.9939609033375738,2.2388835791442996,-2.688600356911374
1.835459409465873,9.30381391228165,-1.915701004047079,-3.169212531162263,-1.7945648127818608,2.014995220641644,-2.419740321304158
1.6519134684880132,8.3734325210511,-1.7241309036385484,-2.852291278046035,-1.6151083314455048,1.8134956984126744,-2.177766289195114
1.4867221216316877,7.536089268945375,-1.5517178132722345,-2.567062150241437,-1.4535974982870066,1.6321461285099423,-1.9599896602786688
1.3380499094677487,6.7824803420508,-1.3965460319423892,-2.310355935217299,-1.308237748458141,1.4689315156217972,-1.763990694247309
1.2042449185226234,6.104232307845911,-1.2568914287450075,-2.079320341695564,-1.1774139736174405,1.322038364025596,-1.5875916248159676
1.0838204266731892,5.493809077061632,-1.1312022858668107,-1.8713883075260114,-1.0596725762633752,1.189834527586504,-1.4288324623258775
0.9754383840094418,4.944428169355845,-1.0180820572759732,-1.6842494767734062,-0.9537053186461621,1.070851074787979,-1.2859492160835695
0.8778945456125709,4.44998535242068,-0.9162738515439108,-1.5158245290960686,-0.858334786791448,0.9637659672668453,-1.1573542944648063
0.7901050910556847,4.004986817179051,-0.8246464663849267,-1.3642420761864607,-0.7725013081224504,0.8673893704968866,-1.0416188650077192
0.7110945819545935,3.6044881354615788,-0.7421818197419046,-1.2278178685678114,-0.6952511773201353,0.7806504334046749,-0.9374569784966059
0.6399851237635373,3.244039321915834,-0.6679636377634193,-1.1050360817110345,-0.6257260595974524,0.7025853900240158,-0.8437112806372555
0.5759866113913461,2.9196353897246303,-0.601167273983158,-0.994532473539927,-0.5631534536461187,0.6323268509850903,-0.7593401525648191
0.5183879502559959,2.627671850752501,-0.541050546581409,-0.8950792261859384,-0.5068381082887864,0.5690941658547142,-0.6834061373008222
0.46654915523370694,2.364904665677534,-0.4869454919203908,-0.8055713035673479,-0.4561542974659117,0.512184749242673,-0.6150655235645608
0.4198942397131083,2.1284141991100034,-0.43825094272607,-0.7250141732106173,-0.41053886772400194,0.46096627429743087,-0.5535589712033154
0.37790481574400436,1.9155727791991681,-0.3944258484517752,-0.6525127558895535,-0.3694849809549687,0.41486964685231503,-0.4982030740795643
0.3401143341712404,1.7240155012793648,-0.35498326360547994,-0.5872614803005938,-0.3325364828615941,0.37338268215707104,-0.44838276666948546
0.3061029007552107,1.5516139511514913,-0.3194849372443427,-0.5285353322705397,-0.29928283457641514,0.33604441393630946,-0.4035444900016021
0.2754926106802813,1.39645255603636,-0.2875364435197986,-0.47568179904348884,-0.2693545511187416,0.3024399725420525,-0.3631900410015585
0.247943349612395,1.2568073004326998,-0.2587827991681215,-0.42811361913914325,-0.24241909600596523,0.2721959752910645,-0.32687103690241837
0.22314901465090417,1.1311265703893716,-0.23290451925195688,-0.3853022572252236,-0.2181771864037428,0.2449763777683993,-0.2941839332139496
0.20083411318523176,1.0180139133503467,-0.20961406732769491,-0.34677203150270236,-0.19635946776115693,0.22047874000062284,-0.2647655398949233
0.18075070186585876,0.9162125220152033,-0.18865266059607994,-0.3120948283524321,-0.1767235209823741,0.1984308660116777,-0.238288985908266
0.16267563167821072,0.8245912698135588,-0.1697873945377964,-0.28088534551718786,-0.15905116888113768,0.17858777942315657,-0.21446008732061833
0.14640806850916568,0.7421321428320696,-0.1528086550854591,-0.25279681096546364,-0.14314605198979538,0.1607290014945585,-0.1930140785919679
0.13176726165691385,0.6679189285487236,-0.13752778957843304,-0.22751712986892159,-0.12883144678744735,0.14465610135948825,-0.1737126707363227
0.11859053548981595,0.6011270356937038,-0.12377501062214852,-0.20476541688202946,-0.1159483021052731,0.130190491238258,-0.15634140366630436
0.10673148193938967,0.5410143321241863,-0.11139750956149631,-0.18428887519382542,-0.10435347189132091,0.11717144212919892,-0.14070726330328268
0.09605833374399644,0.48691289891162354,-0.1002577586068953,-0.1658599876744482,-0.09391812469881299,0.10545429793086948,-0.12663653697650457
0.08645250036815574,0.4382216090203226,-0.09023198274771724,-0.14927398890700874,-0.084526312225645,0.09490886815201618,-0.1139728832822983
0.07780725032993466,0.39439944811815597,-0.08120878447440522,-0.13434659001630675,-0.07607368099991357,0.08541798135055702,-0.10257559495738486
0.07002652529557996,0.3549595033062072,-0.07308790602836251,-0.12091193101467823,-0.06846631289689623,0.07687618322865605,-0.09231803546481612
0.06302387276471673,0.31946355297546053,-0.06577911542685863,-0.10882073791320934,-0.061619681604337784,0.06918856491828572,-0.08308623192133976
0.05672148548700276,0.2875171976777974,-0.05920120388542904,-0.09793866412188734,-0.05545771344120182,0.06226970843825097,-0.0747776087320382
0.05104933693712828,0.25876547790990756,-0.05328108349806658,-0.0881447977096954,-0.04991194209454802,0.0560427376054998,-0.06729984786148328
0.045944403242313823,0.23288893011881467,-0.04795297514936245,-0.07933031793873012,-0.044920747882726375,0.050438463855293186,-0.060569863077806874
0.04134996291705165,0.20960003710683642,-0.043157677635452876,-0.07139728614485817,-0.04042867309225698,0.045394617479384905,-0.054512876772330486
0.03721496662438619,0.18864003339606347,-0.03884190987285839,-0.06425755753036812,-0.03638580578099346,0.04085515574036573,-0.04906158909723107
0.03349346996105801,0.16977603005637634,-0.03495771888645478,-0.05783180177732915,-0.0327472252010135,0.03676964017457213,-0.04415543018947007
0.03014412296412839,0.15279842705066146,-0.03146194699862155,-0.05204862159959944,-0.029472502679180723,0.03309267616471011,-0.03973988717233576
0.027129710666960762,0.13751858434552727,-0.02831575229950309,-0.046843759439642696,-0.026525252409673516,0.0297834085552188,-0.03576589845676256
0.02441673959957038,0.12376672591091223,-0.02548417707023949,-0.04215938349567949,-0.023872727167248003,0.026805067706096974,-0.032189308612609734
0.02197506563897471,0.11139005331976357,-0.022935759363840236,-0.03794344514611579,-0.021485454449190672,0.024124560941341522,-0.028970377752739838
0.019777559074494848,0.10025104798773166,-0.020642183428027677,-0.034149100631509555,-0.01933690900305582,0.021712104852556327,-0.026073339978737627
0.01779980316651032,0.0902259431889081,-0.01857796508574909,-0.03073419056835646,-0.017403218101642637,0.01954089437217746,-0.02346600598202793
0.01601982284937309,0.0812033488699728,-0.016720168577647035,-0.027660771511524018,-0.01566289629046619,0.01758680493940558,-0.02111940538488516
0.014417840563990555,0.07308301398293428,-0.015048151720317246,-0.024894694360366287,-0.014096606660500666,0.015828124449509637,-0.019007464847361044
0.012976056507186648,0.06577471258460621,-0.013543336548676843,-0.022405224924330724,-0.012686945993613447,0.014245312008232522,-0.01710671836349295
0.01167845085610325,0.05919724132611118,-0.01218900289416737,-0.020164702431898718,-0.011418251393494921,0.012820780810744135,-0.015396046527938313
0.010510605770157251,0.053277517193472346,-0.010970102605075097,-0.018148232188710978,-0.01027642625345665,0.011538702732693744,-0.01385644187586455
0.009459545192839177,0.04794976547409563,-0.009873092344860057,-0.016333408969838814,-0.009248783627486712,0.01038483246216481,-0.012470797688932143
0.008513590673278693,0.04315478892666384,-0.008885783110640422,-0.014700068072851735,-0.008323905264173787,0.009346349218430292,-0.011223717920629402
0.007662231605700915,0.03883931003397355,-0.007997204799816443,-0.013230061265563366,-0.007491514737247962,0.008411714298837261,-0.010101346129101182
0.006896008444908423,0.034955379030554304,-0.007197484320052017,-0.011907055139001702,-0.006742363263061518,0.00757054287098894,-0.009091211516667365
0.006206407600213317,0.03145984112747954,-0.0064777358882425196,-0.010716349625102595,-0.006068126936338236,0.006813488585727431,-0.008182090365430878
0.005585766840007127,0.02831385701471434,-0.0058299622995982014,-0.009644714662595533,-0.005461314242326848,0.006132139728817716,-0.007363881329279077
0.005027190155841124,0.02548247131322985,-0.005246966069800227,-0.008680243196341308,-0.004915182817753161,0.005518925757438127,-0.006627493196709603
0.004524471140107145,0.02293422418189378,-0.004722269462966583,-0.0078122188767082434,-0.0044236645356689475,0.0049670331830464695,-0.005964743877360793
0.0040720240259626336,0.020640801763692346,-0.004250042516799127,-0.007030996989037417,-0.003981298081822182,0.004470329865964351,-0.005368269489912527
0.0036648216232434017,0.018576721587313688,-0.0038250382652374876,-0.006327897290137939,-0.003583168273389309,0.004023296880471858,-0.00483144254117886
0.0032983394608091104,0.016719049428573912,-0.00344253443882217,-0.005695107561127344,-0.0032248514458236843,0.0036209671934223017,-0.004348298287295611
0.002968505514628671,0.015047144485706515,-0.0030982809950336476,-0.005125596805015675,-0.002902366301037157,0.003258870474975653,-0.003913468458777722
0.002671654963076203,0.01354243003712638,-0.002788452895618826,-0.004613037124514108,-0.0026121296707480868,0.002932983428288405,-0.0035221216130959677
0.002404489466687877,0.012188187033408515,-0.002509607606134459,-0.0041517334120584354,-0.002350916703507344,0.0026396850861896276,-0.0031699094519549685
0.002164040519946786,0.010969368330062415,-0.002258646845589546,-0.003736560070848327,-0.0021158250330086115,0.0023757165782282083,-0.0028529185069165967
0.0019476364678855558,0.009872431497051984,-0.002032782161092331,-0.0033629040637634944,-0.0019042425295749676,0.0021381449209977588,-0.0025676266563694518
0.0017528728210372962,0.008885188347341505,-0.0018295039450390432,-0.00302661365738288,-0.0017138182764957766,0.0019243304294312771,-0.002310863990860135
0.001577585538881248,0.007996669512599988,-0.0016465535505873763,-0.00272395229164246,-0.0015424364487344744,0.0017318973869671558,-0.00207977759189118
0.0014198269849434227,0.007197002561336319,-0.0014818981955766614,-0.00245155706247502,-0.001388192803760957,0.0015587076487066018,-0.0018717998328086037
0.0012778442864057257,0.006477302305200064,-0.001333708376061768,-0.0022064013562221856,-0.0012493735232974867,0.0014028368842262037,-0.0016846198496226397
0.0011500598577281508,0.005829572074677963,-0.0012003375384935788,-0.001985761220598903,-0.0011244361708872275,0.0012625531961579575,-0.0015161578647467921
0.0010350538719183112,0.005246614867208094,-0.0010803037846790625,-0.001787185098535815,-0.0010119925537259156,0.001136297876857248,-0.001364542078346874
0.0009315484846974236,0.0047219533804852,-0.000972273406242799,-0.0016084665886779703,-0.0009107932982908296,0.0010226680894569462,-0.0012280878705773959
0.0008383936361991348,0.0042497580424362,-0.0008750460656437725,-0.00144761992980591,-0.0008197139684051336,0.0009204012807675355,-0.0011052790835838332
0.0007545542725511927,0.00382478223819048,-0.0007875414591052288,-0.0013028579368210558,-0.0007377425715143215,0.0008283611529200513,-0.000994751175276861
0.0006790988452723048,0.0034423040143704148,-0.0007087873132188977,-0.0011725721431368186,-0.0006639683143157826,0.0007455250378386735,-0.0008952760577963636
0.0006111889607250103,0.0030980736129318093,-0.0006379085819175068,-0.0010553149288199393,-0.0005975714828429235,0.0006709725342400469,-0.0008057484520639178
0.0005500700646340444,0.0027882662516344053,-0.0005741177237452294,-0.0009497834359422086,-0.0005378143345189657,0.000603875280986356,-0.0007251736068972676
0.0004950630581526984,0.0025094396264683377,-0.0005167059513853378,-0.000854805092352251,-0.0004840329010337707,0.0005434877530405627,-0.000652656246240918
0.00044555675232002025,0.002258495663822621,-0.0004650353562641457,-0.0007693245831212892,-0.00043562961090132246,0.000489138977873331,-0.0005873906216459293
0.0004010010770716648,0.0020326460974393196,-0.0004185318206523514,-0.0006923921248080962,-0.0003920666497842784,0.0004402250802111943,-0.0005286515595062189
0.00036090096935027446,0.0018293814876916975,-0.00037667863859754125,-0.0006231529123219559,-0.0003528599847831826,0.0003962025722993173,-0.0004757864035783259
0.00032481087240155554,0.0016464433389225541,-0.0003390107747508614,-0.0005608376210908261,-0.00031757398628007305,0.0003565823151695721,-0.0004282077632464399
0.000292329785153032,0.0014817990050271512,-0.00030510969728457515,-0.0005047538589870726,-0.0002858165876341856,0.00032092408374005676,-0.00038538698694559614
0.00026309680662616255,0.001333619104521816,-0.0002745987275638573,-0.0004542784730894329,-0.00025723492885340593,0.00028883167544759003,-0.00034684828826845975
0.00023678712595463607,0.001200257194067536,-0.0002471388548173775,-0.00040885062578155384,-0.00023151143594909995,0.000259948507977531,-0.00031216345946329625
0.00021310841335134105,0.0010802314746608116,-0.0002224249693423136,-0.00036796556320339846,-0.00020836029234003184,0.0002339536572431994,-0.00028094711353333045
0.00019179757200782702,0.0009722083271931636,-0.00020018247241633536,-0.00033116900688412443,-0.0001875242630939855,0.00021055829157757416,-0.0002528524021899476
0.0001726178148008066,0.0008749874944749686,-0.0001801642251808705,-0.000298052106195712,-0.00016877183677146967,0.0001895024624704797,-0.00022756716198626264
0.0001553560333139494,0.0007874887450285556,-0.00016214780266679552,-0.0002682468955761425,-0.00015189465308335093,0.0001705522162714565,-0.0002048104457954697
0.00013982042997737892,0.0007087398705241527,-0.00014593302240625827,-0.00024142220601319764,-0.00013670518776676133,0.0001534969946848999,-0.00018432940122270654
0.0001258383869776631,0.000637865883471242,-0.000131339720169113,-0.00021727998541720694,-0.00012303466898230808,0.0001381472952548743,-0.00016589646110826486
0.00011325454827738543,0.0005740792951236251,-0.0001182057481562554,-0.00019555198688081532,-0.00011073120207844012,0.0001243325657640862,-0.00014930681500101642
0.00010192909344393375,0.0005166713656091504,-0.00010638517334195241,-0.0001759967881937996,-9.96580818638515e-05,0.0001118993092165399,-0.00013437613350662445
9.17361840975621e-05,0.00046500422905039474,-9.574665600857457e-05,-0.00015839710937015639,-8.969227367344734e-05,0.0001007093783216284,-0.00012093852016593389
8.256256568581893e-05,0.0004185038061459423,-8.617199041226209e-05,-0.00014255739842994157,-8.07230463015507e-05,9.063844051406672e-05,-0.00010884466815077633
7.430630911419052e-05,0.00037665342552872794,-7.755479137505628e-05,-0.0001283016585880148,-7.265074166359908e-05,8.157459648299586e-05,-9.796020134567214e-05
6.687567820132245e-05,0.00033898808297695704,-6.979931223839719e-05,-0.00011547149273027739,-6.538566748998109e-05,7.341713685718454e-05,-8.816418121683316e-05
6.0188110377079954e-05,0.00030508927467769176,-6.281938101536377e-05,-0.0001039243434561854,-5.884710073644772e-05,6.607542319075899e-05,-7.934776309764802e-05
5.416929933631763e-05,0.0002745803472078423,-5.6537442916795855e-05,-9.353190910843523e-05,-5.296239065871733e-05,5.9467880886149294e-05,-7.141298678827249e-05
4.875236940071054e-05,0.0002471223124870803,-5.0883698624312745e-05,-8.417871819332845e-05,-4.766615159201848e-05,5.352109281520079e-05,-6.427168811408944e-05
4.3877132459719734e-05,0.00022241008123895234,-4.579532876164416e-05,-7.576084637506142e-05,-4.289953642772071e-05,4.8168983544941146e-05,-5.784451930411494e-05
3.9489419214968485e-05,0.0002001690731156247,-4.1215795887353246e-05,-6.818476174075272e-05,-3.860958278462112e-05,4.3352085204902135e-05,-5.206006738155307e-05
3.55404772936236e-05,0.000180152165805178,-3.709421629891074e-05,-6.136628556774326e-05,-3.474862450372762e-05,3.901687669308901e-05,-4.685406064377194e-05
3.198642956440262e-05,0.00016213694922256883,-3.3384794671464935e-05,-5.522965700777149e-05,-3.127376205039334e-05,3.5115189031369176e-05,-4.216865457764944e-05
2.8787786607583493e-05,0.0001459232543024741,-3.004631520618639e-05,-4.9706691306994344e-05,-2.8146385844973754e-05,3.160367013520238e-05,-3.795178912027394e-05
2.5909007945908863e-05,0.00013133092887439302,-2.7041683687459295e-05,-4.473602217203165e-05,-2.5331747257023585e-05,2.844330312982979e-05,-3.415661020969574e-05
2.3318107149870176e-05,0.00011819783598912559,-2.4337515321687375e-05,-4.026241995802593e-05,-2.2798572529403316e-05,2.559897282434359e-05,-3.0740949188033315e-05
2.098629643662933e-05,0.00010637805238918052,-2.190376379136716e-05,-3.623617796222507e-05,-2.0518715275613664e-05,2.3039075550020105e-05,-2.766685426961249e-05
1.8887666792579902e-05,9.574024714978369e-05,-1.9713387410399963e-05,-3.261256016173775e-05,-1.8466843748260464e-05,2.0735168000454718e-05,-2.4900168840904374e-05
1.699890011294669e-05,8.616622243536043e-05,-1.77420486707075e-05,-2.935130414982723e-05,-1.662015937367589e-05,1.8661651207362018e-05,-2.2410151956114843e-05
1.5299010102325095e-05,7.754960019291934e-05,-1.596784380288041e-05,-2.6416173739107762e-05,-1.495814343438484e-05,1.6795486091042422e-05,-2.0169136765151724e-05
1.376910909064305e-05,6.97946401747307e-05,-1.4371059423937127e-05,-2.377455636093373e-05,-1.3462329091690206e-05,1.5115937488464903e-05,-1.8152223090091985e-05
1.239219817960116e-05,6.281517615464027e-05,-1.293395348075932e-05,-2.13971007205771e-05,-1.2116096179015656e-05,1.3604343740758473e-05,-1.6337000782512892e-05
1.1152978359126736e-05,5.65336585391929e-05,-1.1640558132963719e-05,-1.925739064745531e-05,-1.0904486560270321e-05,1.2243909370976414e-05,-1.4703300706787187e-05
1.0037680520699754e-05,5.08802926837415e-05,-1.0476502321568604e-05,-1.7331651580578325e-05,-9.814037905536699e-06,1.1019518438779019e-05,-1.3232970641811892e-05
9.033912470379074e-06,4.5792263416458145e-05,-9.428852088641526e-06,-1.559848641718986e-05,-8.83263411466384e-06,9.917566599820793e-06,-1.1909673575888693e-05
8.130521225620246e-06,4.121303707430024e-05,-8.485966878996054e-06,-1.4038637772273432e-05,-7.949370705029324e-06,8.92580994157205e-06,-1.0718706219737043e-05
7.317469103736499e-06,3.709173336532978e-05,-7.637370192964399e-06,-1.2634773995046089e-05,-7.154433633665969e-06,8.03322894804559e-06,-9.646835596018033e-06
6.585722195114399e-06,3.3382560028827335e-05,-6.873633172907456e-06,-1.1371296597673108e-05,-6.4389902699746315e-06,7.2299060538266735e-06,-8.682152042128327e-06
5.927149974155679e-06,3.004430402653302e-05,-6.1862698548520445e-06,-1.0234166932576727e-05,-5.795091244820139e-06,6.506915449629169e-06,-7.81393683617175e-06
-7.632774856084114,-2.126014298921346,-1.6591470332922662,11.096231412459053,0.28301007747886153,0.1115613901860677,-6.636979586976989
0.7632828198129316,0.21262846976902994,0.16590913532570228,-0.5715469815987291,-0.02830622329078014,-0.011150278027582616,0.6636909257717134
0.577557659456682,0.16761428553574204,0.10996835471290314,-0.8481339111591879,-0.028791933593401653,-0.004379851331622206,0.5013973530195803
0.4099949709388624,0.12661725810057667,0.06029930129183303,-0.5581773840191528,-0.02868365128363634,0.001574058602160748,0.3550336865343948
0.2589194427861679,0.08933991496381563,0.016051226944773497,-0.2966727218392258,-0.028264341234510992,0.006782437203578434,0.2230995275666344
0.12267946585327519,0.05541441381169557,-0.023320820226214026,-0.06076810066591776,-0.027570093746564828,0.011321852100392209,0.10414843395559271
-0.00021167527125581787,0.024510161019035304,-0.05830789944567917,0.15210361312269424,-0.026634223621832542,0.015260887128995475,-0.0031217899099969387
-0.11109217448630272,-0.003670510123474302,-0.08935185197348094,0.34425300540442905,-0.025486550580767875,0.0186612290821873,-0.09988315297714973
-0.21116655362573528,-0.02939562540620276,-0.11685022511070735,0.5177597704635915,-0.02415375205210213,0.0215783551510369,-0.18719050227216183
-0.3015190296368445,-0.05290653048032304,-0.14116070403840877,0.6744958033168267,-0.022659681643961788,0.02406215523483856,-0.26599324162865157
-0.3831255446884476,-0.07442055532206927,-0.16260510068570527,0.8161459819479653,-0.02102565970398848,0.02615749373402443,-0.33714587473972946
-0.45686459512417127,-0.09413341360961164,-0.18147294253742705,0.9442268747480255,-0.019270721657516615,0.027904709517351252,-0.40141750600624004
-0.5270727574362919,-0.11358554690066706,-0.1997113079046387,1.0576448105438958,0.010214272307815811,0.044662963462840564,-0.44697216987872596
-0.5909545183599685,-0.132794444672199,-0.20927740436716524,1.158216932557852,0.029149324171341667,0.10427986730172853,-0.49468617055466185
-0.6460530519604786,-0.14854220118470585,-0.22109469459301606,1.2524821504011077,0.03494545469071039,0.11088001915707671,-0.5346977193130997
-0.6949585287824734,-0.16247849775148393,-0.23184935386109956,1.3388567786538954,0.034518939293430334,0.10686070684694948,-0.5752603956196345
-0.7403775629394207,-0.17537851193926635,-0.2424766604406502,1.4169918204995646,0.04055841577306227,0.1107583821432615,-0.6105948410488977
-0.7799550050790723,-0.18733213806700355,-0.249691785633522,1.4881330603920853,0.040116858740683214,0.09711321251290318,-0.6248774682781147
-0.815417635373704,-0.19845947289496485,-0.2546524768800481,1.5527739057696976,0.03699082336236187,0.08570480939139764,-0.6369362355068852
-0.8482626323419657,-0.20802301700014636,-0.26299607290110116,1.6126494154490545,0.03882708597917689,0.06615423828378601,-0.658434224798134
-0.8767590008211026,-0.21735268458274104,-0.2654439776949927,1.6665383202766675,0.03133438355881038,0.05736374977956615,-0.6743899395793457
-0.9034122609948874,-0.225598804393022,-0.27092140055566016,1.716807687135244,0.028716707897724097,0.03632637513557313,-0.6953669674817216
-0.9287550072646562,-0.2328866252872946,-0.2785838913182019,1.7634458564353708,0.030089679582949835,0.018875546966839185,-0.7242364253090358
-0.9506716307607507,-0.24015128400875874,-0.28089241412329596,1.8054994842448062,0.022924875349428303,0.011778689367307249,-0.7594226277547244
-0.9710668123586126,-0.24697725139996093,-0.28309952337609856,1.8441824521280146,0.01743143350815471,0.006706384956480224,-0.7979946673085846
-0.9894725524010496,-0.252920093271524,-0.28532334947288895,1.8797404216910323,0.008211597991065023,0.02621302658934411,-0.8791880957709042
-1.0068695814041324,-0.25919051139239135,-0.28648652906318045,1.9127138818374392,0.0022491168458204924,0.02118296043575725,-0.9164911585254658
-1.0241264805670105,-0.26530215750233843,-0.2880340046470585,1.9418720109466043,0.010993276531637244,0.02883273356218334,-0.928204320423613
-1.039255235281908,-0.27140622164685235,-0.2868118851225878,1.9689050077813843,0.011848119826362413,0.029002748948971306,-0.9388327216776746
-1.0614592904963769,-0.2826678625849315,-0.2794536826512586,1.9829058710989815,0.07614003092087286,0.06867019901371635,-1.0770251786600695
-1.0778524433615642,-0.28969947941225843,-0.2718145183462962,2.0020350243634972,0.07318893209546018,0.1754382195677769,-1.1632486549181327
-1.0897627623052049,-0.29478510359582316,-0.267608673946445,2.0238520166640934,0.06420280197312025,0.20655117523617306,-1.1437943590567916
-1.0977427949738028,-0.2994793112254409,-0.26184209835768457,2.0468513886009805,0.04196668021218769,0.1572784671343327,-1.1239157469933312
-1.1056544282759675,-0.3025596516927663,-0.26170780627442825,2.0669119284139947,0.04761019114486574,0.15080420104045966,-1.1643446124200667
-1.1126721750304365,-0.3063901722619221,-0.25785854597261826,2.090333533825821,0.012532568511269604,0.0920723829026279,-1.1678557133390028
-1.122297056622773,-0.30897709008291474,-0.2614721074464683,2.1081758359225056,0.0305697346474174,0.10779391160948479,-1.0857545821946406
-1.1296927290248688,-0.3118980195364838,-0.2617040137955878,2.1287641175887186,0.014452745535215333,0.060830326907688054,-1.0721140334892512
-1.1480344733978425,-0.3253507213094956,-0.24786031496017985,2.132577791270176,0.13551169155119058,0.03656891979651525,-1.0119522842118553
-1.1557878524335512,-0.33082343481562615,-0.2407019921847225,2.147423551888382,0.1398016003194642,0.029219994582924264,-0.9683118694680861
-1.1624894882005214,-0.3331136041340784,-0.24051884200998686,2.164683726331483,0.12837455925825095,0.010669943656475445,-0.9297272124700309
-1.1709158042439205,-0.33660025359458867,-0.24063883512224835,2.1788866786460446,0.13300613469384323,0.03469116760341909,-0.8940971877346915
-1.1757263015522195,-0.33993454131142664,-0.23618906917321916,2.1940691496037235,0.1163886011548414,0.021442038965384394,-0.944692488676684
-1.182370804188635,-0.3430675169630562,-0.23557154777091924,2.208398724459896,0.11665942823899626,0.0010722854959857586,-0.8946038937276654
-1.189917286372444,-0.3443453903927681,-0.23980913673612878,2.223961991624695,0.10468548428844104,0.06691679229434022,-1.1133164126194135
-1.1941632525733945,-0.3451909443159812,-0.2435904290241942,2.2398622009935822,0.08659970866519126,0.028215888776707262,-1.1485074400943045
-1.1991657978593522,-0.34744062414610627,-0.24636486860436774,2.2539086054871893,0.09204559829198632,-0.054797650378305474,-1.071235660560647
-1.2020904116560696,-0.3496765299279468,-0.24612084823682773,2.2675062788713944,0.0919432026425471,-0.15733672614964628,-1.0059452392540704
-1.2065215053666374,-0.35252169514652426,-0.24408424170781,2.2806526881159743,0.07699254540714881,-0.16328174348881153,-1.0402203554239546
-1.214336653056626,-0.35140209334591155,-0.25004179909910923,2.2926519889678882,0.09478564904868123,-0.11952686567215545,-1.0971838464254138
-1.2179154722430734,-0.35562121657050566,-0.2392728560584658,2.3061962291583322,0.050631024293130794,-0.1422505680212291,-0.9786761033262863
-1.22346371106969,-0.3573858184994624,-0.2367684100497083,2.3180149056132184,0.04965351598580178,-0.13281598777336287,-0.9426515519629673
-1.2297618360410092,-0.36148239878364735,-0.22702577232264448,2.332057169182019,0.010058854270814682,-0.10982456984894345,-0.911600236038293
-1.2359496818625506,-0.3638205421890349,-0.22328625802926697,2.3434382439898656,0.00576794772554759,-0.07829644664984939,-0.949547750568375
-1.2422327775155826,-0.3669476526124577,-0.2191014178676063,2.3537818540733553,0.01802437848229553,-0.08216649731901077,-0.9435467770750195
-1.2475416291578019,-0.36874619804133524,-0.21715793329426086,2.3626886021023923,0.04526478972015366,-0.060530400500477796,-0.9729610337132758
-1.2512571777217274,-0.37374713980933905,-0.20832172761919832,2.372136728481807,0.05817033117480856,-0.10701590125433094,-0.9438049799748359
-1.2564320753421825,-0.3770088485206078,-0.20512960475545167,2.380756036628962,0.08218172566375681,-0.10899398391691278,-0.9893332248061933
-1.268068551377603,-0.38011494227294446,-0.20116347735729304,2.394080345521326,0.06191608341840288,0.0005242086365227216,-1.0993408926034605
-1.2782659627978854,-0.38162968353794396,-0.20404413121440823,2.399672432355007,0.10885938588009932,0.03229772623106784,-0.9531354752534587
-1.2866468049499855,-0.39012219771787293,-0.1865722488844569,2.412302902270182,0.1052315473683028,-0.054947564249902686,-0.8545136344757347
-1.2989056116101465,-0.395177570639476,-0.17962318566560528,2.423401947351473,0.11755994132859818,0.0022918175678666546,-0.8983793463636055
-1.295925652810829,-0.39112903196386517,-0.18335064869276618,2.4445221103323496,0.04145933975097729,-0.027706669438814793,-1.029230722294479
-1.3331634345575898,-0.4109331830117992,-0.13966693801662666,2.457450489466787,0.04481343398345447,0.2142744324246127,-0.9911401132864945
-1.339854768824647,-0.4081553503359241,-0.14878301653633783,2.4635531852553707,0.1285617308759356,0.32715630128103557,-1.1146491327260295
-1.3457908403312944,-0.4026685228621808,-0.17181398736963527,2.4873598620189976,0.1018427573106869,0.34904154841360635,-1.2119176868709318
-1.2103429697027779,-0.36092205904101327,-0.16010323779680702,2.242445692594545,0.07106445796149377,0.31750161731570886,-1.1214011113773197
-1.0835015211112289,-0.3185029483290297,-0.15747637609923593,2.024071218458299,0.015130985156664861,0.26252918962588434,-1.1005006560249353
-0.9892692525044406,-0.289869340481926,-0.15219725023201883,1.8213998692324314,0.05909329536912583,0.3532160561977084,-0.9120802020266643
-0.8878708469862815,-0.26191615798482437,-0.12770800881578018,1.6387995686876657,0.045094478267008964,0.2774311642669583,-0.8003404726526977
-0.7939586847883375,-0.24044881459103712,-0.08873862670449058,1.4661324149293766,0.047506107136166,0.17565141433104609,-0.4968264591287921
-0.7111931338152325,-0.21643423193390687,-0.07881143520737895,1.3178584709442007,0.045238998525830854,0.1018678783941105,-0.38101018166094913
-0.6434135906059666,-0.1920208232145692,-0.073678297290047,1.1902732351074636,0.037250351213907754,0.1923116362592581,-0.4335286247774994
-0.5846576508429969,-0.178415767907121,-0.05923065641517586,1.070445737299302,0.040185353659378545,0.182610037100993,-0.38852133739343625
-0.520634903057687,-0.16154082350110546,-0.04286788640280769,0.9535796378694656,0.08136143026538495,0.1263739099689475,-0.05990604471371924
-0.4617390481912533,-0.13960681139146536,-0.04379514409574162,0.8687819948087473,-0.008002638495575254,0.07578126038984004,-0.36549818361200326
-0.4150722152218306,-0.1251627521239711,-0.034345048246557146,0.7797401727749207,0.020224912060600148,0.07780378336925146,-0.224716574589694
-0.3639837774405196,-0.11010006309529557,-0.03947254599694785,0.7012993856700873,-0.006278336144385832,-0.08987195437328244,-0.20902130816055486
-0.3276184241638521,-0.1023307815642779,-0.02711325273334381,0.6258062143716456,0.019064431330113513,-0.07847083503779059,0.0007570555868605389
-0.2888902299946897,-0.09163708305507116,-0.014903942469403918,0.5636332572011319,0.0011194109687181486,-0.11198837214984782,0.009324039123692923
-0.2557608274377303,-0.07445576439394225,-0.0419591035761365,0.5130242633698063,-0.0179114812294653,-0.14450554022731904,-0.14321737102814994
-0.2308093890080697,-0.0673022101729405,-0.03500921599308118,0.46198294568488046,-0.016993016978488568,-0.11236613325001933,-0.11765136287669031
-0.20666380153185665,-0.06046297957857638,-0.032633079316989416,0.415641555281806,-0.014894836994243377,-0.1306096496723282,-0.12361817639965995
-0.18312481809168513,-0.05837639459362756,-0.011684096234077738,0.37051816899207124,-0.01290460416057776,-0.16451397953968616,-0.05306444629967258
-0.16271124921532398,-0.051623044815450075,-0.011651090320285912,0.3344428602065902,-0.018525138228580276,-0.1581499125688931,-0.049824454235476594
-0.14294549883103036,-0.04486774487270402,-0.01623736589328554,0.30101940764731167,-0.023203358838270807,-0.19291168371301404,-0.08201027034385512
-0.12720562756842363,-0.039562993957833234,-0.017033922930634427,0.27138494496300253,-0.024565580126485423,-0.18677011748488703,-0.08587926862523271
-0.11361146840953233,-0.03495327198697275,-0.017339997103947548,0.2446916808113892,-0.024803909973356394,-0.1741706495605598,-0.08593026396768012
-0.10172675765757346,-0.030215209224416714,-0.021336660566352087,0.2202151257819128,-0.022109304414992204,-0.16641881196484265,-0.08683142204982819
-0.08996760280672213,-0.027354044045178508,-0.01982257408863588,0.19752966226650648,-0.016761298754691137,-0.18802053263015833,-0.10432574417533039
-0.08115567983799231,-0.024191364865217765,-0.01807329577610766,0.17856939136774097,-0.018620614770887972,-0.15440854677047414,-0.09484556985973158
-0.07287722197729461,-0.021579119451504425,-0.018085949008197648,0.16049133360331297,-0.014162202849692607,-0.14933922705715247,-0.09573328764817787
-0.06583283603373725,-0.01934514837552377,-0.016677707697066477,0.14461461727783745,-0.012770869575052038,-0.13145020814071326,-0.08984137744720072
-0.05957107556770472,-0.017400789145400067,-0.015140402305838005,0.1301847617155289,-0.01096783550476213,-0.11531074800612368,-0.08378140529102504
-0.05403449728364039,-0.01577745386362754,-0.013365561120798196,0.11724621427107651,-0.009314109182187627,-0.099449815367986,-0.07459269674056496
-0.049045740553627135,-0.014343202101669658,-0.011605792564820609,0.10547729052724478,-0.007459985439710992,-0.08574020317307321,-0.06585584388107908
-0.0445444514030355,-0.013082876781959074,-0.009883173690043809,0.0948413214676188,-0.005672186598472476,-0.07358839219285651,-0.05692577188316342
-0.040462187091441615,-0.011959379850693189,-0.008266918523068751,0.08524349308668738,-0.004034232119354678,-0.06295448304733,-0.04824646086405601
-0.036745142025197366,-0.010943955044536505,-0.006804753343380076,0.07659539308839394,-0.0026003162004837738,-0.05375659597363442,-0.04016048642501328
-0.03335141294248433,-0.010015778782352644,-0.005522007223073062,0.06881320371824244,-0.0013957525304554158,-0.04588227422027716,-0.03288517078630799
-0.030248200885103535,-0.00916052157269888,-0.0044253965234442895,0.06181746087228917,-0.00042278915777106685,-0.039198949900099395,-0.02652306867769385
-0.027409605767994057,-0.008368798547755435,-0.003507960933226542,0.055533382255390444,0.00033365459079616466,-0.03356217152034599,-0.02108897174153197
-0.02498499203642464,-0.007433183580319386,-0.0036571438613561096,0.05008427764416893,0.000683458366022599,-0.024637470088880738,-0.02032325561970518
-0.022381738948713238,-0.006613461162143272,-0.0025746603211686363,0.04477375287757267,0.0019606037345646227,-0.01907198594246634,-0.00856894674276526
-0.01997259823393776,-0.006157300425049167,-0.001216237258509719,0.03995338413837417,0.0024961701184014196,-0.018828949713826038,0.0003770170721028761
-0.017793416885525784,-0.0055527032576137,-0.0008257054105833498,0.035823498821826665,0.0023928167197287825,-0.017967516296403918,0.003791327804641224
-0.015841112802028982,-0.004935502781427334,-0.0008041609776932267,0.03219316927690649,0.002078177587532773,-0.016891627562687583,0.004918988894983716
-0.014101530916961168,-0.004357114518465391,-0.0009063777512554969,0.028963099457754188,0.001717282916168919,-0.015757566671892438,0.005064796890129173
-0.013139456658956876,-0.003762301710455926,-0.0018737479044617662,0.026447756662825728,0.001609297458336753,-0.010220737103874264,-0.004328177304096596
-0.01181517341827567,-0.003433745062476637,-0.0014077650046964707,0.023722279670783462,0.0017545670490472925,-0.009174172637527553,-0.0018769470539532042
-0.010603035909459074,-0.0031119383170806897,-0.0011285363361967053,0.021302580614408113,0.0017219737010960995,-0.00844983361401809,-0.0005182897652297363
-0.009501720068391818,-0.002805717116040732,-0.0009665968860596962,0.01914659751192415,0.0015913057651706641,-0.007916055628579381,0.00015482936094514703
-0.008506793089140523,-0.0025197608489147955,-0.0008769005958712602,0.017220680972345238,0.0014122498110033244,-0.007485091156272092,0.00039901727338671875
-0.00761190271932477,-0.0022564151790032266,-0.0008289112401155315,0.015496654813804814,0.0012170415778503946,-0.007101762035538507,0.00038992487762190575
-0.006809642645098793,-0.002016411605193044,-0.0008025608246280038,0.013950703178781203,0.0010256694791656307,-0.006733661488755288,0.0002453275189509875
-0.006092156097494701,-0.0017994125382950615,-0.0007851291737129146,0.01256250158563859,0.0008496924810028339,-0.00636389188946334,4.230597780311893e-05
-0.005451549327310428,-0.0016044019620556488,-0.0007689676071403247,0.011314556316996321,0.0006949634953680311,-0.0059857640408698815,-0.00017049125804206747
-0.004880168644296888,-0.0014299591380429327,-0.0007498743300128029,0.010191700239101629,0.0005635577462361763,-0.005598971712766368,-0.0003641790372041348
-0.004370778864476082,-0.001274448553832505,-0.0007259425385457777,0.009180701623189826,0.00045513705332674015,-0.005206870121337491,-0.0005234767777702082
-0.003916669863588875,-0.0011361509840240175,-0.0006967439327439841,0.008269954442382054,0.0003679138748001187,-0.004814582411087419,-0.0006422861689630082
-0.0035117105121912472,-0.0010133530025974863,-0.0006627504112991199,0.007449228649873716,0.0002993277434952396,-0.004427728030830531,-0.0007204859929360401
-0.0031503644055730635,-0.0009044067142239959,-0.0006249272729381156,0.006709466103476773,0.0002465115536081086,-0.004051615766262923,-0.0007616039554809656
-0.0028276785114727506,-0.00080776774181536,-0.0005844521465826688,0.006042612442995407,0.00020660226363626577,-0.0036907788465992686,-0.0007711407152748394
-0.0025392534973586837,-0.0007220171369253375,-0.0005425274081457716,0.0054414780692723964,0.00017693595398750317,-0.003348755164186243,-0.0007553915235278305
-0.002281202628660845,-0.0006458714099243229,-0.0005002623474437418,0.004899623031264122,0.0001551576773044655,-0.003028036055307798,-0.0007206517235847198
-0.002050104582286596,-0.0005781839292017671,-0.0004586068750222355,0.004411261632485532,0.00013926996170435246,-0.0027301239233320854,-0.0006727170535490491
-0.0018429541848174079,-0.0005179402816572337,-0.00041832235909429125,0.0039711832230385005,0.00012763888382673338,-0.002455653330689554,-0.0006166057267302765
-0.0016571139454305034,-0.00046424967486143054,-0.00037997808741374074,0.003574686149873777,0.00011897259661183823,-0.002204542314404437,-0.0005564415598736491
-0.001490268302939123,-0.00041633402674205733,-0.0003439642593108527,0.0032175222853880157,0.00011228375838696902,-0.0019761507391179226,-0.0004954481379459824
-0.001340381742207776,-0.00037351600484065994,-0.00031051450510619083,0.002895849975918366,0.00010684435165676798,-0.0017694305800578791,-0.0004360139371226775
-0.0012056613478436226,-0.00033520693933399015,-0.00027973275005487366,0.0026061936480074217,0.00010213887971517732,-0.001583059270720548,-0.000379797502104253
-0.0010845239348633612,-0.00030089524524391786,-0.00025162078758865676,0.0023454086716448545,9.781988403521902e-05,-0.0014155518558739769,-0.00032784997125641564
-0.0009755676037821238,-0.0002701357521700115,-0.00022610419398124554,0.002110650395790545,9.366812100634891e-05,-0.001265350909136688,-0.0002807392341359215
-0.0008775473849305005,-0.00024254015475121127,-0.00020305520838852925,0.0018993465360567403,8.95585375468716e-05,-0.0011308952697844515,-0.00023866568161839876
-0.0007893545387063681,-0.0002177686597402695,-0.00018231193977734372,0.0017091723070114355,8.543233838552433e-05,-0.0010106698805051537,-0.00020156388630034982
-0.0007099990416662566,-0.00019552281045709385,-0.0001636937780305197,0.0015380278557538193,8.12748816965414e-05,-0.0009032395996008136,-0.00016918774373476638
-0.0006385947933345497,-0.0001755394084872186,-0.00014701322121206048,0.0013840176755203944,7.709881012013531e-05,-0.0008072700090288251,-0.00014117879675760493
-0.0005743471101845874,-0.00015758541844118623,-0.00013208452396946957,0.0012454317655413924,7.293166290191222e-05,-0.0007215381035849816,-0.00011711884911762478
-0.0005165421190640651,-0.00014145372715754223,-0.00011872966176197999,0.0011207283637447406,6.880717063341424e-05,-0.0006449354424792331,-9.656874841314916e-05
-0.00046453771478429957,-0.00012695962779277203,-0.00010678212367830515,0.0010085181190844124,6.4759466286618e-05,-0.0005764659610757519,-7.909555405934707e-05
-0.00041775579887367263,-0.00011393790702307616,-9.608901860637571e-05,0.0009075495956806963,6.0819523271402054e-05,-0.0005152402367828712,-6.429034226990344e-05
-0.000375675566082808,-0.00010224042615256113,-8.6511925481942e-05,0.0008166960166183998,5.701323006344905e-05,-0.00046046761688030985,-5.177875304213878e-05
-0.00033782764912293397,-9.173410178639485e-05,-7.792685229189751e-05,0.0007349431642848861,5.336061592606245e-05,-0.00041144727020984984,-4.12261330449609e-05
-0.00030378897024348553,-8.229920690225323e-05,-7.022359994318314e-05,0.0006613783593203727,4.9875842911981105e-05,-0.00036755892935413925,-3.2338834182782015e-05
-0.00027317817983928735,-7.382792748122924e-05,-6.330476249040082e-05,0.0005951804433269869,4.656767008703877e-05,-0.0003282538478001501,-2.4862928675709094e-05
-0.00024565158807859184,-6.622312275422759e-05,-5.708453745315034e-05,0.0005356106925481809,4.344017366346431e-05,-0.0002930463064526878,-1.8581321239345607e-05
-0.00022089951577651448,-5.939724825801407e-05,-5.148747086812337e-05,0.0004820045915163926,4.0493570598154616e-05,-0.00026150586074163984,-1.3309989155106216e-05
-0.00019864300861508876,-5.327140957525622e-05,-4.64472258317368e-05,0.00043376439930310415,3.7725043443515016e-05,-0.00023325039843364453,-8.893908482927827e-06
-0.00017863086528852176,-4.777452381699021e-05,-4.190541923921806e-05,0.0003903524386341811,3.512950602779785e-05,-0.00020794005112217268,-5.202943335906401e-06
-0.0001606369485499552,-4.2842568677842197e-05,-3.781057122078518e-05,0.00035128504971803504,3.2700271110047696e-05,-0.00018527188088904994,-2.128043148322701e-06
-0.00014445774608304795,-3.841790675712664e-05,-3.411716959797993e-05,0.000316127145034973,3.0429610510335214e-05,-0.00016497530466843408,4.2221503723262593e-07
-0.00012991015806993302,-3.444867411558916e-05,-3.078485613707167e-05,0.0002844873106326931,2.830920489084454e-05,-0.00014680816603391406,2.524641979370656e-06
-0.0001168294905099219,-3.088822521521428e-05,-2.7777727996339957e-05,0.00025601340144639634,2.6330491412415724e-05,-0.00013055337169420173,4.2440064842517566e-06
-0.00010506763605343424,-2.7694628142810318e-05,-2.5063744041957034e-05,0.00023038858239281604,2.4484921738690546e-05,-0.00011601601119837907,5.635183322951149e-06
-9.449142627192958e-05,-2.483020525279045e-05,-2.2614223791283042e-05,0.00020732777105248248,2.276414460147813e-05,-0.00010302088433707807,6.744918395680186e-06
-8.498114060757466e-05,-2.226111519423868e-05,-2.040342591787085e-05,0.0001865744414710907,2.1160127451208544e-05,-9.141036970332361e-05,7.6132609952719e-06
-7.642915862052409e-05,-1.9956972925117e-05,-1.8408193836189427e-05,0.00016789775249548625,1.9665230567719738e-05,-8.104257694520334e-05,8.274714431459043e-06
-6.873874305323357e-05,-1.789050467965181e-05,-1.660765696733131e-05,0.00015108996746708916,1.8272245466688375e-05,-7.17897344343077e-05,8.759154315815987e-06
-6.182294212315944e-05,-1.6037235156390883e-05,-1.498297758328361e-05,0.0001359641353654989,1.697440754575008e-05,-6.353677262602858e-05,9.092559551064595e-06
-5.5603600370417866e-05,-1.4375204362870875e-05,-1.351713480995248e-05,0.00012235200660074344,1.5765391042213417e-05,-5.618007054683516e-05,9.297594293136854e-06
-5.001046800166831e-05,-1.2884711720978492e-05,-1.2194738602745031e-05,0.00011010215927716172,1.4639292582843688e-05,-4.9626339822361754e-05,9.394074413030559e-06
-4.49803995670019e-05,-1.1548085184331924e-05,-1.1001868074530727e-05,9.907831438489209e-05,1.3590608068617116e-05,-4.379162515875945e-05,9.399344241587488e-06
-4.045663335970487e-05,-1.0349473178350443e-05,-9.925929501356998e-06,8.91578205252791e-05,1.2614206364808256e-05,-3.860040517947305e-05,9.328585574433523e-06
-3.638814379501457e-05,-9.274657422370103e-06,-8.95553052831892e-06,8.023029089940237e-05,1.1705302058323541e-05,-3.398478038894176e-05,9.195074538478508e-06
-3.2729059494420246e-05,-8.3108846155866e-06,-8.080367764652652e-06,7.219637701940881e-05,1.0859428989845599e-05,-2.9883737889854767e-05,9.010399553914961e-06
-2.9438140591200694e-05,-7.446715319214814e-06,-7.291125592284384e-06,6.496666528540626e-05,1.0072415331213724e-05,-2.624248449319133e-05,8.7846492264009e-06
-2.6478309282984558e-05,-6.671888319681463e-06,-6.579384721186812e-06,5.846068403829799e-05,9.340360743043119e-06,-2.3011841053625914e-05,8.526576613682928e-06
-2.381622818196363e-05,-5.97719896672233e-06,-5.937538976139023e-06,5.2606009847067786e-05,8.659615799072595e-06,-2.0147692623519176e-05,8.243745763953638e-06
-2.1421921720767186e-05,-5.3543901006869454e-06,-5.358719689057059e-06,4.7337463183420164e-05,8.026763537644088e-06,-1.7610488835653748e-05,7.942662165013941e-06
-1.926843604144364e-05,-4.796054266148486e-06,-4.836726604439193e-06,4.259638439571556e-05,7.438603086162843e-06,-1.5364790738880973e-05,7.628891419649659e-06
-1.7331533566031405e-05,-4.295546086691138e-06,-4.365964930863608e-06,3.832998202246002e-05,6.892135019087586e-06,-1.3378859684609612e-05,7.307165997448226e-06
-1.5589418574156553e-05,-3.846903721571593e-06,-3.941387815830158e-06,3.4490746154469676e-05,6.384548322038719e-06,-1.1624285101478893e-05,6.98148286626594e-06
-1.4022490701394701e-05,-3.4447784714175533e-06,-3.5584440245244736e-06,3.103592040220801e-05,5.913208600161202e-06,-1.0075647470859928e-05,6.655191178943061e-06
-1.2613123416342978e-05,-3.084371667766428e-06,-3.213030191729499e-06,2.7927026575929464e-05,5.475647391672833e-06,-8.710213916497678e-06,6.331072305094032e-06
-1.1345464955320617e-05,-2.7613781262147974e-06,-2.901447461282902e-06,2.512943684292862e-05,5.069552388284326e-06,-7.507663218081495e-06,6.011411683901915e-06
-1.020525940281184e-05,-2.4719354174418395e-06,-2.6203620806034e-06,2.261198862555519e-05,4.692758369284622e-06,-6.449837900872335e-06,5.6980634699672905e-06
-9.179685866592471e-06,-2.2125783743498495e-06,-2.3667696598048127e-06,2.034663797829961e-05,4.3432387519387605e-06,-5.52052083839516e-06,5.392508383975981e-06
-8.25721390711534e-06,-1.9801983050793392e-06,-2.137962810433089e-06,1.830814759854263e-05,4.019097671101313e-06,-4.705234124290081e-06,5.095905312759862e-06
-7.427473547414777e-06,-1.7720064036108596e-06,-1.931501878379288e-06,1.6473806037805433e-05,3.7185624549712637e-06,-3.991058186145202e-06,4.809137036616688e-06
-6.681138400215034e-06,-1.5855009032894607e-06,-1.7451884685472374e-06,1.4823174959356644e-05,3.4399765592718623e-06,-3.3664691941118208e-06,4.532850776196038e-06
-6.0098205973938175e-06,-1.4184376148362876e-06,-1.5770415778531416e-06,1.3337861707207743e-05,3.181792772477543e-06,-2.821192960432428e-06,4.267493662385782e-06
-5.405976288233843e-06,-1.2688034961294559e-06,-1.4252760433160205e-06,1.200131458585843e-05,2.9425667885524254e-06,-2.3460737293423684e-06,4.013343904388125e-06
-4.862820652800932e-06,-1.134792924850636e-06,-1.2882830961579578e-06,1.0798638627608492e-05,2.720951071191746e-06,-1.93295654604686e-06,3.7705382839323467e-06
-4.374251517493596e-06,-1.0147863981624372e-06,-1.1646128974911185e-06,9.716429821633038e-06,2.5156889910948887e-06,-1.5745815068329838e-06,3.539095525160584e-06
-3.9347806096868415e-06,-9.073314106156083e-07,-1.0529587242090466e-06,8.742625868474185e-06,2.3256092859386124e-06,-1.2644891159152571e-06,3.3189371818522894e-06
-3.539471776806309e-06,-8.111253104736704e-07,-9.521428007766564e-07,7.866371931498223e-06,2.14962073340208e-06,-9.969352810224041e-07,3.109905191782587e-06
-3.183885407107793e-06,-7.249999073866142e-07,-8.611035099918146e-07,7.077899773829527e-06,1.9867071416879156e-06,-7.668151584816485e-07,2.9117773060489266e-06
-2.8640284452470174e-06,-6.479076294085839e-07,-7.788838711827312e-07,6.368419015041066e-06,1.835922573217852e-06,-5.695949050893434e-07,2.724280148808946e-06
-2.576309465572319e-06,-5.789091347407904e-07,-7.046211768970551e-07,5.7300192582293574e-06,1.6963868218061728e-06,-4.012505266173805e-07,2.5471005241468284e-06
-2.3174982298913155e-06,-5.171621782207314e-07,-6.375376796555199e-07,5.155582029809508e-06,1.5672811579242607e-06,-2.582130417261297e-07,2.37989496608968e-06
-2.0846893497585527e-06,-4.619116135140544e-07,-5.769321498368812e-07,4.638701494814879e-06,1.4478443006310515e-06,-1.3731946545136875e-07,2.222297954906265e-06
-1.8752696041338633e-06,-4.124804195704268e-07,-5.221723499305303e-07,4.173613158565265e-06,1.337368606080247e-06,-3.5768806083691373e-08,2.073928725556209e-06
-1.6868885186088235e-06,-3.6826167690295897e-07,-4.7268818792814415e-07,3.7551296492299713e-06,1.2351965130025233e-06,4.891722205774274e-08,1.9343971483616e-06
-1.5174319488394684e-06,-3.287113157501853e-07,-4.2796558609274615e-07,3.3785829632905495e-06,1.1407171653099457e-06,1.189294117215356e-07,1.803308526454367e-06
-1.364998293467215e-06,-2.933416635153563e-07,-3.8754096219791034e-07,3.0397724871088216e-06,1.0533632667925064e-06,1.7620261665018955e-07,1.6802676146324916e-06
-1.2278771178799754e-06,-2.6171560674193017e-07,-3.509962395956828e-07,2.7349182026084606e-06,9.72608115615281e-07,2.2244387031661317e-07,1.5648820050049618e-06
-1.1045299249399024e-06,-2.3344139382652784e-07,-3.179543547286029e-07,2.4606185893873145e-06,8.979628275951335e-07,2.591575973404092e-07,1.4567648739245535e-06
-9.93572853214865e-07,-2.0816794571443253e-07,-2.8807520967462363e-07,2.213812739893656e-06,8.289737435385192e-07,2.876681081329102e-07,1.3555371198995317e-06
-8.937611303415534e-07,-1.8558064870943802e-07,-2.6105203990677006e-07,1.991746257857391e-06,7.652199826430062e-07,3.0913975345575606e-07,1.2608291338543458e-06
-8.039750862753534e-07,-1.6539759886691208e-07,-2.3660811528623815e-07,1.7919405839207647e-06,7.063111788774279e-07,3.245948394028919e-07,1.1722822581679239e-06
-7.232075721753765e-07,-1.473662205320192e-07,-2.1449379756892373e-07,1.6121653686161641e-06,6.518853455789175e-07,3.349297281948771e-07,1.089549648975439e-06
-6.50552643330013e-07,-1.3126023101772688e-07,-1.9448385371080568e-07,1.4504136299602066e-06,6.016068917896744e-07,3.4092909079186384e-07,1.0122972346602753e-06
-5.851953920710078e-07,-1.1687691905959419e-07,-1.7637506784240475e-07,1.3048793981555729e-06,5.551647589280284e-07,3.4327869483791185e-07,9.402041518935794e-07
-5.264027823337868e-07,-1.0403470784847713e-07,-1.5998406419429068e-07,1.1739375852595768e-06,5.122706885352102e-07,3.4257678883931053e-07,8.729630538121137e-07
-4.7351544101926005e-07,-9.257096442172319e-08,-1.4514536149715096e-07,1.0561258691373088e-06,4.726576196961707e-07,3.3934423202680586e-07,8.102803350516817e-07
-4.259402222573337e-07,-8.234004086893343e-08,-1.317096119130695e-07,9.501284034749147e-07,4.3607816914426056e-07,3.340335051546517e-07,7.518761197960761e-07
-3.8314358462602713e-07,-7.321151035410978e-08,-1.1954200608912946e-07,8.547611468068261e-07,4.0230321358969423e-07,3.270367698662846e-07,6.974841486473036e-07
-3.4464558023705044e-07,-6.506859159816081e-08,-1.0852086557329443e-07,7.689586699576034e-07,3.71120601763697e-07,3.18693020265326e-07,6.468515984985133e-07
-3.100144725476199e-07,-5.78067283762973e-08,-9.853633790510297e-08,6.917622822032177e-07,3.423339228758593e-07,3.092944193955338e-07,5.997388371845741e-07
-2.788618944575376e-07,-5.1332325085029495e-08,-8.948923077220505e-08,6.223093258587997e-07,3.157613787524438e-07,2.990919188566865e-07,5.559191172343179e-07
-2.508384857112349e-07,-4.556159885482636e-08,-8.128998296198786e-08,5.598235735433665e-07,2.912347166900142e-07,2.883003309278598e-07,5.151781174721377e-07
-2.2562997854108646e-07,-4.041957266109897e-08,-7.385770761300647e-08,5.03606579074084e-07,2.685982508215945e-07,2.771027217129962e-07,4.773136041903887e-07
-2.0295367241960835e-07,-3.583914484628359e-08,-6.711934353101356e-08,4.530298595741e-07,2.477079421858708e-07,2.65654369287216e-07,4.421349647533695e-07
-1.825552571853295e-07,-3.176028037787937e-08,-6.10089060486263e-08,4.075279212735483e-07,2.2843055819121716e-07,2.540862605385219e-07,4.0946274030770335e-07
-1.642059614210753e-07,-2.8129261420151153e-08,-5.546676688263086e-08,3.665919318558697e-07,2.1064286717664693e-07,2.425081683521402e-07,3.791281922935902e-07
-1.4769999205068926e-07,-2.4898046291355058e-08,-5.043906005711141e-08,3.297640502678001e-07,1.9423091437986706e-07,2.3101140281950316e-07,3.509727368788745e-07
-1.3285222956720827e-07,-2.2023664864034842e-08,-4.587710441573967e-08,2.9663231469745366e-07,1.7908933643007163e-07,2.1967120789057049e-07,3.248475862247359e-07
-1.1949613419040203e-07,-1.9467690931529447e-08,-4.173689454288476e-08,2.668260520206911e-07,1.6512073126861981e-07,2.0854888175408925e-07,3.0061321790197416e-07
-1.074818985011966e-07,-1.7195763951649568e-08,-3.7978664125040695e-08,2.4001174520060786e-07,1.522350543403661e-07,1.9769370636357753e-07,2.7813884218735353e-07
-9.667475554505159e-08,-1.51771706868864e-08,-3.456644727395375e-08,2.1588929446578198e-07,1.4034908858706618e-07,1.871445255152704e-07,2.5730210464721456e-07
-8.6953474059525e-08,-1.3384450242570622e-08,-3.1467739632778935e-08,1.9418869286885743e-07,1.2938593510480878e-07,1.7693126928841618e-07,2.379884330947499e-07
-7.820899752559313e-08,-1.1793076987176576e-08,-2.865312970917744e-08,1.7466698930268532e-07,1.1927452825410967e-07,1.6707620871525553e-07,2.2009079761497238e-07
-7.034321694836948e-08,-1.0381125598035723e-08,-2.60960201330096e-08,1.5710559840911853e-07,1.0994922275409102e-07,1.5759506159090941e-07,2.0350916748546142e-07
-6.32678817174756e-08,-9.129012046305007e-09,-2.3772351998366248e-08,1.4130784577182087e-07,1.013493633461593e-07,1.484980070298736e-07,1.881501456274092e-07
-5.690359164206224e-08,-8.019249181367982e-09,-2.166035442500991e-08,1.2709676590685892e-07,9.341893029979342e-08,1.3979050240975344e-07,1.7392659379595384e-07
-5.1178930419570196e-08,-7.036219357159368e-09,-1.9740320574349046e-08,1.1431314919999047e-07,8.610618645876755e-08,1.31474078395033e-07,1.607572455622876e-07
-4.60296484079345e-08,-6.165973426286442e-09,-1.7994428636383675e-08,1.028137488479075e-07,7.93633475049127e-08,1.2354699062411267e-07,1.4856629877420344e-07
-4.139795550632541e-08,-5.39607317162627e-09,-1.6406535283119972e-08,9.246967649922944e-08,7.314628609755847e-08,1.160047712889245e-07,1.3728317025513657e-07
-3.72318487390326e-08,-4.715408175037794e-09,-1.4962009105626284e-08,8.316497412952373e-08,6.741426865353173e-08,1.088406946583853e-07,1.2684216745451234e-07
-3.34845616095647e-08,-4.114065532689892e-09,-1.3647627151655572e-08,7.47953067398166e-08,6.212967944285719e-08,1.0204628522053616e-07,1.1718206471150478e-07
-3.01140199846818e-08,-3.583217500491287e-09,-1.2451391001588874e-08,6.726681330698758e-08,5.725780373444511e-08,9.561160101145827e-08,1.0824595113312352e-07
-2.7082370632116465e-08,-3.1149759438520164e-09,-1.1362443756712803e-08,6.04950405082294e-08,5.2766584601737776e-08,8.952560681674271e-08,9.998089949469959e-08
-2.4355568874201428e-08,-2.702314622071711e-09,-1.0370944237073076e-08,5.4404016406467415e-08,4.8626443302501876e-08,8.377645346197005e-08,9.233763356339929e-08
-2.190298611839253e-08,-2.338979371296901e-09,-9.467962474793423e-09,4.892537732933966e-08,4.481008228363059e-08,7.83516565724951e-08,8.527046586274262e-08
-1.9697062320165465e-08,-2.0193888228270396e-09,-8.645422358913302e-09,4.399762262505269e-08,4.129230513072457e-08,7.323835162637016e-08,7.873688001678453e-08
-1.7713020549446623e-08,-1.738574756382505e-09,-7.895989181938567e-09,3.956543190644646e-08,3.8049861914024596e-08,6.842342830520876e-08,7.269739848709926e-08
-1.592855544468516e-08,-1.492117679413596e-09,-7.2130114311952376e-09,3.557902358147791e-08,3.506130159813825e-08,6.389368018694386e-08,6.711540550153206e-08
-1.4323615482505353e-08,-1.276073219314e-09,-6.590458631952623e-09,3.1993616932818325e-08,3.230683978672211e-08,5.963593517621657e-08,6.195689512204349e-08
-1.2880150229797188e-08,-1.086942869044094e-09,-6.022858822785082e-09,2.876892349346072e-08,2.976820992484086e-08,5.56371261284383e-08,5.719031610307637e-08
-1.158193609291161e-08,-9.21615950222332e-10,-5.505251884571627e-09,2.5868699859293853e-08,2.7428573898258257e-08,5.188440691666907e-08,5.2786388562509404e-08
-1.0414371146277163e-08,-7.773155730195214e-10,-5.033131030007798e-09,2.3260343977316023e-08,2.5272389875263812e-08,4.836519860301758e-08,4.8717986542720984e-08
-9.364318744910227e-09,-6.515836759035665e-10,-4.602401973419212e-09,2.0914522232129418e-08,2.3285330053024467e-08,4.506722867808621e-08,4.495995345975539e-08
-8.419970850322839e-09,-5.422303717139698e-10,-4.2093544518062576e-09,1.8804843876507604e-08,2.1454175672119824e-08,4.197859951315941e-08,4.1488972524466455e-08
-7.57069142705985e-09,-4.4731643389361864e-10,-3.850610099873086e-09,1.6907572022994977e-08,1.9766732334280945e-08,3.908779336314616e-08,3.82834474733397e-08
-6.806926429198806e-09,-3.6511857426368977e-10,-3.523109456948781e-09,1.5201351424160015e-08,1.8211762625730543e-08,3.638371628283954e-08,3.532334886266822e-08
-6.120074959401617e-09,-2.941114851662263e-10,-3.224070309337801e-09,1.3666978056214862e-08,1.6778897674041282e-08,3.3855708923835603e-08,3.2590140628383814e-08
-5.502402598226569e-09,-2.3293442175109647e-10,-2.9509571522479128e-09,1.2287163578261762e-08,1.5458580193694615e-08,3.1493547519856335e-08,3.006665391105338e-08
-4.946947359998205e-09,-1.8039078564235922e-10,-2.701471003493938e-09,1.104636461815578e-08,1.42419946946859e-08,2.9287445281467317e-08,2.7737001614567755e-08
-4.447456985155751e-09,-1.3541653909321383e-10,-2.473521594145711e-09,9.930600210206197e-09,1.3121012054639891e-08,2.7228067245310683e-08,2.5586503047693963e-08
-3.998293796741992e-09,-9.707040726780747e-11,-2.26520903423566e-09,8.927290105070762e-09,1.2088135520338383e-08,2.5306540113456677e-08,2.3601471278961e-08
