0.0,0.0,0.0,0.0,0.0,0.0,0.0
35.34029322182443,-9.457424960178171,-42.60041832656569,-22.048630035459652,-39.4864470993673,43.505333380986556,-50.76807290892817
31.806415831575485,-14.961371894721678,-38.339383421211735,-42.09969987117207,-35.53780238943055,39.15473369643208,-45.692272092282714
28.626710089291585,-17.185990333741117,-34.516171452150836,-52.719646333198675,-31.984022150487505,35.23915268605371,-41.12030726732608
25.76239895106557,-14.150819958243918,-31.057040531949724,-48.44155105162335,-28.785619935438753,31.71511598120255,-37.009731690883314
23.18622336076129,-11.287553122488953,-27.963865529469466,-43.596158577550646,-25.90705794189488,28.543459651816924,-33.30305546861626
20.868866576202215,-8.715376741375225,-25.175380487302533,-39.23602318507753,-23.316352147705388,25.689308214975156,-29.970415206564567
18.78273324435212,-6.142478016677064,-22.659986047485017,-35.31241138559255,-20.984716932934848,23.120521252841023,-26.973153909648605
16.90442977873273,-3.3038255440688813,-20.393305917220225,-31.781262690623954,-18.88624523964136,20.80847049360264,-24.276194480477685
15.211870659512455,0.03265937538193309,-18.3488182675121,-28.60324763373916,-16.997685290170267,18.72764360611439,-21.849150818184405
13.689697005246607,4.068620701967484,-16.513795200125198,-25.742922870365234,-15.298032320440356,16.85526548963979,-19.6640021283668
12.317359224271833,8.961211226533157,-14.862124636166282,-23.168630583328717,-13.768508058082293,15.170825204072196,-17.6969537923641
11.070988375086952,14.822264148043182,-13.375262271542148,-20.851767524995843,-12.392382295793011,13.657452413300348,-15.925250546566446
9.892698281229903,21.72874855294276,-12.037262494206974,-18.76659077249625,-11.154398982245075,12.304252017287464,-14.32702450478128
8.623818357431155,29.77646764935152,-10.83925143835859,-16.889931695246624,-10.037293737338565,11.09077390186961,-12.88514017284663
7.281501975662576,38.86295423224114,-9.76403338103593,-15.200938525721966,-9.023634502529031,9.866627282845414,-11.5938578094789
4.865627896465805,38.04759312300478,-9.102039489111856,-13.676521633453863,-7.891358533811262,8.30351051548545,-10.434510475697678
7.035486872705681,34.18849110624153,-7.855651746187127,-12.31319250980438,-7.3469140102814485,8.216292097109196,-9.413846968474722
6.300143039579449,30.769812734632513,-7.0730487585691675,-11.081873258823936,-6.616699775479369,7.404589946722004,-8.471006245589377
5.594725234997531,27.693509425614792,-6.371135132523225,-9.973685932941546,-5.947400177632039,6.584371625732667,-7.623052801096105
5.025344088188718,24.924230571956482,-5.734592952207722,-8.976317339647393,-5.3506247910656395,5.911474234498842,-6.860900242034645
4.521789149009072,22.431810322127248,-5.161176158990114,-8.07868560568265,-4.815225812873587,5.318468047658563,-6.1748681951568924
4.0696157895323015,20.188631441664874,-4.645060482822022,-7.270817045114389,-4.333741642685969,4.786698072869401,-5.557364363625545
3.6626238753415965,18.169769812811044,-4.180555375832547,-6.54373534060295,-3.9003782737982493,4.307997880286289,-5.001618361244707
3.2963273136832694,16.35279355914365,-3.762499379185739,-5.889361806542659,-3.510336305756298,3.8771310052963397,-4.50145274324856
2.966710834462936,14.717517040973652,-3.3862460269345664,-5.300425625888399,-3.159352563929384,3.4894887841989113,-4.051280968555632
2.670010229987599,13.245765375321817,-3.0476170692920124,-4.770383063299555,-2.8434061266299744,3.1404318275309504,-3.6461494224671576
2.4030091676755325,11.921190787817839,-2.7428437409322246,-4.293344756969599,-2.5590992708718434,2.826307908190706,-3.2815041934290323
2.1627396971344726,10.729077230634658,-2.46852818126033,-3.864010281272634,-2.303297894883301,2.5435132067290214,-2.953266939454141
1.9464199308318455,9.656166100032413,-2.221673183048062,-3.4776092531453706,-2.072896868492294,2.288914200682097,-2.657964833521162
1.7517566981134194,8.690547744583563,-1.9995027717328349,-3.1298483278308282,-1.865570897718797,2.0598646507151814,-2.3921785053012345
1.576571734743899,7.821492124283767,-1.799549150606386,-2.816863495047741,-1.6789955880970107,1.8537698284407904,-2.15296360865017
1.418911128342266,7.039342530300977,-1.619591106251247,-2.5351771455429675,-1.511086858549315,1.6683154557521291,-1.9376670993787979
1.27701937127002,6.335408113761049,-1.4576293816585542,-2.2816594309886686,-1.3599732064651968,1.501428188786598,-1.743899416859155
1.1493179610598192,5.70186721864723,-1.3118645164686964,-2.0534934878897992,-1.2239725136467015,1.3512462943328876,-1.5695089019608144
1.025029898591493,5.129231366605531,-1.1860654362946723,-1.8531775940947874,-1.049591788727284,1.3084447471788412,-1.5012720542465139
0.9175279940052692,4.614450880689373,-1.0683330530040767,-1.6718938470386533,-0.9172898776022526,1.234699261346616,-1.4052587221002506
0.8267062239967948,4.153373626182295,-0.9611496483321424,-1.504267171338462,-0.8327290947299165,1.1009480604203705,-1.2694170446870532
0.745815513753743,3.73843506636867,-0.8636619052904764,-1.353170034493965,-0.7600874432967566,0.9759447788882522,-1.1332521625125787
0.6718830307380952,3.364877906912082,-0.7771308830012953,-1.21744183810904,-0.6890349220937291,0.8712602540592085,-1.0229824606740838
0.6059107128221367,3.0286733809549937,-0.6984287549461177,-1.0951760445338434,-0.6277113757254924,0.7736919402608535,-0.9107214990083621
0.5460872666391962,2.726027258301938,-0.628069093430131,-0.9852280347910339,-0.5699129667636423,0.6886373922362689,-0.8127792460521035
0.4918077326607749,2.4536026575013623,-0.5652349435452647,-0.8864273518147623,-0.5156984911543344,0.6159834514399768,-0.7333942709794599
0.44309116203129273,2.208367882721281,-0.5083007364743442,-0.7975088722225486,-0.46741141922817125,0.5502781246041851,-0.6539483095992118
0.398840784440733,1.987633930035607,-0.45761122786892183,-0.7176055193765825,-0.4217650173582628,0.49415857078480746,-0.5923121877748112
0.35901547859874305,1.7889472654521323,-0.4118965249936984,-0.6457137181946224,-0.3806555832131003,0.4436399069768458,-0.5343491589057655
0.323183683838204,1.6101298487321183,-0.3707573730419183,-0.5810204964700277,-0.34361494464697534,0.3981467887686763,-0.48258306157098124
0.29136690066131543,1.4492357385507746,-0.33329503666072585,-0.5226420443881746,-0.3120777649533075,0.3534923560119972,-0.42664616949977024
0.2622241871351605,1.304355565097579,-0.3000186427021268,-0.470304196946261,-0.28140147869429755,0.3178657179996873,-0.38519607974271514
0.23602092022105384,1.1739682404974725,-0.27006875309811196,-0.42320403047362865,-0.2538321390905892,0.28563993020224593,-0.34831290812231686
0.21243213532932226,1.0566134502394349,-0.24310885648826264,-0.3808235495585748,-0.228942249515625,0.25671620218229596,-0.3149545225505646
0.1911976401821211,0.9509888366508519,-0.21884045893497128,-0.3426893485335587,-0.20647571509858365,0.2307511009528091,-0.28478997137317363
0.17219761505196557,0.8559194224485619,-0.19681588049162696,-0.3083117659806369,-0.18670700170695376,0.20592457578640314,-0.25171243023832957
0.15498175797111602,0.7703492929805338,-0.1771278229581923,-0.27743944797903114,-0.16842525283963916,0.18505385979970057,-0.2263792939998622
0.13971437026523792,0.6933489044779599,-0.15913648692669502,-0.24955096486701378,-0.15294967401871834,0.16372809099480673,-0.19574388973913023
0.12583227966943827,0.6240510809213273,-0.1431680301581612,-0.22456697201400747,-0.13842633011018185,0.14641821778703468,-0.1765065423437527
0.11322027748686125,0.5616479002274153,-0.12885870890192347,-0.20211268683132783,-0.12464427695824086,0.13194794932631126,-0.15867183439475357
0.10217884767455582,0.5055590676111946,-0.11581814709709473,-0.18182858625062065,-0.11370780486108285,0.116219436874561,-0.14296988519382176
0.09195882837139331,0.45501680819364093,-0.10424850630057242,-0.16362979968168634,-0.10250390530260224,0.10461116414869871,-0.12930078218443047
0.08271427890943578,0.40950867649116685,-0.09379622464383705,-0.14723085984628204,-0.09232023502153296,0.09423367458627606,-0.11395981691773252
0.07444322925369737,0.3685453820139376,-0.08436082174536139,-0.132556444933962,-0.08319866365434522,0.08516884157738094,-0.10257668405636508
0.06695052894450457,0.33170193227656164,-0.07598911634602548,-0.11926695255538938,-0.0747969782547048,0.07666870966199087,-0.09228996572187227
0.06039008933964485,0.2985544036433049,-0.06817569423597497,-0.10719073409844639,-0.06833083180860383,0.06689317927609922,-0.07529627988350733
0.05432751658993725,0.2687025777522539,-0.061356818631436535,-0.09649662270186771,-0.061621230083332784,0.060504358354277796,-0.06888153571911759
0.049179467653789936,0.24186607682038774,-0.054978753802715136,-0.08674707648980234,-0.05649127773444525,0.05143240088992253,-0.056285174333741875
0.04421905509295233,0.21767808847280984,-0.04950072956353717,-0.07809966881359925,-0.050788321068183276,0.04684203704889106,-0.05205885751455986
0.039760046569436255,0.19590932651104068,-0.044567878669734995,-0.07031363827195405,-0.045667059919353686,0.04264784672612465,-0.04809763662742434
0.0357124743389918,0.17631455243795327,-0.04017038966878368,-0.0633178951142682,-0.04088883401160612,0.03922772103342281,-0.04555219771812728
0.03211610401907254,0.15868331900791277,-0.03616313687787545,-0.057002616917935935,-0.036796066371765565,0.035652082761757714,-0.041869365075426525
0.028882636708185708,0.14281533020819992,-0.03255487167165311,-0.051316940196802455,-0.03311762217302633,0.03239685020067619,-0.03845309653518068
0.02597540475162239,0.12853423321572752,-0.029305914781893122,-0.04619811753727739,-0.029811174398507598,0.029433761000446007,-0.035287322642635066
0.023361461316732876,0.11568131582557831,-0.026380496280195398,-0.04158965901773649,-0.026838890707723287,0.026737199730318115,-0.03235637706843174
0.021011186737649082,0.10411374097058876,-0.02374641047687913,-0.03744070326393527,-0.02416679398909448,0.024283746573595694,-0.029645329911817883
0.019803308169715407,0.09379680575930285,-0.02055704982236657,-0.03334172130254356,-0.02478667632825428,0.012995953020095943,-0.004291933041702209
0.017792404864120162,0.08441242798346982,-0.018503634098271618,-0.030037186161185038,-0.0222550575586042,0.01223940506497228,-0.004880345059381648
0.01598674620337997,0.07596719790857426,-0.016654577878153276,-0.02705953295392073,-0.019987963034580405,0.011498492234545576,-0.005286805449941694
0.014365296367873533,0.06836707791813573,-0.014989324372506385,-0.024376604717457253,-0.017958081073918955,0.010780928311156755,-0.005542454457681843
0.0129091895616733,0.061527472996390914,-0.013489635392174945,-0.021959291326093547,-0.016140163284814504,0.010089920139515901,-0.005674475447375988
0.011601496269601184,0.05537225913280602,-0.012139085365795804,-0.019781352556284278,-0.014511669093929605,0.009427770182506345,-0.005706214004207445
0.01042702490187787,0.04983293471249185,-0.010922879808817204,-0.01781913512073334,-0.013052477715806962,0.008796018984979267,-0.00565761474952066
0.009372143639193399,0.04484785695749352,-0.009827691991688758,-0.016051317828878437,-0.011744630994477548,0.008195573843394872,-0.00554562436215232
0.00842462039425535,0.0403615548980923,-0.008841516303464914,-0.014458681927025641,-0.010572102539786396,0.00762682078585699,-0.0053845610629611
0.007573479058697265,0.036324111193726596,-0.007953536575430825,-0.013023904104910052,-0.009520590503652102,0.0070897213413610785,-0.005186450725718072
0.006808870398449275,0.03269060589721781,-0.007154007795223974,-0.011731369910783294,-0.00857733170354634,0.006583895640373184,-0.004961330333114622
0.0061219561307612,0.029420615951527604,-0.006434149799049077,-0.01056700554574442,-0.007730935075137654,0.006108693357395549,-0.004717519936648217
0.005506710578879992,0.026477654460349373,-0.005775342137970013,-0.009513770556704132,-0.0070230336696921886,0.005620149994916286,-0.004039682250060955
0.004953248611090888,0.023827274573963983,-0.005190094106850757,-0.008571017845271305,-0.006301040960506807,0.005156422639036831,-0.003726264165524751
0.004453816987843032,0.02144379789238174,-0.0046663713002367685,-0.007720873096847113,-0.005683682235395518,0.0047860073905247325,-0.00353050090081762
0.004182772770796761,0.019313340681769653,-0.004009136971272406,-0.006908393915255027,-0.005848130568398599,0.0028644687796185175,0.0008178722925365409
0.0035975442825370817,0.017370317146230302,-0.0037820401600239945,-0.006278608873320397,-0.004641555909297143,0.004303735164649915,-0.003967315376647647
0.0032378333919030958,0.01563330815521001,-0.0033986685853356624,-0.005653793563246582,-0.004201249704878632,0.003953794226382819,-0.003628241750116862
0.0029143679543569938,0.014070003443342513,-0.003053567184529038,-0.005091210090215199,-0.0038049024499522827,0.0036329889796450077,-0.0033104091337077543
0.0026234737735885937,0.012663034170856985,-0.0027430186842362786,-0.004584636110614264,-0.003447717435560063,0.003338134960009717,-0.0030135417206955777
0.002361858154569508,0.011396764277344873,-0.002463576883438373,-0.0041285016656952105,-0.0031257463096262678,0.0030673014802935425,-0.002736975086706352
0.0021265626512296885,0.010257121862062957,-0.0022121383485648877,-0.003717789693191205,-0.0028354466665988093,0.0028186737730820227,-0.002479929876850276
0.0019149289554699477,0.009231442666155623,-0.0019859083843172393,-0.00334798130783728,-0.0025736394597714873,0.0025905511933673603,-0.002241546355479858
0.0017245682909958447,0.00830832922778163,-0.0017823704445075195,-0.0030150064451100224,-0.002337470756321791,0.0023813435029688343,-0.0020209125011027215
0.0015533339487570595,0.007477524134585439,-0.0015992585535826165,-0.002715199381387607,-0.0021243776581914287,0.0021895666771893155,-0.001817086746042371
0.001399296639217399,0.006729795961957122,-0.0014345324455616176,-0.0024452586501370124,-0.0019320579163317753,0.0020138383668237975,-0.001629116212089967
0.0012481582658029865,0.0060533691978661985,-0.0012891683733370768,-0.0021954620324787025,-0.0016928194057792278,0.0018715310605240537,-0.0010585201262583019
0.0011353852989101736,0.005451055030247912,-0.001153162666241922,-0.0019857538676541636,-0.0016001722688387676,0.0017264346243255346,-0.001377719903521312
0.001010964324179955,0.0049025475126672075,-0.0010360165103184271,-0.0017815917264781926,-0.0013938790606920215,0.0016055641704159837,-0.0008225915558341974
0.0009221652028684937,0.0044153507593810565,-0.0009254207779520879,-0.0016129184481074553,-0.0013312807071927946,0.0014806946227860912,-0.001154485189995759
0.0008318401191350373,0.003973908245294477,-0.0008283321389011972,-0.0014524787198835695,-0.001217564220529016,0.0013600928373336194,-0.0010095569769237901
0.0007379928668793459,0.003573139056154029,-0.0007438480372534556,-0.0013013954475267694,-0.0010484392156542566,0.0012689019062942647,-0.00048428960877423474
0.0006766346717769819,0.0032188949938191797,-0.0006626704527797206,-0.0011804208475567277,-0.0010198664863287632,0.0011714024662293973,-0.000840249376380455
0.0006109914534326091,0.0028971093192161346,-0.0005920526138848692,-0.0010629935908814427,-0.00093642470565522,0.0010760194665469236,-0.0007200783843676929
0.0005518554729137676,0.002607486775518919,-0.000528585568390888,-0.0009573153793978571,-0.0008606856986719258,0.0009896087478431237,-0.0006122820567081317
0.0004985780210534051,0.002346812158722636,-0.0004715587755622225,-0.000862205909342377,-0.0007918877268900393,0.0009111625222243194,-0.0005154998555130866
0.00045057593157799523,0.002112192143192068,-0.000420324899989194,-0.0007766074904978042,-0.0007293776755723236,0.0008399315102368479,-0.00042868471679700926
0.00040732419864130016,0.0019010225967349276,-0.00037430155218447225,-0.0006995682143950133,-0.0006725642025040834,0.0007752353314839505,-0.00035088336508881223
0.0003683501619959322,0.0017109596738269367,-0.0003329647727874224,-0.0006302313933731832,-0.0006209118960210647,0.0007164566574553027,-0.00028122896955742015
0.00033322828884513843,0.0015398938036849386,-0.00029584316610362094,-0.000567826046461703,-0.0005739360617407208,0.0006630358728842434,-0.00021893450634666908
0.00030157546371553656,0.0013859262717866305,-0.0002625126342610945,-0.0005116583338583697,-0.0005311978798252792,0.0006144658343542816,-0.00016328587972806122
0.00027304675083207955,0.0012473481426227007,-0.00023259163776552516,-0.0004611038460565625,-0.0004923000321735427,0.000570287081647837,-0.00011363556006879598
0.0002473315812743324,0.0011226212896198184,-0.00020573692995662363,-0.0004156006626200859,-0.0004568827525765484,0.0005300834665710255,-6.939671390511493e-05
0.00022415032215708508,0.0010103613215193818,-0.00018163971826856695,-0.0003746431039507482,-0.0004246202576915492,0.0004934781651998593,-3.0037798333963292e-05
0.0002032511893514874,0.000909322215565958,-0.0001600222096315579,-0.0003377761068981029,-0.00039521752117366304,0.00046013004244452316,4.9224075940662235e-06
0.00018440746913444932,0.000818382486885677,-0.00014063450176730885,-0.00030459016220574925,-0.0003684073571623703,0.0004297303400698782,3.5919362396336606e-05
0.00016741501780984797,0.0007365327404192795,-0.0001232517858043014,-0.0002747167576413745,-0.0003439477828431903,0.00040199966100427226,6.334694005153373e-05
0.00015209001127701287,0.0006628644672408979,-0.00010767182911754214,-0.00024782427641682064,-0.0003216196328405252,0.0003766852251848238,8.756125296772391e-05
0.00013826691953088693,0.0005965599607685862,-9.37127103935731e-05,-0.00022361430555045692,-0.0003012244009855114,0.00035355837377765154,0.00010888414577321561
0.0001257966835003007,0.0005368832410033025,-8.121078168903118e-05,-0.00020181831318905746,-0.00028258228745034475,0.00033241230042826975,0.00012760638482469354
0.00011454507394930737,0.00048317188592938987,-7.001883478761906e-05,-0.00018219465808488877,-0.0002655304314289342,0.0003130599899615408,0.0001439905666838102
0.00010439121421095508,0.0004348296794444151,-6.000445138652777e-05,-0.00016452589811928597,-0.0002499213115171872,0.0002953323464106247,0.0001582737679954524
9.522625031477099e-05,0.0003913199941655149,-5.104851874285221e-05,-0.0001486163679344718,-0.0002356212977095984,0.00027907649373894866,0.0001706699574192394
8.695215381401139e-05,0.00035215983568064047,-4.304389417837673e-05,-0.00013428999885172974,-0.0002225093405125167,0.000264154233918637,0.00018137218931394208
7.948064397790555e-05,0.000316914482064376,-3.5894203552502835e-05,-0.00012138835689825753,-0.00021047578405047895,0.0002504406484376623,0.00019055459742407105
7.273221747067238e-05,0.000285192659219613,-2.9512760258573745e-05,-0.00010976887705853658,-0.00019942129136132913,0.00023782283027970474,0.00019837420536422592
6.663527474462874e-05,0.0002566421984372541,-2.382159270658546e-05,-9.930327421901752e-05,-0.00018925587123963528,0.0002261987347154798,0.00020497256982276134
6.112533348147549e-05,0.0002309461279827174,-1.8750569350911572e-05,-8.98761131635506e-05,-0.0001798979969377945,0.0002154761380227313,0.0002104772710036602
5.6144320404259707e-05,0.00020781915534756612,-1.4236611555584755e-05,-8.13835216080562e-05,-0.00017127380802819947,0.00020557169438951278,0.0002150032635966784
5.163993364487238e-05,0.000187004501084026,-1.0222985440053178e-05,-7.373203212126395e-05,-0.00016331638755412436,0.00019641008191335213,0.00021865410089270086
4.756506858900021e-05,0.00016827104908662127,-6.6586647973071456e-06,-6.683753991020697e-05,-0.00015596510735357838,0.00018792322962580404,0.0002215230431865129
4.3877300925558235e-05,0.0001514107817073146,-3.49775795573104e-06,-6.062436498872198e-05,-0.00014916503508161094,0.0001800496179275024,0.00022369406110880462
4.053842111934915e-05,0.00013623647122887328,-6.98992184966496e-07,-5.502440820677815e-05,-0.00014286639712254856,0.00017273364570469935,0.0002252427433187083
3.751401526777033e-05,0.0001225796020528358,1.7747501558501577e-06,-4.9976391802115244e-05,-0.00013702409214230715,0.00016592505789191775,0.00022623711743466248
3.477308762804901e-05,0.00011028850055591621,3.956848909733579e-06,-4.542517600540988e-05,-0.00013159725043851433,0.00015957842780964238,0.00022673839210382747
3.228772074473363e-05,9.92266518672763e-05,5.877321497149701e-06,-4.132114406279336e-05,-0.0001265488348365651,0.00015365268916200242,0.00022680162770112675
3.0032769366517692e-05,8.927118488197272e-05,7.563160633869415e-06,-3.761964889483979e-05,-0.00012184527918945864,0.00014811071302989198,0.00022647634210907
2.7985584838158273e-05,8.031150865751846e-05,9.038638121558473e-06,-3.428051510628166e-05,-0.0001174561609271485,0.00014291892560479996,0.00022580705785729942
2.612576689030484e-05,7.224808513764391e-05,1.0325578157110993e-05,-3.126759096806764e-05,-0.00011335390448077853,0.00013804696273127248,0.00022483379606815738
2.443494011539725e-05,6.499132449068468e-05,1.144360317462123e-05,-2.8548345181993867e-05,-0.00010951351262974973,0.00013346735794807912,0.00022359252224058226
2.2896552692825214e-05,5.8460590878897656e-05,1.241035503594945e-05,-2.6093504129579698e-05,-0.00010591232321505162,0.00012915526058872306,0.00022211554856287237
2.1495695110855875e-05,5.2583307589323947e-05,1.3241693994123227e-05,-2.3876725429437806e-05,-0.00010252978872576923,0.00012508818132546395,0.00022043189671227745
2.0218936939766022e-05,4.729415159268613e-05,1.395187768020445e-05,-2.1874304160066776e-05,-9.93472767374659e-05,0.00012124576232604156,0.00021856762516817615
1.905417979871163e-05,4.253432859983863e-05,1.4553722118698653e-05,-2.0064908598203812e-05,-9.634788910284353e-05,0.00011760956976242243,0.00021654612430672005
1.79905249757268e-05,3.825092057715973e-05,1.5058746586790739e-05,-1.842934238202587e-05,-9.351629825885e-05,0.00011416290657724482,0.0002143883823233052
1.7018154190038062e-05,3.439629846720138e-05,1.5477303917779683e-05,-1.6950330499462818e-05,-9.08385989186189e-05,0.00011089064338957316,0.00021211322507103548
1.6128222215602492e-05,3.092759360169561e-05,1.5818697717009944e-05,-1.561232678812946e-05,-8.83021738184997e-05,0.00010777906595208636,0.00020973753209096568
1.5312760178364665e-05,2.7806221941442666e-05,1.609128782784075e-05,-1.4401340651837291e-05,-8.589557209212617e-05,0.00010481573749350492,0.0002072764312527394
-8.208301661472674,-2.1377383560963805,-0.16975313267828734,8.996000756120516,1.0327739102562892,-0.3462404652795128,-3.2464424330064876
-0.21064788762872233,0.2152056057337468,0.017483835588264066,-0.895235090507315,-0.1204962872041615,-0.031284859543886046,0.4147825578239579
0.6673846506321326,0.15177809252132773,0.0058619166323537475,-0.5853658447048665,-0.07220461085484516,0.012419034014972307,0.2651672508263452
0.4252882185191042,0.0956475130506029,-0.003566474733489075,-0.3038176678854737,-0.03953434657403607,0.015732221555279223,0.1744486974385489
0.2080235092237781,0.04516962460462173,-0.011884786641468081,-0.049950766325386864,-0.010207648369271571,0.01831569881298311,0.09219227650321596
0.01317937713792841,-0.00018461406752204312,-0.01918588833923565,0.17914851780136137,0.015316301086458067,0.01845421091722234,0.021138840164637074
-0.16156356570368216,-0.04094391126208226,-0.02564243146825218,0.38594967615389786,0.037918094170868985,0.016654861518006506,-0.04163626714463657
-0.31823919159470415,-0.07756831710965414,-0.03136334938354131,0.5727134512795569,0.057936848185301815,0.012849477291817193,-0.09703455367288108
-0.4583403829368015,-0.11043612351508958,-0.03622012656608421,0.7416743578166222,0.07468168540015574,0.0029337775652108766,-0.13882074591800542
-0.5842760912938403,-0.14001303976600288,-0.04075429572370806,0.8941500771547733,0.09075235683273175,-0.0033552492827884015,-0.1841022842690433
-0.6970836413359477,-0.1665846345769613,-0.044736447635711815,1.0320497591060862,0.10494143351369703,-0.011307648458228577,-0.2237994308295763
-0.7981097252543341,-0.19045240255584128,-0.048192299864709395,1.1569057525252073,0.11725302163893965,-0.020867474947835855,-0.25578161173790337
-0.888456434361038,-0.21191790088700768,-0.05106956090767349,1.269873138141421,0.12823140422978993,-0.03182246834937208,-0.2845946707147802
-0.9691605103649487,-0.2311792684379742,-0.053408830783902225,1.3722723710118365,0.13711077893839863,-0.04468524590753075,-0.30707377407021225
-1.0416956999194797,-0.24857468354415202,-0.055416934537529106,1.464876807474903,0.14581231387742527,-0.05382829626634094,-0.3307803726247485
-1.1065960681028144,-0.2642287759944359,-0.05699603981794396,1.548878252061741,0.15315726938285756,-0.06303758035297455,-0.3504685308887179
-1.1646644309204508,-0.2783295666068544,-0.058180192456029955,1.6251056598208158,0.15941201163066376,-0.07195748383741057,-0.3676199688881591
-1.2166134672777498,-0.29104124783174407,-0.05900554541604963,1.6943088456840578,0.1647981683052594,-0.08037162626454714,-0.3835339168225021
-1.2629767313369034,-0.3024709179339188,-0.05946779390203355,1.7573533966389359,0.1686635942697907,-0.08939754950881211,-0.39493277855050396
-1.3045576020597436,-0.31284597914635937,-0.05961554638523321,1.8145310346811983,0.1727519004823373,-0.09611287069710236,-0.40978123256282256
-1.3399995705261019,-0.3218447535489749,-0.058659911133830775,1.8672132676386897,0.17089171785624024,-0.11396846863108101,-0.4090400647504577
-1.3713110045852703,-0.3298127750749191,-0.05737814774011342,1.9151038689383169,0.16818891704445932,-0.12691244636372762,-0.4159317566870996
-1.4011265086522877,-0.3374109292602829,-0.056876411348942835,1.9584640226725165,0.17064441737629082,-0.12802553151118165,-0.4346010997952417
-1.4282514922480716,-0.3444641327341337,-0.056198045548060266,1.99770507265968,0.1753150884574105,-0.12608973412851687,-0.45741312836743286
-1.4508254772378704,-0.3503750612454952,-0.05470960985102248,2.0339600965296274,0.17484417851531786,-0.13021138137275412,-0.4749033807229803
-1.483880110649855,-0.3602323937650029,-0.055270580161206985,2.0568842891281354,0.23994398125695776,-0.049674545991543986,-0.5707903660754676
-1.5046175754874804,-0.36582404558842396,-0.05450203651158225,2.0872759515015855,0.24609487537501043,-0.04178613660991402,-0.5868884270138093
-1.5206825855488224,-0.3702200845564954,-0.05258214907974203,2.116190224989891,0.2432986635295748,-0.048826657383133854,-0.5880953325148047
-1.5360202882525673,-0.3745158577943354,-0.05106213888480213,2.143061082463908,0.24367826206641893,-0.05283153378778353,-0.588327340492419
-1.5493683656319956,-0.378390212485161,-0.0490447031093556,2.1679309615003546,0.24227047005762647,-0.05837574232292769,-0.5869712279796812
-1.5611426568922193,-0.3822104447690604,-0.04614876097461153,2.1907609173347926,0.2401694152667594,-0.06438970993540627,-0.5817010817154052
-1.5710306266942382,-0.38536066408932146,-0.04333363847886574,2.212715584298845,0.2344450236921033,-0.0745708706136051,-0.5807811106788305
-1.5796583161814526,-0.38864606632746257,-0.039362870152034574,2.2334774993478215,0.22507953628090688,-0.0951265214303634,-0.559025036459697
-1.5797571264426427,-0.39168008378838287,-0.03315300735545552,2.2507459103784373,0.2284216310564168,-0.17546820367451005,-0.5957591695416505
-1.5884438156831637,-0.3943044770035782,-0.031040893488813184,2.271121287566316,0.21897265762136356,-0.1890198953204891,-0.5754569917805885
-1.5930404882368838,-0.3972306330983471,-0.02368094361725319,2.289001802076108,0.19217250095171728,-0.20674384330592407,-0.5524673797173045
-1.5947539212263537,-0.39569449306388926,-0.02492517327081612,2.3081346596066403,0.18121429825866936,-0.22019403009824423,-0.5577262981010798
-1.6003703211026066,-0.39740321122485556,-0.022428277325091693,2.3251654251058507,0.17017062136795438,-0.22052876189813916,-0.5754447391355643
-1.6051407664564312,-0.39997404425641914,-0.016583356758529226,2.3409029065928864,0.15036552849808826,-0.22414570789694707,-0.591020854502419
-1.60965330347421,-0.4011527332472938,-0.014913197091814413,2.3562360590811045,0.14299845450681148,-0.22277880119591234,-0.613890724259668
-1.6145156215973424,-0.4010632072253659,-0.016205548580744557,2.372095897233401,0.14027563263321277,-0.2067519348081796,-0.6639114784721938
-1.61983220670122,-0.4012300796942658,-0.016524359428178884,2.3871584049764767,0.1374027506954154,-0.18553013649470665,-0.7000583296541213
-1.626113082644082,-0.4020446402781419,-0.017773880684420235,2.4013334024398674,0.1456990711603959,-0.170813445947732,-0.7423665863066355
-1.6305501645882177,-0.404136882648916,-0.014281231003786851,2.413713437721737,0.1477629959747549,-0.17904877336475236,-0.7430721172597888
-1.6326167323314915,-0.4037581145844686,-0.01295082994261583,2.4270182701287863,0.145571882871615,-0.17574587065756608,-0.765626045979368
-1.637269103503457,-0.405372629628601,-0.0104811367892935,2.4396070239395775,0.14923244698041227,-0.17902662700247857,-0.7712227282370367
-1.6432022953025711,-0.40545351907483074,-0.01277558370859068,2.4537117252851925,0.16110669779940368,-0.15900919064245606,-0.8199714310206035
-1.6450252346659076,-0.40685203270904613,-0.0069845684165446426,2.465330891521464,0.1560791279989731,-0.17809306532385477,-0.7971814931791784
-1.6483555507011673,-0.40848587480315746,-0.003982403337972708,2.4756188719155054,0.16810009515117783,-0.18760162264446312,-0.8204574989405039
-1.6506203250750737,-0.41003928831066305,1.1512313433277577e-05,2.4858241228750177,0.17858136078890954,-0.20941487429310116,-0.8497511629850537
-1.6536770587985248,-0.40966533999289445,-0.00047009444997424266,2.4979480164103216,0.1975295371359015,-0.21667850318157425,-0.9117628203492955
-1.659978954033799,-0.4112557550397391,9.782734221406436e-05,2.5083387259360044,0.22103939131857092,-0.10291188896275134,-0.987819048142619
-1.673406845383749,-0.41272915159517665,-0.0033272203990045504,2.5285333728083206,0.19934420071999642,-0.028548090765101463,-0.8905768366544798
-1.6611905460896719,-0.4093970780799198,0.00681432812860077,2.534300180136448,0.2336066525584492,-0.22907480913568667,-1.0672382413166053
-1.5047203036412815,-0.370388162183953,0.0012619411288072035,2.2844876085701418,0.19316667281895056,0.0051693869960126315,-0.8462928851319644
-1.3618833136453186,-0.33190335844808583,-0.005497905829672724,2.0621104839415327,0.1713645377711965,0.04479415348940771,-0.7053137079568441
-1.2196227075111459,-0.29677421289610323,0.0021608425021478472,1.8535162529586195,0.1559899264128176,0.037077436825747226,-0.6884732569548025
-1.089467676011139,-0.26753726096877745,0.014846673911513925,1.6586114815975186,0.19742454042047958,-0.00017833821635705738,-0.7514894847163608
-0.9851296757099987,-0.23937462132891732,0.006205804619134968,1.4960668036879103,0.18213544215688648,0.1563603270285619,-0.5556951266546541
-0.8942539325464506,-0.21373035369896443,-0.0012211589597128786,1.3561118462469324,0.07844205194617371,0.08164971960408754,-0.35648781549646874
-0.7819873556290194,-0.1925114994198951,0.03146186142430531,1.2078359246757737,0.13722415461421883,0.016011816180385774,-0.565931250074986
-0.7183988211444855,-0.1730874385301214,0.012652095620712359,1.0975522990203437,0.061651660846815615,0.04756191631608501,-0.3358128898415017
-0.6186351905616794,-0.1543913417452169,0.05063206394766812,0.9796677925131207,0.0619472743884716,-0.03292745971718154,-0.4435030341764862
-0.5623874499811067,-0.14117261405629716,0.044065888289267774,0.8844922130383934,0.0379389577287568,-0.11891782257887565,-0.39646342829959513
-0.49408769732235797,-0.12638948717803342,0.058418579264964306,0.7867639216729739,0.09578995938294366,-0.07000326154399006,-0.5228619743381094
-0.46755412561764226,-0.11037169436815789,0.012101785585517624,0.7241450465129452,-0.0308568565088973,-0.015993902024895264,-0.19516451780800675
-0.40696170862106557,-0.09769718240162316,0.03706113126163367,0.6547178970140601,-0.11189041888469446,-0.06598640293339691,-0.14603265365184886
-0.3585307832911874,-0.0868148755056011,0.04369717779495218,0.5917324434021384,-0.14987221776236012,-0.08151318068834867,-0.1441826010837573
-0.3357451682598485,-0.07935759391022507,0.01646212848355212,0.5337839528705612,-0.10520206442584845,-0.009753049455957185,-0.12654180861010633
-0.3111453520657371,-0.07310113487906711,0.0004954337190725966,0.4803713464535674,-0.05142039049511898,0.03727829253635202,-0.1510224984264536
-0.29157844958171236,-0.06571566089655391,-0.027026898224509027,0.43193198000852284,-0.003737980062942285,0.0697373807371897,-0.14800465212927374
-0.27091045056772095,-0.06021841136191164,-0.038122513512670674,0.3878296928806565,0.020953746437844742,0.08967999414620945,-0.09240022979096235
-0.2534939119541738,-0.05602266690963935,-0.04703389310110288,0.34865226273823724,0.04697077163768233,0.12451739352787643,-0.0487280769801783
-0.2241590012669614,-0.04927460968364725,-0.04279989980483513,0.31525794421552134,0.030316657773995892,0.09017919167483197,-0.04400836157077058
-0.206365013493373,-0.04526020677499602,-0.050466447234227434,0.2828450009886895,0.045205121221194175,0.057935930246464026,-0.03319292818179483
-0.18313765841424678,-0.0402454904192288,-0.04259780630298529,0.255438280939719,0.031986580074863075,0.04580318694017204,-0.02562348873599829
-0.16517670694148084,-0.03638805341487006,-0.03869691659150318,0.2299678607734368,0.030479409950994893,0.040143049607424354,-0.023048736078553272
-0.1485619899285791,-0.032872207202970585,-0.035002577881282776,0.20698257586762317,0.028591455763185433,0.03130241473461846,-0.01851218380977447
-0.13628214751072523,-0.03023288400207262,-0.035346572403505166,0.1852925940803041,0.03699497531255215,0.027396687284951815,-0.002923280974416874
-0.12331188239706543,-0.027390675192580052,-0.03269545821133546,0.16654748460829097,0.03607457230246361,0.024680468329215118,0.002527482380960325
-0.1112452556768711,-0.024735717362478565,-0.029635763314727004,0.149839002026086,0.033470567026824674,0.022700098557735797,0.004398733528392333
-0.1011618669495556,-0.022485014877944187,-0.029289786506003834,0.13414258246235264,0.0358139358184158,0.014921742016118428,0.015291870586111679
-0.09111904843834912,-0.020269038217942584,-0.026443963168611556,0.12070347488951602,0.032557094592207264,0.013306732893441212,0.01619017502149676
-0.08206167078750373,-0.018261093719556726,-0.02375037011624095,0.1086510641332479,0.02934318659878203,0.012803852294452196,0.016021617568495353
-0.07373625309605586,-0.016440897816731317,-0.021399946642282633,0.09778549886119031,0.026439902888595518,0.01004502828214069,0.01751607327891191
-0.06632396114035594,-0.014807173950986713,-0.01923923583425525,0.0880152892366255,0.02379906920215459,0.008624586601792758,0.017577603753230316
-0.05965655993258777,-0.013335391144105785,-0.017287555888132227,0.07922351310296874,0.02140037608464601,0.007424558655558917,0.017298434676660788
-0.05366445352270125,-0.012008184924639287,-0.015528500523404976,0.0713133755729369,0.019220408725392976,0.006530896575650362,0.016658352770717314
-0.04827975142634362,-0.010819805432301988,-0.013917885612935825,0.06419128594729709,0.01726216051144358,0.005679772505889434,0.01589334872047954
-0.043387615563374,-0.009741879766468287,-0.012514899660651738,0.057777461482282716,0.015503978555474418,0.004386108232557626,0.015654367541643396
-0.03900482464169175,-0.008771388677670439,-0.011231173890193742,0.052009383605284676,0.0138890549185966,0.003545319672797878,0.01488215449610801
-0.03511116159311036,-0.007896817404959428,-0.010054217703383793,0.04682649573905486,0.012412430409973446,0.0036516541300537636,0.013425849367473597
-0.032027559727054074,-0.007184093111253453,-0.00990066033693152,0.042030839782212594,0.013020354437742965,0.00481147739997366,0.02034054100499499
-0.028756751962600507,-0.0064644005166726165,-0.00883159535546785,0.03783745471822819,0.011575462391433575,0.0038337480981848887,0.018757218714906074
-0.025872351324501268,-0.005814431311850943,-0.00803545823631839,0.03404386404633049,0.010553036972786464,0.003189262615378552,0.01841125060023051
-0.023298213185896977,-0.005240624941469707,-0.007149361214305924,0.030650285096098417,0.00941528940112124,0.0031270641883901495,0.01626320151600441
-0.02093318083830649,-0.004715142929679533,-0.006412429350759422,0.027588116376679225,0.00843229975353349,0.0025271576549039457,0.015217892880088124
-0.01879472868126706,-0.00424252725418281,-0.005714001037825829,0.024836460491873515,0.007487630058453765,0.001966022804699097,0.013948320527002886
-0.0168093709207555,-0.003795405355577125,-0.005057708162682691,0.022382977688422886,0.006382711672881472,0.001182785091200643,0.01168760443904444
-0.015069505217145947,-0.0034160414029658914,-0.004445403319583804,0.020159351816208284,0.005551847178846228,0.0007128108979988917,0.010248225254373494
-0.01351983692918641,-0.0030727657996375835,-0.003944104325848602,0.018151384854262126,0.0048887111161893815,0.0003613779237225667,0.00930001804888133
-0.012118270017188642,-0.00276091829843389,-0.0034804878334211697,0.016345810119755305,0.0042619734218402455,3.578752141227687e-05,0.008294725133684223
-0.010882944560681219,-0.002487311919030663,-0.003107082571230945,0.014715680124710254,0.0037915393593875996,-0.00017030935299133104,0.007694634847610309
-0.009830597201778757,-0.002246024040475428,-0.0026841477314083935,0.013262127410275364,0.003278546201593749,0.0004954628484766244,0.005753309056489708
-0.00878560787086887,-0.0020128817152135076,-0.002307928200827338,0.011953360813013528,0.0027224800307360103,0.0001894401240368146,0.0046004223574377355
-0.007867343617053565,-0.0018084621913550397,-0.0020093946841221455,0.010770056976478405,0.0023085410122371808,-1.9503525246447606e-05,0.0038694827208635425
-0.00704992100804324,-0.00162487193168602,-0.0017655673160851815,0.009700492317502012,0.001986016594182863,-0.00018772300841810724,0.0034139695409095144
-0.0063083545192158565,-0.0014592538657378085,-0.001527771795359182,0.008742115561830091,0.0016535947171955195,-0.00034368798615906637,0.0027827489558261524
-0.005648045995345717,-0.0013102166315148434,-0.0013346446661250295,0.007875303062999245,0.0013975283435523483,-0.00046982930768312003,0.002397387734414228
-0.005051597182000862,-0.0011755044446168234,-0.0011551143062224559,0.007096678454346021,0.0011517298298401035,-0.0005808425321364233,0.0019640165985161102
-0.004515825542743612,-0.0010536022820534646,-0.000998825343425349,0.006394930088123814,0.0009390976574645965,-0.0006729702061600631,0.0016091167946148941
-0.004035945600614665,-0.0009442655232259761,-0.0008619897427652595,0.005762764592205288,0.0007556575252669201,-0.0007475989435263147,0.0013039615825566173
-0.003607066566455711,-0.000846188908748921,-0.0007449622704865065,0.005192493991207175,0.0006043952258826951,-0.0008060050148124553,0.0010742061423992429
-0.003222332539770816,-0.0007582893820535508,-0.0006401897927250447,0.004679411822404882,0.00046909436022099515,-0.0008514687531942997,0.0008493027442793843
-0.0028779003712861156,-0.0006794563022220895,-0.0005486513651712169,0.004217224443032724,0.00035311485097704043,-0.0008848599482006933,0.0006552717270429261
-0.002570263421066932,-0.0006088242947622086,-0.00047061442017578767,0.0038002786878872236,0.00025911104132235463,-0.0009073851190648241,0.0005131939165416589
-0.0022939290949389665,-0.0005453539833419757,-0.0004000089521463378,0.0034253257397390824,0.00017298913946996175,-0.0009216928447576753,0.0003630308889672378
-0.0021116191396003884,-0.0004860431922970032,-0.0003221012929114503,0.0030986732456914252,8.757502664925865e-05,0.0002767831102723148,-0.0003701606956723227
-0.001886062015173748,-0.00043546311149304795,-0.00027123504600152365,0.002793014776398931,3.124460238855542e-05,0.0001772450489569144,-0.0004082933890878892
-0.0016840709343989321,-0.0003900988678805506,-0.00022700639734965847,0.0025176505890655947,-1.6055515549937005e-05,9.13436531477449e-05,-0.0004380830278285547
-0.0015031411455212183,-0.00034940884188157384,-0.00018847698868222282,0.002269569094055634,-5.567847175227958e-05,1.7341978341481323e-05,-0.00046095073113814906
-0.0013418130734305204,-0.00031313715011739574,-0.00015638489002910844,0.00204563670338501,-8.452598325409122e-05,-4.70066476624606e-05,-0.0004615970962049509
-0.0011964125573309123,-0.00028029318638056466,-0.00012702402484434522,0.0018443499545491814,-0.00011291024193761656,-0.00010059794054668308,-0.0004766859124083001
-0.0010657378078693395,-0.00025063210620163145,-0.00010203731693114726,0.0016628970470399587,-0.0001363490393718192,-0.0001461536033130692,-0.00047979375678850085
-0.0009486492397348728,-0.00022356159871925185,-8.106500018429177e-05,0.001498952627353032,-0.0001512267586675914,-0.0001843494262828288,-0.0004560882270316954
-0.0008468933389175592,-0.00020066804618397438,-6.555558847191889e-05,0.0013507993684043762,-0.00015522229319508973,-0.00021314362382813395,-0.00042249279305575996
-0.0007578337836008984,-0.00018422285674106476,1.6199853535993347e-05,0.001227129717280076,-0.00026934814455419065,-0.0003521632063965968,-0.0014099836039225414
-0.0006786773174956033,-0.00016580305619229296,1.8808511933882804e-05,0.0011054203976950915,-0.00025135746831692063,-0.00034057687793140334,-0.0012559640603495821
-0.0006076920493939982,-0.0001492282931470218,2.0759742826181177e-05,0.0009957898812087383,-0.00023438355228169727,-0.00032886528359818423,-0.001118375774510712
-0.0005440775475190548,-0.00013431917355906375,2.2153431000711266e-05,0.0008970402344423353,-0.0002183469332964344,-0.0003167149920616924,-0.0009953841343771116
-0.00048707713144345664,-0.00012090943455438097,2.3060782542327907e-05,0.0008080872715117496,-0.0002031835182021019,-0.0003043253203321161,-0.000885231719888544
-0.0004360070159269986,-0.00010884944712460931,2.3582896635610667e-05,0.0007279569278508154,-0.00018888114273490908,-0.00029179246832730654,-0.0007866414103133682
-0.00038563709274761783,-9.730637369831374e-05,3.629081778580914e-05,0.0006597176577918529,-0.00020990656981276223,-0.0002782263992426384,-0.0008625002527582713
-0.0003448410300638256,-8.764817355548515e-05,3.49944097234392e-05,0.0005942919961159573,-0.00019385542517404153,-0.00026958474090744977,-0.0007639648924155878
-0.00030836422415638355,-7.896516945400667e-05,3.353118993324258e-05,0.0005353456516623938,-0.0001787649259537144,-0.00026027790624336133,-0.0006755617990901537
-0.00027574397266611275,-7.115974162774652e-05,3.198421374956892e-05,0.0004822355367796252,-0.00016462963377833484,-0.000250489771452915,-0.0005963059963766046
-0.00024658221653349965,-6.414376006609601e-05,3.03793959518725e-05,0.00043438251206055073,-0.0001513914767574953,-0.0002403305050560356,-0.0005252342697565668
-0.00022052417367931978,-5.783798061774481e-05,2.873722572457188e-05,0.00039126588779587676,-0.00013899700408476212,-0.00022988144093099433,-0.000461537771357779
-0.00019720296039129584,-5.1938986043373325e-05,2.6310133334730285e-05,0.0003521563397490095,-0.00012579365988153735,-0.00021751494838120194,-0.0003913274355388059
-0.000176422927349482,-4.68621647797679e-05,2.471752352052603e-05,0.0003171793979147991,-0.00011512544267809621,-0.00020678390258013768,-0.000341648912195252
-0.0001578684034154196,-4.230057434700951e-05,2.3135101514627082e-05,0.00028566161569364146,-0.00010514646784542947,-0.0001960769493087322,-0.0002970760943918076
-0.0001458062138772493,-3.904940343876784e-05,1.0290967881305957e-05,0.00025374734404227245,-6.432482110692306e-05,-0.0001864463597127386,-0.00011144314743724505
-0.00013085654820329758,-3.5269054430214775e-05,9.820699129522298e-06,0.00022850292960191476,-5.8576933289852806e-05,-0.00017252528260068567,-9.262893128677467e-05
-0.0001174938223073975,-3.1873548695937615e-05,9.311885522500507e-06,0.0002057562998586636,-5.315740066981489e-05,-0.00015935022409011013,-7.571190341662624e-05
-0.00010555678050787592,-2.8823642948302974e-05,8.757875564858325e-06,0.00018525914083136752,-4.8033575744815815e-05,-0.0001469027128657291,-6.045969227901418e-05
-9.489880730121324e-05,-2.608445096731471e-05,8.166532744019461e-06,0.00016678850907231313,-4.3188601017887795e-05,-0.00013513495011163723,-4.668940861963112e-05
-8.53877308521888e-05,-2.3624683550854675e-05,7.546269816277595e-06,0.00015014345727764125,-3.8607390250938733e-05,-0.00012400527289014446,-3.4239850046892395e-05
-7.63611145765306e-05,-2.126416360914707e-05,7.922058475544336e-06,0.00013542689232172098,-3.726725490008076e-05,-0.00011411185809676733,-3.542928835060686e-05
-6.808411416086473e-05,-1.908558449850717e-05,8.588993824557717e-06,0.0001222777454861594,-3.705723905192415e-05,-0.00010507052445193205,-4.118045601754668e-05
-6.104961381397608e-05,-1.7233404324690227e-05,8.453160456212833e-06,0.00011023767837620504,-3.4703784171349894e-05,-9.621592417440733e-05,-3.776320590045609e-05
-5.38744996838765e-05,-1.532021122825633e-05,9.904775179044034e-06,9.984530503745481e-05,-3.7278824703806945e-05,-8.90813917680186e-05,-5.4647818691140604e-05
-4.867684147942053e-05,-1.3947544754353003e-05,8.939251496010991e-06,8.985428820662902e-05,-3.2848313323771694e-05,-8.08993178874895e-05,-4.2066217317652047e-05
-4.2551869313299344e-05,-1.2297111543602135e-05,1.0704665829485566e-05,8.160377862448734e-05,-3.673219433247832e-05,-7.525645040941387e-05,-6.381752249876417e-05
-3.8542838800742756e-05,-1.1230241430723598e-05,9.616241566416661e-06,7.342625746080758e-05,-3.223940214586163e-05,-6.801804075216855e-05,-5.047984710753904e-05
-3.382050125205066e-05,-9.95013439547554e-06,1.0635010780059295e-05,6.662830606932527e-05,-3.419076818107769e-05,-6.290581631004932e-05,-6.364492690005136e-05
-3.0752290080413676e-05,-9.12461639492046e-06,9.486040859738726e-06,5.992867678574279e-05,-2.975875440852649e-05,-5.64755791300775e-05,-5.0180951879441084e-05
-2.5927937932213258e-05,-7.796975956000929e-06,1.2084253883531265e-05,5.492768604433221e-05,-3.670794884576278e-05,-5.3517334210689826e-05,-8.33781529957175e-05
-2.367119765143543e-05,-7.186857842456096e-06,1.0789257159124488e-05,4.940164865922109e-05,-3.202787911313343e-05,-4.77658508592424e-05,-6.823929524746829e-05
-2.144311874091847e-05,-6.576280285469638e-06,9.97463361459075e-06,4.4522285819720286e-05,-2.8880371302497654e-05,-4.2814512785156744e-05,-5.94060965987968e-05
-1.7832147340937805e-05,-5.5712266360391505e-06,1.2023509775048458e-05,4.092408960512661e-05,-3.4475007518783296e-05,-4.0605180171487953e-05,-8.6166128283409e-05
-1.6465207819340742e-05,-5.1929447847653964e-06,1.0660610849325125e-05,3.677781072309455e-05,-2.979921771059657e-05,-3.564475939226569e-05,-7.056068603172221e-05
-1.1767149118767448e-05,-4.468747686517394e-06,1.865359741484371e-05,3.5916559217075844e-05,-5.101195860113261e-05,-3.547678486395811e-05,-0.0001811264938511672
-6.593847926350711e-06,-3.137310229245349e-07,1.548100120607812e-05,3.1547908407866115e-05,-4.848800977946821e-05,-7.115125904615105e-06,-9.289175665387313e-05
-1.4038234001657098e-05,-5.33184398514297e-06,8.80074394201194e-06,2.7320474352093144e-05,-2.1790541577193512e-05,-2.816670537846011e-05,-6.885709238779129e-05
-9.428122640521563e-06,-3.606364784858318e-06,1.1277238876832019e-05,2.5310483861663152e-05,-2.9518973760703227e-05,-3.304016586410524e-05,-8.673926684937914e-05
-9.023847700335855e-06,-3.437057701963231e-06,9.905185674636413e-06,2.2704483142489684e-05,-2.5072694863015332e-05,-2.793692381607149e-05,-7.095261510605896e-05
-6.319307824351368e-06,-2.4018513548884624e-06,1.1672872032332526e-05,2.1173723319247578e-05,-3.099007185894398e-05,-2.5097762955714198e-05,-8.987573268060553e-05
-6.225897063216572e-06,-2.351290998472977e-06,1.0264575249309404e-05,1.898045403231352e-05,-2.6404815250097302e-05,-2.0742150046659802e-05,-7.39741060282479e-05
-6.211511154729111e-06,-2.330002481606974e-06,8.937863696434345e-06,1.6989380610815674e-05,-2.2093609090445554e-05,-1.6628237062006612e-05,-5.950356606588148e-05
-3.431331222752054e-06,-1.5212825246746497e-06,1.2063652359086546e-05,1.6427874588654384e-05,-3.157752985667728e-05,-1.799124757698861e-05,-9.953263921753204e-05
-3.6693396333218817e-06,-1.5665892186544905e-06,1.0577435315795025e-05,1.4698730644677194e-05,-2.6805982699884545e-05,-1.4117154981951874e-05,-8.237660331782744e-05
-3.746701383924682e-06,-1.567773187619026e-06,9.431107213873913e-06,1.3190295643724509e-05,-2.311519730896494e-05,-1.099147996199562e-05,-6.950431312316083e-05
-3.710625216670838e-06,-1.2581948035383927e-06,7.84973860388366e-06,1.1437598990773207e-05,-1.907930043330841e-05,-9.53143322722505e-06,-5.1008176692326525e-05
-4.91299681128687e-07,-2.1994291991844772e-07,1.084945144464583e-05,1.1485417223237177e-05,-3.0438444907063267e-05,-1.2222577931070289e-05,-9.325250948958837e-05
2.210850803055931e-06,7.857750228407179e-07,1.3043559304794228e-05,1.1078178001187877e-05,-3.6939782592351755e-05,-1.6530481554907772e-05,-0.00011355094806565769
1.1912136432181298e-06,4.1367400505087915e-07,1.2146660135985143e-05,1.0166934652520998e-05,-3.3564866421559314e-05,-8.979444929675673e-06,-0.0001077744753215479
3.287584850882822e-06,1.0797447950600114e-06,1.4456890396811334e-05,1.0072602241062434e-05,-4.046741042214308e-05,-1.1638005273678642e-05,-0.0001345702390023215
2.2173412701717316e-06,7.380783412086478e-07,1.3038755114123945e-05,9.100004157172603e-06,-3.558421691610136e-05,-5.864654232634603e-06,-0.00011955481508015486
4.010881090730362e-06,1.253918273866339e-06,1.5289788342590788e-05,9.173736023805612e-06,-4.240911980445128e-05,-7.967261625954625e-06,-0.00014746498701411056
2.8999452231200443e-06,9.160663432122851e-07,1.3638945017331594e-05,8.225975066781382e-06,-3.6879373378012614e-05,-3.257305266061994e-06,-0.00012833806571748612
4.528056453310947e-06,1.3605743330313835e-06,1.5762199086728768e-05,8.390395377675525e-06,-4.3416071237603604e-05,-5.389036141126291e-06,-0.00015519079082589905
3.353237935916839e-06,1.0063838241508583e-06,1.3995645008209323e-05,7.497272752274298e-06,-3.757867577929008e-05,-1.1540332211165683e-06,-0.00013420637272673402
4.89433908109683e-06,1.4214768290221613e-06,1.5963251610004447e-05,7.704914617809311e-06,-4.373281651914862e-05,-3.683523657448118e-06,-0.00015904919016646426
7.516425690246237e-06,5.505415292858529e-06,-4.919600430563706e-05,-2.3739949212564504e-06,6.462710018163842e-05,0.00012043513083145191,0.0008528238260857557
9.065492479719706e-06,1.9446158114472256e-06,2.638006725235939e-05,9.21770475531894e-06,-6.858782359282778e-05,-3.7117841602478385e-05,-0.0003116705356482627
7.283287481981435e-06,1.4893604020904672e-06,2.3338122107256082e-05,8.159464906502822e-06,-5.936156808492021e-05,-2.9292663026932175e-05,-0.00027069272355419475
9.39409613178008e-06,5.7384769588386675e-06,-4.3883539389385356e-05,-2.4456883562715137e-06,5.414214437522713e-05,0.00010060087282716401,0.000776104934973969
1.0554842832317468e-05,2.1196433211828625e-06,3.097871704346722e-05,9.1537462886572e-06,-7.759728253564635e-05,-5.377100388499756e-05,-0.0003805294966192736
8.454704358745128e-06,1.6095684447076097e-06,2.7297664870942068e-05,8.050944437714563e-06,-6.684231357899362e-05,-4.3385586647362584e-05,-0.00033037261512585195
6.534471827540677e-06,1.1453374229586366e-06,2.386347456993787e-05,7.025923858823557e-06,-5.6904504259741584e-05,-3.427297067661039e-05,-0.0002845371704156192
8.703040708337188e-06,5.235210099568954e-06,-4.2779449059109076e-05,-3.288195475899952e-06,5.523480302624395e-05,9.516866651981815e-05,0.000754670739587871
9.651754879458699e-06,1.5550656776025518e-06,3.172035470554169e-05,8.384206364352859e-06,-7.601914827434775e-05,-5.900878730992487e-05,-0.0004011508899147975
7.447571109828318e-06,1.0585119368522466e-06,2.7736184217037885e-05,7.291248820182755e-06,-6.4663158972883e-05,-4.725792472350804e-05,-0.000346302285434019
9.47765314062766e-06,5.163598122429058e-06,-3.9510830569394056e-05,-3.1617917840287557e-06,4.9039391777097596e-05,8.394762553470131e-05,0.000704554874354819
1.0084500264625129e-05,1.408735190569499e-06,3.4443559575304816e-05,8.490322594242872e-06,-8.099945350835414e-05,-6.841377137346144e-05,-0.00044615276078686624
7.719740224975498e-06,8.989725104879831e-07,3.0057723335055048e-05,7.347784057733231e-06,-6.86875220030081e-05,-5.519254893220776e-05,-0.00038507986126496254
9.693126618795164e-06,5.032181846928441e-06,-3.7607282391549646e-05,-3.210318996867134e-06,4.608592583542348e-05,7.72337552599131e-05,0.0006744207372486523
1.0038022819982857e-05,1.215355690517561e-06,3.5960232880230536e-05,8.440302478207595e-06,-8.312925783296454e-05,-7.387143437792565e-05,-0.0004733664251530545
1.8768801573954517e-05,4.095979802151706e-06,5.3394963605752493e-05,1.4043055998676224e-05,-0.00013680439371585584,-5.476238332212391e-05,-0.0006891184060973401
1.80487200376236e-05,3.939293119634146e-06,4.9809829402797795e-05,1.3191397611116845e-05,-0.00012851783441700237,-5.314506994832935e-05,-0.0006368356501388764
1.7258224981438457e-05,3.7569307538010133e-06,4.635556285354295e-05,1.2297584278835039e-05,-0.00012005525712223408,-5.241886773814375e-05,-0.0005863976371994145
1.638345982721799e-05,3.5300881733174583e-06,4.309746992370994e-05,1.1394702807712709e-05,-0.00011162858853699942,-5.174507130445427e-05,-0.0005382691479151017
1.545455713150871e-05,3.300242676515519e-06,4.020089247306832e-05,1.0655580393769543e-05,-0.00010421339067452629,-4.852247770800039e-05,-0.0004955201773370827
1.4010093705793189e-05,2.955121980938169e-06,3.688873243417115e-05,9.819246905747037e-06,-9.527991392584145e-05,-4.223652437212316e-05,-0.000447859836055079
1.7668674740768664e-05,7.468026702941999e-06,-3.0033308525172914e-05,-8.821816542894934e-07,1.7267100344955932e-05,7.701805931940864e-05,0.0006145672435119562
1.6753976693314977e-05,3.1213973980259713e-06,4.3379283107772976e-05,1.1061054967044515e-05,-0.00011105720140706932,-7.325408831857644e-05,-0.0005484198271593146
1.3288003836790449e-05,2.2973081665600414e-06,3.721363528338961e-05,9.37317345871616e-06,-9.288893510271679e-05,-5.989113738838481e-05,-0.0004624891872528161
1.2462021134689895e-05,2.145127571406835e-06,3.455328364658852e-05,8.709639238015793e-06,-8.629034101262367e-05,-5.585902385041308e-05,-0.0004246375184875908
1.1450878623839355e-05,1.963253625558714e-06,3.187970017699132e-05,8.059446556987065e-06,-7.947176516141796e-05,-5.0055060156380116e-05,-0.000386650053112897
1.8445728352986177e-05,9.074554283824976e-06,2.6929556482375994e-05,5.920137496225747e-06,-7.917066898173453e-05,5.612314962620546e-06,-0.00022608226868762473
1.5628825165577313e-05,1.1126046642120913e-05,-4.681183247693538e-05,-6.550588218374315e-06,5.612240779433175e-05,0.00012477042068973626,0.0008884579602790536
1.4923113056811762e-05,1.0032610493981853e-05,-4.184237820824624e-05,-5.84284900147225e-06,4.8930416125372855e-05,0.00010060823866951674,0.0007950689375935275
1.3464374690375655e-05,5.623315865108114e-06,3.169959266340061e-05,6.053354627996027e-06,-7.771574870418796e-05,-3.4487635347198176e-05,-0.0003519168118959323
1.0844484144265564e-05,7.961128719757848e-06,-4.191216415454224e-05,-6.222833877748274e-06,5.66957425653658e-05,9.749099697101832e-05,0.0007736851765708258
1.2344262885563215e-05,4.491010227022918e-06,3.435264745749178e-05,6.534772879238787e-06,-8.089149183744537e-05,-4.866986188904743e-05,-0.000412984354820521
9.794693873807405e-06,6.952666075435432e-06,-3.953390412379104e-05,-5.8169550229136835e-06,5.4059194132316524e-05,8.571143880625048e-05,0.0007206138034812036
1.1297862920691022e-05,3.5557700631544398e-06,3.64275886264101e-05,6.911534071004505e-06,-8.315145824554226e-05,-5.8867936867761095e-05,-0.00046137397957809545
8.831453220511628e-06,6.121447760534804e-06,-3.769235752650729e-05,-5.5133162387456525e-06,5.22705114019556e-05,7.718718123041896e-05,0.0006790802825400737
1.0338307356206385e-05,2.7815129282349194e-06,3.802562599686948e-05,7.195792670725704e-06,-8.466211752812536e-05,-6.621819469186663e-05,-0.0004994132488519579
7.95056585309122e-06,5.435388541516484e-06,-3.628696483537128e-05,-5.2909471306913924e-06,5.114107216404318e-05,7.113216181816456e-05,0.0006467118207204041
9.463228641925408e-06,2.1396415611357744e-06,3.924386107872352e-05,7.406620395708496e-06,-8.559969781143928e-05,-7.139710560636475e-05,-0.0005292240992979583
7.148148963390241e-06,4.868216253950397e-06,-3.522451401867868e-05,-5.1321822333791345e-06,5.050851099296094e-05,6.697720222522546e-05,0.00062158897712757
8.668817471156392e-06,1.6067115654466724e-06,4.016011873918257e-05,7.5593199778088704e-06,-8.610232168661247e-05,-7.49348217857354e-05,-0.0005524985741664564
6.421670520542896e-06,4.399029942911414e-06,-3.443262865996527e-05,-5.0235869920450815e-06,5.024895721274236e-05,6.424914646731283e-05,0.0006022148562726622
7.950203328834513e-06,1.1634417040468081e-06,4.083672219588538e-05,7.666187021866666e-06,-8.627787606742265e-05,-7.724341349193975e-05,-0.0005705862870040786
1.1997681377843607e-05,9.759280654331182e-06,-3.614952604882177e-05,-6.304700654938961e-06,4.585316488489588e-05,9.60791311308204e-05,0.000680959483500674
1.1195395161777734e-05,8.777343905155832e-06,-3.2590503530244286e-05,-5.703437788169563e-06,4.089114497192459e-05,7.968652982397878e-05,0.0006116304081548204
1.032231410478938e-05,7.863191899534772e-06,-2.948814058291796e-05,-5.202750117810906e-06,3.692170240408854e-05,6.600978234384824e-05,0.0005512108035406549
9.40532721207415e-06,7.017627801864101e-06,-2.6807311359171304e-05,-4.784510346481086e-06,3.377358500326888e-05,5.4599090095086567e-05,0.0004984111686100897
8.456708845349607e-06,6.2355218324455786e-06,-2.449959979195296e-05,-4.438607331926775e-06,3.1337834140068854e-05,4.5176031554565454e-05,0.00045234939340927554
7.486821948906848e-06,5.512106305116671e-06,-2.2522102346041878e-05,-4.15603872787676e-06,2.9518544454695816e-05,3.74939242218722e-05,0.00041224155259428526
6.502210622045439e-06,4.84282762155952e-06,-2.084052943844561e-05,-3.928664903715684e-06,2.8235573734852748e-05,3.134340102863009e-05,0.0003773927370654376
5.513327783046541e-06,4.223740600481363e-06,-1.941566745496809e-05,-3.749594126960243e-06,2.7408832751277257e-05,2.6517853508670197e-05,0.0003471838611484165
4.526612466233685e-06,3.651052277717226e-06,-1.821694571036911e-05,-3.61253443548204e-06,2.6972501686997608e-05,2.284476768791427e-05,0.00032106588232803154
3.4969811724030585e-06,3.066130391277122e-06,-1.699443154265165e-05,-3.3793728206436835e-06,2.6187152735487884e-05,2.1671839793201142e-05,0.0002951494774130698
5.120771038029598e-06,3.2970698798373554e-06,-1.2914279018960001e-05,-2.405405022675583e-06,1.5668554128045464e-05,1.1871740124631824e-05,0.00023553643101529263
4.0325487107879116e-06,2.79376637624118e-06,-1.2438781810866079e-05,-2.420297447285058e-06,1.6757496975328134e-05,1.0860134661172527e-05,0.0002220111053275616
5.293733841065136e-06,2.9304174850308673e-06,-8.913597513132004e-06,-1.505254208961776e-06,7.612531471662409e-06,4.5454138221309726e-06,0.00017091531874042186
4.142055406028671e-06,2.45351808089711e-06,-8.865240677068814e-06,-1.6191320038431989e-06,9.652900592765912e-06,4.613977818659909e-06,0.00016458516564161725
4.943658937866385e-06,2.5087820111902026e-06,-6.292179623616084e-06,-9.622061657409142e-07,3.2023658251834064e-06,2.421628402249354e-07,0.0001270308600380761
3.754319309940161e-06,2.045479304893516e-06,-6.46069434997662e-06,-1.0886255604435069e-06,5.593730210542991e-06,1.8621172189758894e-06,0.00012465185015488435
5.105995827861835e-06,2.2921599753672472e-06,-3.5229573474224174e-06,-3.2943612465405336e-07,-2.4387063553982236e-06,-3.9872049261355236e-06,8.368135910380653e-05
3.882157272620465e-06,1.8611065823320727e-06,-4.073216582356487e-06,-5.79048223252332e-07,8.850770238655326e-07,-2.389528564079868e-06,8.730070091720514e-05
4.756726778781979e-06,1.992140631651429e-06,-1.8820424131059388e-06,5.437584885831237e-09,-4.964100094387303e-06,-5.831555262618415e-06,5.664295357945192e-05
3.519804429837417e-06,1.5761718446805073e-06,-2.5907331763566632e-06,-2.6233112350448895e-07,-1.3727319719686326e-06,-3.393424655696864e-06,6.303581713252519e-05
4.7882498715532806e-06,1.8368116051631356e-06,-1.0421759897433214e-07,4.1180523611961117e-07,-8.458889881504672e-06,-7.860643026755265e-06,2.9260033223657902e-05
1.3505406609924577e-05,8.611222508725369e-06,1.581001271920568e-06,1.6058601018387186e-08,-2.4362989234860688e-05,3.095999899534879e-05,8.65396477162236e-05
1.1837502691138934e-05,7.645996632443808e-06,9.116241004684944e-07,-1.4457874709244978e-07,-2.0278851881605497e-05,2.7789875435800526e-05,8.435290388851806e-05
1.0311368375538234e-05,6.776600994490289e-06,2.956387312076647e-07,-2.9073101103643806e-07,-1.656227110165276e-05,2.519382088322919e-05,8.242483451186607e-05
