0.0,0.0,0.0,0.0,0.0,0.0,0.0
-38.605753918826856,-28.389070809418264,32.943886654044256,-57.84221457361669,-39.38456907662299,43.63145537717143,-51.30407822755333
-34.74523800224757,-29.64772886772157,29.633720114834695,-55.28095365295597,-35.44611216896068,39.267999421086444,-46.16725522854393
-31.270677410155322,-30.427891819802753,26.670792079545595,-49.75278181481193,-31.90178518250969,35.34117715602691,-41.551043226813384
-28.143570078486555,-32.23399869159898,24.003712871591034,-44.777499036088535,-28.711552981237553,31.807034177512307,-37.39591818938637
-25.32918522461778,-31.08792668401311,21.60334158443193,-40.29969301974646,-25.84054097467985,28.62623846215407,-33.65633496682918
-22.79624802818981,-30.47132951304258,19.44300742598874,-36.26974072408776,-23.25641498274127,25.763594906492315,-30.290684066431606
-20.51657685899515,-30.143080063382158,17.498706683389866,-32.64269380986584,-20.930975387803265,23.187036831087468,-27.261615574506532
-18.46492009605379,-29.90063531021355,15.748836015050877,-29.378468925695834,-18.837767765348378,20.8683478470662,-24.535432226504323
-16.618444496142825,-29.571586424455,14.173952413545784,-26.440672855210728,-16.95386123822837,18.7815855850654,-22.081876139820018
-14.956576983845457,-29.00781807805058,12.75655717219121,-23.79659554587844,-15.258537327556514,16.903304951803783,-19.87367270679078
-13.460941540007697,-28.082231875199103,11.480901454972086,-21.41697558388343,-13.732572245430134,15.213075574159715,-17.886305174417714
-12.114831096013914,-26.68715172223802,10.332811309474877,-19.27527890430658,-12.359348016852715,13.691678010632298,-16.09766205686954
-10.90333827344487,-24.734608844273883,9.299530178527387,-17.34775998408528,-11.12341846415784,12.32245668319272,-14.487887227996977
-9.813021427445438,-22.156893954334123,8.369577160674647,-15.613003964129573,-10.011006834587048,11.090300591879338,-13.039106360877149
-8.831883792603229,-18.907354751736438,7.532619444607185,-14.051718590756817,-9.009474234837965,9.982127710157137,-11.735291386204299
-7.948666191906016,-14.9604202616808,6.779357500146467,-12.646563784751901,-8.108631900674178,8.983751230800422,-10.561739333060007
-7.153823616392402,-10.311639081002722,6.101421750131816,-11.38190213833467,-7.2977344214134865,8.085495375096706,-9.505575910347913
-6.438226845569583,1.3794733504327414,7.139545459706258,-10.243629990365095,-6.568273179113116,7.276098487194384,-8.554921591875893
-5.7946433912876945,2.8990517538544682,4.77732502914801,-9.219366438588388,-5.911085357343273,6.549578928485815,-7.6995507873714715
-5.2151561635752115,2.6091715354448217,4.299592526233209,-8.297425583908229,-5.3200237087765725,5.894531621691285,-6.9295823616511925
-4.693649838643361,2.348237348051225,3.8696332736098897,-7.467696437002158,-4.787998617008079,5.305193895099418,-6.236627974795968
-4.2242772123068715,2.113419385033224,3.482669946248901,-6.7209246051919855,-4.3092172087799545,4.774671602894662,-5.612959451779465
-3.8018495796544767,1.9020723355813833,3.134402951624013,-6.048832079593404,-3.8782988106343286,4.2972565576122514,-5.0516624133491765
-3.421671856056043,1.7118488242030245,2.82096265646161,-5.443950775799703,-3.4904590308317873,3.8676452081620694,-4.546499112625373
-3.0794705971759972,1.5407148362444767,2.5388663908154476,-4.899545885671898,-3.141479768252795,3.4806176696427,-4.091829447714063
-2.771537219785399,1.386617172074122,2.2849797517339017,-4.4095949088987965,-2.82731000852063,3.1327251121060313,-3.6826531678034997
-2.4513909310035196,1.2950571489502432,2.0688000499125767,-3.960652327642986,-2.5824910486514807,2.25226540140624,-3.628827150935098
-2.209440102278468,1.1636055876308167,1.860869553181487,-3.5673720155406192,-2.308662007274166,2.035149825968782,-3.110220522687046
-1.9992505078303509,1.035060143122123,1.6720840378911221,-3.217887627217259,-2.0519715413556474,1.962972847307657,-2.8090077058281597
-1.8041704274195096,0.929321895808539,1.5019377344912053,-2.901458363119942,-1.8296301981066405,1.8043499177880935,-2.531236786054519
-1.6307322620010412,0.8248071084425772,1.3520690381434708,-2.610328942835841,-1.6448849520266011,1.7448208263718108,-2.162791514862364
-1.4695147549938476,0.7403046983715279,1.2168546576924597,-2.3491373102779733,-1.4771422140302628,1.5920687731536174,-1.8625109680276464
-1.3243727780009347,0.6643724285316207,1.0947109840161393,-2.114228347042789,-1.326819365896143,1.4562083904413408,-1.6436954043656282
-1.1870680466304444,0.6012775637396915,0.9904314733105775,-1.9009126306364106,-1.192988683863714,1.2512867089098418,-1.3898435800962896
-1.0732994537084553,0.5356187873580358,0.8892142524188171,-1.7109204965576652,-1.0775528495696953,1.2016440288925285,-1.2156319582956205
-0.9686825115086449,0.4781995021049196,0.7998744877260351,-1.5396834338367107,-0.9748393226609383,1.1348566749273374,-1.0973723028033358
-0.873748376551815,0.4284197564502612,0.718685685997521,-1.3858074415059138,-0.8775482317283689,1.05038774336432,-1.007791961958943
-0.7869698696207996,0.383347017668685,0.6483776345535017,-1.2464232954221137,-0.797488704706399,0.9744535662794693,-0.8979846907679533
-0.7104813625855425,0.34293925418831006,0.5823691280979921,-1.1211642378710507,-0.7249227930701235,0.9145529147166441,-0.8456934670420138
-0.6408862408953362,0.307376485747293,0.5231694970737841,-1.0070024525263532,-0.6575114264999694,0.8419742884682131,-0.7825460568716124
-0.578799174884731,0.27551384777714977,0.46859989483900644,-0.9036600843846206,-0.5956286475513923,0.7750331853180107,-0.7372511739399434
-0.521456301523593,0.2478358311999201,0.42098343305982305,-0.8138595729828229,-0.5352413510789366,0.7027199581113786,-0.6790913767505109
-0.4712763320136017,0.22278623232043387,0.37557875799265583,-0.7335635263162441,-0.47919182338653654,0.6491842257399443,-0.6741946062357053
-0.4241488980755735,0.20050857875019634,0.3380226703153786,-0.6602071761846503,-0.43127224457030944,0.5842658416153972,-0.6067751456121293
-0.3817353360893669,0.18046415095156093,0.3042322411613985,-0.5941864751687301,-0.3881423771821273,0.5258395345564096,-0.5460976310509196
-0.3435659577945096,0.1624376818094561,0.27384565677986633,-0.5347678792474801,-0.3493198412960549,0.4732565171437727,-0.4914878679458319
-0.3092193212887708,0.14613172577811076,0.24641068969502727,-0.4812934814456459,-0.31438056362666034,0.42618157017060615,-0.4423468308854987
-0.2783398248308285,0.1314239839713815,0.2217696207255262,-0.4331713852619239,-0.28289264845115586,0.3842529505729646,-0.39813259844596793
-0.25050280946108255,0.11828782589812382,0.19959265865297304,-0.3898532722212402,-0.2546075262513957,0.3457839720206837,-0.3583181435937164
-0.22544978703728405,0.10646472754926528,0.1796333927876752,-0.35086708928870924,-0.22915046754463858,0.3111655861835033,-0.32248524180034965
-0.20290240621348243,0.09582325741211184,0.16167005350890662,-0.3157796374000911,-0.2062386302095012,0.28001371752250137,-0.29023576724569533
-0.18261005561739305,0.08624534351194427,0.14550304815801596,-0.2842010265654897,-0.18561756433770543,0.25198111227272824,-0.2612113576363986
-0.16434719238596865,0.07762470762166414,0.1309527433422133,-0.2557803586581187,-0.1670582528730936,0.22675532714522217,-0.23508949005490454
-0.14791083415936063,0.06986568780186883,0.1178574690079941,-0.23020182770334427,-0.15035457044525474,0.20405523721607244,-0.2115798965216784
-0.13311830192395974,0.06288217873522617,0.10607172210719362,-0.20718121022463065,-0.13532099608653697,0.18362789200259297,-0.19042133801281688
-0.11980518879118769,0.056596677652549665,0.09546454989647477,-0.1864627066452888,-0.12179055428612821,0.16524568815043778,-0.17137870117689924
-0.10782353207085235,0.05093942536938592,0.08591809490682678,-0.1678160986205096,-0.10961296163499543,0.14870382662699488,-0.15424038545834096
-0.09704016827285959,0.045847632983194886,0.07732628541614517,-0.15103419069119292,-0.09865295856954177,0.13381802561751066,-0.13881595156938403
-0.08733525271613904,0.0412647857125744,0.06959365687453278,-0.13593050781560298,-0.08878880775526733,0.12042246327678702,-0.12493400516258127
-0.07860092726206003,0.03714001620151429,0.06263429118707897,-0.12233722318205587,-0.07991094248575555,0.1083679271325129,-0.11244029217365972
-0.07074012134284781,0.03342754037134636,0.05637086206837161,-0.11010329326732463,-0.07192075012582104,0.0975201493019751,-0.10119598465990245
-0.06366547294203932,0.030086149588709532,0.05073377586153606,-0.09909277941092969,-0.06472947711807722,0.08775830880297959,-0.0910761380784845
-0.057298357521297555,0.027078753536229724,0.04566039827538404,-0.08918333724919594,-0.058257243414957846,0.07897368413923277,-0.08196830285599302
-0.051568014090555794,0.024371968730257598,0.0410943584478467,-0.08026485721987985,-0.05243215540819442,0.07106844104403462,-0.07377127481640103
-0.046410758700530096,0.021935748132638766,0.03698492260306098,-0.07223824102758991,-0.04718950751738686,0.06395454179491412,-0.06639397057865211
-0.041769276610101116,0.019743047756594592,0.03328643034275382,-0.06501430047173903,-0.04247106358081222,0.057552763884007374,-0.059754415424652235
-0.037591985256741414,0.01776952657485792,0.029957787308475745,-0.05851276639919676,-0.03822441007547102,0.05179181706129665,-0.05377883238876013
-0.03383246094634262,0.015993276406081586,0.026962008577630286,-0.05266139676775497,-0.03440237398917577,0.04660754887481443,-0.04840082244512832
-0.030448922887657416,0.014394578786717113,0.024265807719869414,-0.04739517390821017,-0.030962498884128872,0.04194222982627201,-0.04356062668193987
-0.027403768834659333,0.012955686133965333,0.021839226947880888,-0.04265558206444145,-0.027866573336539455,0.037743910154454094,-0.03920446226293638
-0.0246631571741911,0.0116606247740621,0.01965530425309224,-0.038389957182808125,-0.02508020651771338,0.033965841061888574,-0.035283924796689424
-0.02219663081285835,0.010495017652249139,0.017689773827783042,-0.03455090172555286,-0.022572446204889643,0.030565953922424505,-0.031755450472160246
-0.019976778681964673,0.00944592475849497,0.015920796445003674,-0.03109575800513395,-0.020315434980883687,0.027506391656649767,-0.028579831983528592
-0.017978931097699165,0.00850169949940982,0.01432871680050063,-0.027986134187207544,-0.01828410080524985,0.02475308704572532,-0.02572178286478485
-0.01618088559018438,0.007651859423304208,0.012895845120452179,-0.025187477694903128,-0.01645587852119966,0.022275383279216923,-0.023149545392890027
-0.014562660153754797,0.006886969864466672,0.011606260608406416,-0.02266869127416891,-0.014810459205764945,0.020045692504609747,-0.020834537702247663
-0.013106271175786322,0.006198539215884202,0.010445634547563643,-0.020401787453688223,-0.01332956457984745,0.018039188570738607,-0.018751036189198902
-0.011795533575705203,0.005578924668495189,0.009401071092806745,-0.01836157755990098,-0.011996743972866444,0.016233530539363106,-0.016875889677234093
-0.01061588093274217,0.005021247371176291,0.008460963983527123,-0.016525391831345628,-0.010797191587254382,0.014608613882520577,-0.01518826216682628
-0.009554203603178175,0.004519316070072832,0.007614867585175489,-0.014872827522310554,-0.009717582033282171,0.013146346592453187,-0.013669401311111327
-0.008598703027860744,0.004067558379950223,0.006853380826656874,-0.01338552219680917,-0.008745922307687712,0.011830447708771383,-0.012302430044800632
-0.00773876061071355,0.003660958924848162,0.006168042743993851,-0.012046949693631879,-0.00787141857204933,0.01064626601768709,-0.01107215905094427
-0.006964819710848504,0.0032950036615652517,0.005551238469596612,-0.010842236495424429,-0.007084356251293847,0.009580616903113598,-0.00996491798154437
-0.006268279436841641,0.002965629768090061,0.004996114622636952,-0.009757996461249224,-0.006375992120561294,0.008621635531818578,-0.008968403556653662
-0.00564139906267965,0.002669180540744373,0.0044965031603716316,-0.008782182086252952,-0.0057384571818559355,0.007758644737018094,-0.008071542854028313
-0.005077212003169235,0.0024023647995492503,0.004046852844334467,-0.00790395063566807,-0.005164669251682866,0.006982036128537025,-0.007264370270196035
-0.004569448392668448,0.002162220351142899,0.003642167559899434,-0.007113543665733361,-0.0046482542887342215,0.006283163105237244,-0.006537916785781649
-0.004112465406736186,0.0019460811037849551,0.003277950803907359,-0.006402178592677332,-0.0041834755877814545,0.005654244577926348,-0.00588411030460867
-0.0037011845523316697,0.0017515474693698962,0.0029501557235160764,-0.005761951105077195,-0.0037651700532750076,0.005088278330384624,-0.005295685959138735
-0.003331035229569134,0.0015764597239671801,0.002655140151166066,-0.005185747335177213,-0.0033886908447775532,0.004578963053600615,-0.00476610538563787
-0.002997903937881005,0.0014188740311295023,0.0023896261360505516,-0.004667164813157158,-0.0030498557571709273,0.004120628184781386,-0.004289484072042738
-0.0026980885620195415,0.001277040861873982,0.002150663522444432,-0.004200441326228724,-0.0027449007621984656,0.0037081707698391336,-0.003860525971190649
-0.00242825722990821,0.0011493855717139984,0.0019355971701973118,-0.0037803908918373035,-0.0024704381953156995,0.0033369986461775775,-0.0034744646529230594
-0.002185411285066474,0.0010344909192010476,0.001742037453180259,-0.003402346133726253,-0.0022234191233766187,0.00300297931303066,-0.0031270103411345663
-0.0019668519621564937,0.000931081331888739,0.0015678337078632865,-0.003062106420498978,-0.0020010994750972178,0.002702393919981727,-0.002814302247230024
-0.0017701503952604735,0.0008380087450354234,0.001411050337075892,-0.0027558911903502355,-0.0018010095581220131,0.002431895861338171,-0.0025328656703509558
-0.00159312062560793,0.0007542398558590402,0.0012699453033704206,-0.002480297943470166,-0.00162092662401081,0.0021884735151970897,-0.0022795733877154414
-0.001433795308777101,0.0006788446518596059,0.0011429507730333771,-0.002232264435243242,-0.0014588501764493667,0.0019694167123532474,-0.0020516109059852197
-0.0012904038513741785,0.000610986085846657,0.0010286556957321835,-0.0020090346501864913,-0.0013129797483511507,0.0017722865616770778,-0.0018464451876008762
-0.001161352734252375,0.0005499107830379546,0.00092579012616055,-0.0018081281785760628,-0.001181694901014274,0.001594888295935154,-0.0016617965045466546
-0.001045207803588362,0.0004949406770807796,0.0008332111135445214,-0.0016273126554310138,-0.0010635372231440343,0.001435246835704146,-0.0014956131067947898
-0.0009406783329738242,0.0004454654821488824,0.0007498900021900567,-0.0014645789556619188,-0.0009571941297941422,0.0012915847993253682,-0.0013460484240156913
-0.0008466026794798076,0.00040093591751495794,0.0006749010019699853,-0.0013181188697176278,-0.0008614842812221246,0.001162302714011923,-0.0012114405470968152
-0.0007619353742016419,0.00036085760940983425,0.0006074109017735196,-0.001186305011764116,-0.000775344459709254,0.0010459612077687308,-0.0010902937616151832
-0.0006857355038770701,0.00032478560245755017,0.000546669811594569,-0.0010676727369971287,-0.0006978177585854062,0.0009412649838838882,-0.0009812619280039087
-0.000617156254442558,0.000292319419731249,0.0004920028304340324,-0.0009609038673075235,-0.0006280429521961228,0.0008470483995161593,-0.0008831335236918186
-0.0005554355003280134,0.00026309861664691736,0.00044280254739170744,-0.0008648120443846101,-0.0005652449287649464,0.0007622624878225598,-0.0007948181811270084
-0.000499887334876277,0.00023679877925079917,0.0003985222926541493,-0.0007783295475374367,-0.0005087260799007953,0.0006859632791537812,-0.0007153345719649613
-0.00044989444782648873,0.00021312792256421298,0.0003586700633881751,-0.0007004954297459079,-0.0004578585510394695,0.0006173012912264325,-0.0006437995029237344
-0.0004049012651002864,0.00019182324892169644,0.00032280305704723844,-0.0006304448401518586,-0.0004120772667536299,0.0005555120713295753,-0.000579418102056025
-0.00036440777465751757,0.00017264823036647337,0.0002905227513441133,-0.0005673994142778097,-0.00037087365348709156,0.0004999076851977813,-0.0005214749863918754
-0.0003279639698300571,0.00015538998268395388,0.0002614704762091691,-0.0005106586252517052,-0.0003337899899406027,0.000449869057834687,-0.00046932631289538923
-0.0002951648483701542,0.0001398569019444712,0.00023532342858878508,-0.0004595919999529595,-0.00030041432235150545,0.0004048390809862218,-0.00042239262428097647
-0.0002656459116314163,0.0001258765372835341,0.0002117910857304256,-0.00041363211351327575,-0.0002703758882049989,0.0003643164105217589,-0.0003801524102949854
-0.00023907911385973382,0.00011329367633081122,0.00019061197715686262,-0.0003722682844088873,-0.00024334099751749383,0.0003278498846791822,-0.00034213631289163257
-0.00021516921661273586,0.0001019686220284366,0.000171550779443308,-0.0003350409000340837,-0.00021900932596111145,0.0002950335010329236,-0.0003079219108841815
-0.00019365050774508043,9.177564167689445e-05,0.00015439570149844428,-0.00030153630972282533,-0.0001971105786416072,0.00026550189622753795,-0.0002771290261637492
-0.0001742838485479254,8.260157105072219e-05,0.00013895613134808082,-0.0002713822284948937,-0.00017740148744743722,0.0002389262781912066,-0.00024941549929221804
-0.00015685401616504814,7.434455802890483e-05,0.00012506051821326025,-0.0002442436004412539,-0.00015966310863479993,0.00021501076549303166,-0.00022447338755093513
-0.00014116731181325858,6.691293181514124e-05,0.00011255446639246713,-0.00021981887572622774,-0.00014369839065489498,0.00019348909314198526,-0.0002020255431735285
-0.00012704940820747364,6.022418518675243e-05,0.0001012990197537672,-0.00019783665996934638,-0.00012932998513767724,0.00017412164811762831,-0.00018182253379860243
-0.00011434341223426694,5.4204058500983976e-05,9.116911778050962e-05,-0.00017805269861768946,-0.00011639827678283643,0.0001566928015986624,-0.00016363987087460174
-0.0001029081214012715,4.8785715245663885e-05,8.205220600032703e-05,-0.00016024716294811558,-0.00010475961021483293,0.00014100850827818145,-0.00014727551520424438
-9.261645463638606e-05,4.390900001009779e-05,7.384698540136014e-05,-0.00014422220744054332,-9.428469416566942e-05,0.0001268941459308115,-0.00013254763195892465
-8.335404003050051e-05,3.9519770629228845e-05,6.646228686334188e-05,-0.00012979977141809942,-8.485716519981978e-05,0.0001141925712533215,-0.00011929257021194538
-7.501794381235827e-05,3.556929709175316e-05,5.9816058175968245e-05,-0.00011681960052549803,-7.637229506984866e-05,0.00010276237029524515,-0.00010736304450141218
-6.751552645370418e-05,3.201372052091811e-05,5.383445235727924e-05,-0.00010513746611070032,-6.87358272993821e-05,9.247628402714314e-05,-9.662649822506954e-05
-6.07634131404456e-05,2.8813566267549273e-05,4.84510071210309e-05,-9.462356257885357e-05,-6.186293011484212e-05,8.321979149528147e-05,-8.696363075862829e-05
-5.468656723671937e-05,2.59333056386174e-05,4.3605906411059436e-05,-8.516106510043225e-05,-5.567725408289759e-05,7.488983479127242e-05,-7.826707180885392e-05
-4.921745639186077e-05,2.334096145151232e-05,3.92453157704864e-05,-7.664483149417284e-05,-5.011008395114369e-05,6.739367165159438e-05,-7.044018834641633e-05
-4.429530204894984e-05,2.100775302972535e-05,3.532078419608842e-05,-6.898023396010103e-05,-4.5099575292528726e-05,6.064784291755221e-05,-6.339601085919057e-05
-3.986540401961121e-05,1.8907776660262443e-05,3.178870577436044e-05,-6.208210761687177e-05,-4.059006752338279e-05,5.4577243324638314e-05,-5.7056266978095654e-05
-3.587853257834041e-05,1.701771801917995e-05,2.860983519425986e-05,-5.58738042045516e-05,-3.653146554802311e-05,4.911428531775841e-05,-5.1350511763990914e-05
-3.22903813933257e-05,1.5316593330386152e-05,2.5748851674833872e-05,-5.028634040120383e-05,-3.287868328877286e-05,4.419814656150822e-05,-4.6215344924009985e-05
-2.9061075122011407e-05,1.3785516387920804e-05,2.3173966505751764e-05,-4.525763132047847e-05,-2.959114281964048e-05,3.977409277765298e-05,-4.159370633532132e-05
-2.6154726294035785e-05,1.240748888900467e-05,2.0856569857827245e-05,-4.0731800653188294e-05,-2.663232360872181e-05,3.5792868354436735e-05,-3.743424202062341e-05
-2.3539036487805337e-05,1.1167211718177139e-05,1.877091287205701e-05,-3.665855981061297e-05,-2.3969356809289133e-05,3.221014794668742e-05,-3.3690733498372566e-05
-2.1184937382375327e-05,1.0050915084214296e-05,1.6893821584318403e-05,-3.299264913114372e-05,-2.1572660131780053e-05,2.8986042989925798e-05,-3.032158426207257e-05
-1.9066267735708478e-05,9.046205655227624e-06,1.5204439424820748e-05,-2.969333498974852e-05,-1.941560921717156e-05,2.6084657588978932e-05,-2.7289357536808972e-05
-1.7159482649031083e-05,8.141928956095779e-06,1.3683995483404487e-05,-2.6723957193105358e-05,-1.7474241881726416e-05,2.347368888203083e-05,-2.456036031479522e-05
-1.5443391903752907e-05,7.3280455359509e-06,1.2315595935064039e-05,-2.405152159824439e-05,-1.5726991919123856e-05,2.1124067379099665e-05,-2.210426895821703e-05
-1.3898924482206101e-05,6.59551950517312e-06,1.1084036339426007e-05,-2.1646333552123587e-05,-1.4154449529402147e-05,1.9009633316482977e-05,-1.9893792277316663e-05
-1.2508916628942504e-05,5.936218222118983e-06,9.975632703884685e-06,-1.9481667900101557e-05,-1.2739145699713905e-05,1.710684542219343e-05,-1.790436823531985e-05
-1.1257921102111879e-05,5.342821994200331e-06,8.978069434548153e-06,-1.7533472045607595e-05,-1.1465358138840198e-05,1.539451880033793e-05,-1.6113891083456913e-05
-1.0132035515145882e-05,4.808742830000878e-06,8.080262491105827e-06,-1.5780098682673105e-05,-1.0318936629005737e-05,1.385358907508849e-05,-1.4502465674392714e-05
-9.118747834225768e-06,4.328051272400879e-06,7.272236242528152e-06,-1.4202065270040726e-05,-9.28714583944834e-06,1.2466900128682568e-05,-1.3052186439495295e-05
-8.206797336540728e-06,3.8954105988364685e-06,6.5450126172095224e-06,-1.2781837561062076e-05,-8.358523842955101e-06,1.1219013094823649e-05,-1.1746938396860196e-05
-7.386049462737576e-06,3.5060175421486317e-06,5.890511353356942e-06,-1.1503634738063706e-05,-7.522754785022068e-06,1.0096034486956063e-05,-1.0572218101108713e-05
-6.6473831882695594e-06,3.155548988081902e-06,5.301460220152876e-06,-1.035325410455104e-05,-6.770554299234677e-06,9.085461485869306e-06,-9.514972478089773e-06
-5.9825896773745e-06,2.840113968144431e-06,4.771314197071774e-06,-9.31791324648712e-06,-6.093566362330716e-06,8.176042749566403e-06,-8.563453796184284e-06
-7.379587780252861,1.7633273465503856,0.14012582914385696,10.86119265185298,1.9806929993608735,-0.8328137742537441,-6.807284715001587
0.7379418486774112,-0.17636595680108735,-0.0140082887316062,-0.556944995303791,-0.19804506765167895,0.08348442836548553,0.6807029696269389
0.5626005104326858,-0.13235171820692113,-0.008105928847154331,-0.8296818063964444,-0.13992250030366166,0.06403437726713067,0.5112649110975733
0.40400111108650183,-0.09307580319661424,-0.003042944467052777,-0.545237783137968,-0.08784485306459167,0.04887145748015534,0.358619501482468
0.26090449608671357,-0.05754637170412308,0.001359509788995808,-0.28860171515463473,-0.04136072403851644,0.03387533097588226,0.22112273328950782
0.13168866598227036,-0.025545161554333146,0.00517312672989155,-0.057060945431508414,0.00019040406926384978,0.020265102803438642,0.09726997637094108
0.01484873764200606,0.0018617156216859665,0.00969015190522017,0.14829380361717268,0.043126461753351275,0.028720101574520082,-0.03789099414021488
-0.09083621873377747,0.026110633358340726,0.013871571166246072,0.33360874578837585,0.08114680184082926,0.04051773125277377,-0.1603312505502374
-0.18636384569122227,0.04792259752729508,0.017621394419945105,0.5010572299308808,0.1146748162446377,0.050620422951790145,-0.26691768296347396
-0.2727123225337618,0.06768850223422118,0.02091881373768832,0.6524266994998219,0.14424581795611946,0.056572202350532924,-0.35529601389940574
-0.3508276710333994,0.08565149603298301,0.02366281258082402,0.7894273610481654,0.17041140009702477,0.0599341353221025,-0.4336554702816302
-0.42154003109125837,0.10182725133664447,0.02612655244983217,0.9132997336122075,0.19362286665438594,0.062222144980564865,-0.500490545839378
-0.4854957442871939,0.11670519055854756,0.0281830880131506,1.0255914884697197,0.21432093435730154,0.06125629379766091,-0.559438160166787
-0.5422379438781831,0.135562870765024,0.027173285051429755,1.1285491127632414,0.2378707332352471,0.0067971195097713405,-0.5971685484424883
-0.5961909986812178,0.14226288490147881,0.031159732110719193,1.2199812331303408,0.24771341129451052,0.05777183443464697,-0.6592673073720422
-0.643931455662642,0.15374960802581722,0.03194721028996242,1.3042289572093488,0.26128605971959085,0.05010779753568727,-0.6985770974515434
-0.6873388391184099,0.1642571595265266,0.03242090398552064,1.3809506194465864,0.2730625933991025,0.04146395639498064,-0.7333441378325525
-0.7269002282984641,0.17365146434087822,0.03276348032962592,1.4507096537983464,0.28388079497582513,0.03452960012930956,-0.7649842722004441
-0.7629732270948816,0.1826104068174384,0.03237900983914564,1.5145758650797354,0.2927755769868582,0.024160659739732054,-0.7980279026939519
-0.79592760298586,0.19067348495906822,0.03194849461005818,1.572739153308158,0.30115296888308374,0.015453527036410078,-0.828414041767704
-0.826043086427748,0.19812748405641997,0.03129457134713791,1.6259486086294619,0.30803509364232085,0.005848517132629669,-0.8564494498588486
-0.8534934004690652,0.2055552286374428,0.03172741699686259,1.65036145779681,0.3611991498580408,0.026583590913004156,-0.764799898472281
-0.8795692922340788,0.20909692379299455,0.032693746442242974,1.690346472565745,0.3735738371345199,0.04766613030229254,-0.7774567405133614
-0.9039607588980397,0.21295324832976928,0.02998471020774672,1.7312735176661074,0.388190922376523,0.05546989529452696,-0.8366611506743431
-0.9256204414909828,0.21804810363982785,0.027491742474346326,1.7697835112840026,0.3992549047882128,0.04716970603614004,-0.8662247769905084
-0.9457950592200242,0.22268462345339723,0.025179728731640025,1.8060619946111405,0.3999913452992524,0.04104409022391811,-0.8902885341438039
-0.9642234773308231,0.22742464838075904,0.0229756098787071,1.840480260621045,0.39666822140272207,0.02688497837882503,-0.9023067549196638
-0.9822212946985056,0.2309701887513544,0.0203656936324402,1.8743063112386786,0.3904046891110401,0.029276231871254887,-0.9665737951817914
-0.9981969081047934,0.23467716611359235,0.018745399541120533,1.9050465032375836,0.3826600888859968,0.01322486665523867,-0.9731295078870736
-1.0061267140169818,0.2729082726489307,0.0019596736464662784,1.9151397546977933,0.44088520719208024,-0.26672538543645363,-1.0643534275297946
-1.020543438997278,0.2705093826866592,0.005289477528181777,1.9466124143031796,0.41305905814059724,-0.2399347362474837,-1.03282548305435
-1.0365609118864434,0.2640144081579299,0.0069485247405889836,1.9968264611487758,0.341059328760824,-0.21213732334717283,-0.9321051047112413
-1.0512562482258299,0.2578566078520331,0.010220500980657798,2.0524838992853742,0.24749143259437711,-0.16643166657009126,-0.746644791799609
-1.063235910452603,0.25391362950233987,0.0130713710765753,2.059768293939901,0.27593813773432363,-0.13230711157325228,-0.7977078986111227
-1.0745271361821935,0.25531217331390826,0.012308018000891395,2.0815731706739835,0.27106825113336364,-0.1344205418717545,-0.8465659254424769
-1.0854032182116709,0.25539543069519915,0.011931376191680595,2.0987397229351696,0.2746120363652997,-0.12320815462604581,-0.8573360816518434
-1.0940759665813078,0.25751252045375217,0.013948567999862833,2.115926398505204,0.26559799455717975,-0.11048444042476224,-0.8756790152498752
-1.1035652876488355,0.2620780712782166,0.007919123452154266,2.1253683447006435,0.28768038889124475,-0.10225394043622264,-0.8901996113845713
-1.1122463670524185,0.2635840120213422,0.007889682021315604,2.1362181271153897,0.3028297184704633,-0.09409259330614603,-0.8565113808329089
-1.1212730083418512,0.25951034749555013,0.012146390353086997,2.161435770839377,0.28690146309262576,-0.07485499220362485,-0.9449671201453268
-1.1269722585878197,0.2632609364297644,0.02218714683613942,2.169350453742947,0.2678563807718878,-0.09984666050029697,-0.9868298852033001
-1.1349795782070766,0.2626792486040319,0.022274769935537043,2.186638643502372,0.27679957127821353,-0.10213279192134386,-0.9298017474092616
-1.1421985155753738,0.26463933660630645,0.022867247432243658,2.200172454150833,0.27349639531958403,-0.11591053327994523,-0.9354169928956041
-1.1497018930516203,0.26532261058781403,0.01949911133695329,2.2206022686356297,0.2644149853774681,-0.1369251092974025,-0.9954486594471647
-1.1567621840167264,0.2656695828278178,0.021183366034890287,2.2367597394750627,0.2561328409786112,-0.14270168343344042,-1.0551136342419907
-1.164524885175863,0.265595420475394,0.021603086178650956,2.2473975949046827,0.25528890053143943,-0.13441031026427938,-1.0558323882077638
-1.1726563251099276,0.2687781969523878,0.018315768873268072,2.257913511937811,0.24726955078512136,-0.13323921281529055,-1.0586026953315169
-1.1784472476145307,0.268808070046329,0.020543248751892354,2.2701062352288193,0.26137930790062497,-0.14489044443408744,-1.143404721551506
-1.1846056352112593,0.26844491608793786,0.022601205619527644,2.2863103547291606,0.26114756410157386,-0.14543650428737018,-1.1803873900266844
-1.1911759179884436,0.2737926667984445,0.020492344290357248,2.294668937165973,0.25704863733800276,-0.15840550852760857,-1.1595361775785966
-1.1997239641442359,0.28244566815900185,0.012050450576691095,2.294027638610898,0.255414907570014,-0.16534875318881165,-1.060053968073928
-1.2060146826209779,0.28533952924466593,0.011728477375256778,2.30479722879186,0.25508813663988134,-0.17647040267485697,-1.0677054041683829
-1.2111543274604952,0.289989875659315,0.012092063542807972,2.3206327784782617,0.2483085008968785,-0.20847850403097654,-1.1042939241948053
-1.2178198546855168,0.29119103091849236,0.01252706182462382,2.3304132539677425,0.25115365141730056,-0.2093291925924976,-1.104855296070561
-1.220318274933206,0.30383551842611767,0.01194651935435602,2.3465880875866505,0.23604200420681232,-0.2948110407549486,-1.1468201370186675
-1.2261288481204606,0.3078273580126067,0.012081844881590698,2.3572497606367593,0.23442697667148904,-0.3145324170277132,-1.1543106818240267
-1.2337468758509154,0.30692530172922267,0.012710539828674428,2.3666984946301577,0.23834306877356837,-0.29870291040148006,-1.15397518309238
-1.241349115966633,0.30620782728799106,0.01331915632119518,2.3764474401473032,0.24176054049824805,-0.28447515994046335,-1.1541402606514732
-1.248945772907579,0.3056760456110107,0.013912493197610232,2.3864935595454755,0.24471114578586048,-0.27177289022929096,-1.1547640867820235
-1.2565515429875895,0.30531326685047133,0.014494868190997323,2.3968326368864776,0.2472439778069753,-0.2604440207389804,-1.1558121298781239
-1.2641584434509705,0.30518461923560813,0.015070167039567654,2.4074704478015265,0.2493074311321854,-0.25070811184346314,-1.1572407862436356
-1.271823533780267,0.305114214286373,0.015641889235681106,2.418387450495747,0.25113485906353034,-0.2417155514891687,-1.159048933839332
-1.2795363751242497,0.30517256423954164,0.016213188849649285,2.4295918406950268,0.25266408579420085,-0.2337264359682436,-1.1611989119725115
-1.2873083904336289,0.30534900841955537,0.016786910553394208,2.4410838722776838,0.25392724406031375,-0.22664162634388657,-1.1636692485626337
-1.2951504933375482,0.30563382387461463,0.017365623602715985,2.452864719464903,0.254953508114895,-0.22037110430302187,-1.1664410357229582
-1.1656257781243289,0.27510515901157695,0.015629061242442788,2.2075848104319613,0.22941652032859752,-0.19849327467293204,-1.0497929288846717
-1.0490656732532668,0.2475839721887546,0.01406615511820064,1.9868247836910855,0.20648949700268923,-0.17860470088716443,-0.9448148562927196
-0.9441614563359376,0.2228153904309082,0.012659539606378441,1.7881407942151668,0.18585458198831595,-0.1607069719143672,-0.8503345111157148
-0.8497475086090239,0.2005242812487953,0.011393585645741666,1.6093252626475236,0.1672823852287896,-0.14460147882181426,-0.7653021088086298
-0.7647748049090507,0.18046290110511193,0.010254227081169631,1.4483913501191699,0.15056661369712943,-0.13010895922418794,-0.6887728595932231
-0.6882992245164948,0.16240827062048435,0.009228804373053734,1.3035508995660812,0.13552161975843918,-0.11706804814862465,-0.6198964532165477
-0.6194528547393757,0.14623199384412933,0.0083059239357457,1.173202512428178,0.12188826120066346,-0.1056280919769243,-0.5578968991149423
-0.5575087234832434,0.13160371575931473,0.007475331542172729,1.0558814550320668,0.10970656427825631,-0.09504706136985508,-0.5021077432360443
-0.5017589527173189,0.11843850086577117,0.006727798387952785,0.9502925348070741,0.09874271005976637,-0.08552496247009644,-0.45189747598730423
-0.4515840711109331,0.10659018314199187,0.0060550185491585785,0.8552625592986233,0.08887473174748248,-0.07695647216693248,-0.4067081910693075
-0.4064265946166101,0.09592705429339611,0.005449516694241652,0.7697356328413851,0.07999306334482506,-0.06924614998536657,-0.366037793452031
-0.3657847878256293,0.08633057531788381,0.004904565024819618,0.6927614488100834,0.07199909836252473,-0.06230809629512203,-0.329434397558773
-0.329207088898178,0.07769406052636375,0.004414108522336591,0.6234847308885701,0.06480409247800101,-0.05606500143420337,-0.2964913062390988
-0.29628709211851967,0.06992149267429124,0.003972697670103997,0.5611357301433704,0.05832817657183316,-0.05044728802834282,-0.26684249190426396
-0.2666590322156554,0.06292645647800309,0.0035754279030957292,0.5050216723734102,0.05249946861106332,-0.04539233875519285,-0.2401585295580446
-0.23999372026929305,0.05663117869377446,0.003217885112787755,0.45451906070962667,0.047253274473068554,-0.04084380106641598,-0.21614293653112904
-0.21599488603956166,0.050965664117492815,0.0028960966015105782,0.4090667479408981,0.042531368796730265,-0.036750961219173,-0.1945288782471395
-0.19439588607545594,0.04586691792527582,0.0026064869413584546,0.36815970159522254,0.03828134784061053,-0.033068180727011134,-0.1750762034156666
-0.17495674102184502,0.041278245731900226,0.0023458382472210104,0.331343392502301,0.03445604713160971,-0.02975438902337224,-0.157568775708697
-0.15746146920325862,0.03714862360468113,0.0021112544224983765,0.2982087444908241,0.031013017411234023,-0.026772626746284618,-0.1418120722711796
-0.1417156868551573,0.03343213104523826,0.0019001289802496046,0.26838758910852395,0.027914053037524228,-0.024089634607163568,-0.12763102238172377
-0.12754444833653286,0.030087440649138583,0.00171011608222571,0.24154857486398498,0.025124767586863814,-0.021675483306221377,-0.11486806224799612
-0.11479030232459278,0.027077358781269725,0.0015391044740020732,0.21739348553916418,0.022614211926860056,-0.019503240406999217,-0.10338138432288373
-0.10331154239241509,0.024368412170035686,0.0013851940266018659,0.1956539266666029,0.020354530505902108,-0.017548670488156462,-0.09304336168914053
-0.09298063253048504,0.021930475832245735,0.0012466746239443438,0.17608834335568527,0.018320652031685453,-0.015789965256123722,-0.08373913000546913
-0.08368279011717283,0.019736438198743045,0.0011220071615483142,0.15847933633380004,0.016490011094838122,-0.014207500631573902,-0.07536531125774183
-0.07531471059275317,0.017761899723122934,0.0010098064453956113,0.14263124638149927,0.014842297639169236,-0.012783618119427229,-0.0678288651347231
-0.06778341966624754,0.01598490162719421,0.0009088258008560501,0.12836798032274807,0.013359231490607151,-0.011502428039624348,-0.061046055265818536
-0.06100524030154569,0.014385681770985925,0.0008179432207704451,0.11553105441519794,0.012024359436508592,-0.010349632436720317,-0.05494151883457471
-0.054904863004629864,0.012946454936005838,0.0007361488986923348,0.10397783340078279,0.010822872598243369,-0.009312365703635465,-0.049447429230387176
-0.04941450908166818,0.011651215081283653,0.0006625340088231013,0.09357994565088207,0.009741442066316247,-0.00837905115035601,-0.044502742434515186
-0.0444731775707721,0.010485557375553511,0.0005962806079402583,0.08422185679677849,0.008768070970538028,-0.00753927192470525,-0.040052518767041904
-0.0400259674799695,0.009436518028390697,0.0005366525471472983,0.07579958599706206,0.007891961341009945,-0.006783654850987426,-0.03604731245864554
-0.03602346780073939,0.00849243014070833,0.00048298729243256844,0.06821955057840556,0.007103394280191161,-0.006103765895282533,-0.032442622264795905
-0.032421208519527484,0.007642793972825843,0.00043468856318717997,0.06139752621243065,0.006393622114596348,-0.005492016095023193,-0.029198397018032663
-0.02917916652744578,0.006878160188473592,0.0003912197068700607,0.05525771107515866,0.005754771327919073,-0.004941576906385262,-0.026278590624696452
-0.02626132093833332,0.006190024777107145,0.0003520977361830546,0.04973188359079281,0.005179755197340638,-0.004446304027528922,-0.023650761561559184
-0.023635252874369458,0.005570734486694567,0.00031688796256368335,0.04475864440146689,0.004662195162638563,-0.004000668849779579,-0.02128571242244574
-0.021271785272523817,0.005013401715830396,0.0002851991663046505,0.040282734140330734,0.004196350054949144,-0.0035996967735028793,-0.01915716550988366
-0.019144658709756474,0.004511827919156247,0.0002566792496736525,0.03625441942768837,0.003777052399217287,-0.003238911701746325,-0.0172414708672649
-0.017230239645156728,0.004060434674620486,0.00023101132470415564,0.03262894026784069,0.003399651083188057,-0.0029142860932883236,-0.01551734350756731
-0.015507257837338506,0.0036542016462655924,0.0002079101922358717,0.02936601270658716,0.003059959756369232,-0.002622196018625622,-0.013965626918860753
-0.013956570019615335,0.003288610752849405,0.00018711917301494907,0.02642938122329331,0.0027542103862041173,-0.002359380718075524,-0.012569080219099537
-0.012560947207217598,0.0029595959215880374,0.00016840725571399054,0.023786415884042744,0.002479011455849736,-0.0021229062111561697,-0.01131218659523276
-0.011304883273350755,0.002663497868330089,0.00015156653014258836,0.02140774977976343,0.0022313103396562617,-0.0019101325516500053,-0.010180980898124577
-0.010174422667273416,0.002397023401429693,0.0001364098771272637,0.019266952720831787,0.0020083594386873377,-0.0017186843632365292,-0.009162894477894961
-0.009157005360213421,0.0021572087968019793,0.00012276888941720188,0.01734023756243528,0.0018076857004979546,-0.001546424327145024,-0.008246615535508456
-0.008241327296363706,0.0019413868368789167,0.00011049200047708041,0.015606195897658718,0.0016270631849176764,-0.001391429326172089,-0.00742196343909813
-0.007417214798487182,0.0017471571470259184,9.9442800431504e-05,0.014045560181464242,0.0014644883713559598,-0.0012519689789781754,-0.00667977560847071
-0.006675511532691067,0.0015723594994965506,8.949852038675488e-05,0.012640989642483589,0.0013181579336975086,-0.0011264863252384016,-0.00601180571110339
-0.006007976776449872,0.0014150497880997676,8.05486683486123e-05,0.011376877603810839,0.0011864487361180343,-0.0010135804462059889,-0.005410632038377999
-0.005407193859635289,0.0012734784064253185,7.24938015164156e-05,0.010239178071885475,0.0010678998278818574,-0.0009119908267430435,-0.004869575044104071
-0.004866487761221763,0.001146070789144804,6.524442136424113e-05,0.009215249666645605,0.0009611962373695798,-0.0008205832844027997,-0.004382623129144669
-0.004379850946130992,0.0010314099000082733,5.871997922568539e-05,0.008293715158789836,0.0008651543854957949,-0.0007383373085487963,-0.003944365847427134
-0.003941876618230275,0.000928220471832164,5.284798130311685e-05,0.007464335053479123,0.0007787089567103528,-0.000664334668211787,-0.0035499337913369204
-0.0035476986478645217,0.0008353548231356395,4.7563183173338075e-05,0.006717893815756836,0.0007009010819116201,-0.0005977491615917069,-0.0031949444884604612
-0.003192937506512808,0.0007517800937752311,4.2806864858135896e-05,0.006046097473534927,0.0006308677021705372,-0.0005378373927983418,-0.0028754537086279055
-0.002873651607841909,0.000676566757547431,3.852617837019068e-05,0.0054414814603910636,0.0005678319952737432,-0.0004839304728885205,-0.0025879116402012696
-0.002586293514539895,0.0006088782840589085,3.467356053477033e-05,0.004897327674181148,0.0005110947588827935,-0.00043542655262696073,-0.0023291234486426814
-0.0023276705243646936,0.0005479618348827736,3.120620447916167e-05,0.004407589829849765,0.0004600266547075682,-0.0003917841035522146,-0.0020962137792114714
-0.0020949091975062833,0.0004931398904945566,2.8085584029113875e-05,0.003966826277035759,0.00041406122765896836,-0.0003525158724436428,-0.001886594809368473
-0.0018854234311071068,0.0004438027149155921,2.5277025624603766e-05,0.003570139536006999,0.00037268862253940493,-0.0003171834416420896,-0.001697937495858138
-0.001696885726272362,0.00039940157420845224,2.274932306001176e-05,0.003213121880039811,0.0003354499285859458,-0.0002853923345392251,-0.0015281456970796096
-0.0015272013282864104,0.0003594426334588424,2.0474390753477678e-05,0.0028918063596113652,0.0003019320890951527,-0.00025678761160659314,-0.0013753328832036226
-0.001374484952783828,0.00032348146432618907,1.842695167653119e-05,0.0026026227242382065,0.00027176331970041323,-0.00023104990779950624,-0.0012378011752271602
-0.0012370398392079463,0.0002911181020874287,1.6584256506746442e-05,0.0023423577521660827,0.00024460898444760015,-0.00020789186708000673,-0.0011140224800871147
-0.001113338898900679,0.0002619925972051351,1.492583085394017e-05,0.0021081195471240634,0.000220167883939415,-0.00018705493430577758,-0.0010026215122865638
-0.0010020077483213455,0.00023578101195044499,1.3433247767480339e-05,0.001897305405463734,0.00019816891436982842,-0.0001683064686355054,-0.0009023605133006789
-0.0009018094389045364,0.00021219181754110472,1.208992298806777e-05,0.0017075728965848906,0.00017836806039256414,-0.00015143714623887944,-0.0008121254990337934
-0.0008116307139153433,0.00019096265172836857,1.08809306897939e-05,0.0015368138353702987,0.0001605456884530565,-0.00013625862332287964,-0.0007309138825338552
-0.0007304696395532915,0.000171857400797365,9.792837618149974e-06,0.00138313085738654,0.00014450411057796708,-0.00012260143336625257,-0.0006578233343802857
-0.0006574244729299372,0.0001546635734700763,8.813553854736256e-06,0.001244816336618649,0.0001300653915980582,-0.00011031309511903148,-0.0005920417570583489
-0.0005916836432356188,0.00013918993756698028,7.932198471394258e-06,0.0011203334114069374,0.00011706937545451213,-9.925641022416609e-05,-0.0005328382618804799
-0.0005325167347469632,0.0001252643931027586,7.1389786242548325e-06,0.0010082989078557536,0.00010537190871430513,-8.930793145557614e-05,-0.00047955504819399393
-0.00047926637151772663,0.00011273205816389464,6.425080760763535e-06,0.0009074679708965978,9.484324162903346e-05,-8.035658448103666e-05,-0.00043160009464449697
-0.0004313409135820374,0.00010145354630552994,5.782572687351717e-06,0.0008167202322444632,8.536658890086202e-05,-7.230242775536216e-05,-0.0003884405813347146
-0.0003882078835047765,9.13034162655646e-05,5.20431541595201e-06,0.0007350473616135091,7.683683431219945e-05,-6.50555367139663e-05,-0.0003495969697530437
-0.00034938805029941997,8.216877681027634e-05,4.683883872758088e-06,0.0006615418627901951,6.915936474247153e-05,-5.853499980307264e-05,-0.0003146376746915665
-0.000314450104890133,7.394803112298343e-05,4.215495483350651e-06,0.0005953869901174011,6.224902072791971e-05,-5.266801510589447e-05,-0.00028317426894753934
-0.00028300586804691063,6.654974684716652e-05,3.7939459360814e-06,0.0005358476733558666,5.602915184486912e-05,-4.738907754322369e-05,-0.0002548571676145306
-0.0002547059775149453,5.989163915842699e-05,3.4145513403416317e-06,0.0004822623500476825,5.043076650108891e-05,-4.2639247532817726e-05,-0.0002293717438740764
-0.00022923600639376818,5.389965557921206e-05,3.0730962041758403e-06,0.000434035614674734,4.539176667235634e-05,-3.83654929346916e-05,-0.00020643483320811245
-0.00020631296971368755,4.8507152367816e-05,2.765786581093721e-06,0.00039063160288499085,4.0856259109114945e-05,-3.45200969598114e-05,-0.00018579158724784176
-0.00018568218029755374,4.365415328064226e-05,2.489207922451442e-06,0.00035156803730819475,3.6773935353687226e-05,-3.106012541421316e-05,-0.00016721264215135067
-0.00016711441905662263,3.9286682523162475e-05,2.2402871291404836e-06,0.00031641086882682606,3.3099513722711915e-05,-2.7946947365554975e-05,-0.00015049157020726204
-0.00015040338825308974,3.53561644199224e-05,2.0162584188909705e-06,0.00028476945367469225,2.979223702831435e-05,-2.5145803816614687e-05,-0.00013544258622931286
-0.0001353634194113354,3.181888315004211e-05,1.8146325775347805e-06,0.0002562922128692968,2.6815420501591358e-05,-2.2625419636990163e-05,-0.00012189848335375682
-0.00012182741044821244,2.863549651851982e-05,1.6331693171167672e-06,0.000230662725690816,2.4136044880357366e-05,-2.0357654383920676e-05,-0.00010970877519760058
-0.00010964496907585547,2.577059840970508e-05,1.4698523838063693e-06,0.0002075962138287958,2.1724390146110606e-05,-1.8317188098075643e-05,-9.873802383929221e-05
-9.86807418701316e-05,2.319232498640411e-05,1.3228671438270112e-06,0.00018683637708567097,1.955370588493932e-05,-1.6481238632938544e-05,-8.886433500240225e-05
-8.88129104066309e-05,2.087200028957903e-05,1.190580428911403e-06,0.0001681525455559281,1.7599914544044748e-05,-1.4829307277711146e-05,-7.997800369853028e-05
-7.993183781131695e-05,1.8783817303386074e-05,1.0715223854873557e-06,0.00015133711656712193,1.584134439046314e-05,-1.3342949894537548e-05,-7.198029530174283e-05
-7.193885062894501e-05,1.6904550929716655e-05,9.64370146405713e-07,0.00013620324792506036,1.4258489098362137e-05,-1.2005570996447001e-05,-6.478234855068722e-05
-6.474514250038102e-05,1.5213299678698555e-05,8.679331333673324e-07,0.00012258278184633375,1.2833791399241568e-05,-1.0802238453136437e-05,-5.830418820039615e-05
-5.8270787488115105e-05,1.3691253185454944e-05,7.811398194945696e-07,0.00011032437650808358,1.1551448328983582e-05,-9.719516774295278e-06,-5.2473836431260554e-05
-5.244385204588361e-05,1.2321483009308798e-05,7.030258348805773e-07,9.929182442116116e-05,1.039723594245534e-05,-8.745317109627726e-06,-4.722651313537104e-05
-4.7199595816242636e-05,1.108875434974177e-05,6.327232497937985e-07,8.936253899026123e-05,9.358351535607157e-06,-7.868762265085538e-06,-4.250391613775479e-05
-4.2479752309127535e-05,9.9793566080697e-06,5.694509237486045e-07,8.042619240538132e-05,8.42327163465273e-06,-7.080065266999724e-06,-3.825357341278061e-05
-3.823188154218442e-05,8.980950883780148e-06,5.125058297750229e-07,7.238348974577744e-05,7.58162418566799e-06,-6.370420091800222e-06,-3.4428260069200526e-05
-3.4408787401266246e-05,8.082432749911828e-06,4.6125524733042766e-07,6.514506569625308e-05,6.824073497571637e-06,-5.731903342284794e-06,-3.0985473666500854e-05
-3.096799327276722e-05,7.273808741894983e-06,4.151297225973849e-07,5.863049156053929e-05,6.142216691526481e-06,-5.157385780288348e-06,-2.788696193681533e-05
-2.787127009144276e-05,6.546085215511366e-06,3.736167482060182e-07,5.276738159887967e-05,5.528490501893746e-06,-4.640452730499123e-06,-2.509829781777509e-05
-2.5084211613288828e-05,5.891168315730333e-06,3.362550717866952e-07,4.7490588713759024e-05,4.976087373931293e-06,-4.175332464287362e-06,-2.2588496904236977e-05
-2.2575852128090684e-05,5.301773953053646e-06,3.026295640785881e-07,4.2741480594618575e-05,4.4788799588996175e-06,-3.7568317515432326e-06,-2.0329673194249397e-05
-2.0318322423100877e-05,4.771346784893105e-06,2.7236660926632794e-07,3.846728821109424e-05,4.031353148845063e-06,-3.3802778806671374e-06,-1.8296729260503224e-05
-1.8286540134359718e-05,4.293987316827952e-06,2.4512994833969515e-07,3.4620519497076396e-05,3.628542889932973e-06,-3.041466489994704e-06,-1.646707738326217e-05
-1.6457931080450256e-05,3.8643862816101215e-06,2.2061695403863268e-07,3.115843164481699e-05,3.2659811454727183e-06,-2.736614618019384e-06,-1.4820388585968115e-05
-1.4812178434682726e-05,3.477765581239023e-06,1.985552575689553e-07,2.8042556173127342e-05,2.939646317576261e-06,-2.4623184744290705e-06,-1.3338366781210764e-05
-1.3330997007188379e-05,3.1298251631090013e-06,1.7869973234496683e-07,2.523827147829505e-05,2.6459186359267806e-06,-2.215515431634729e-06,-1.20045454476813e-05
-1.199793007912323e-05,2.8166951797359285e-06,1.6082976017628425e-07,2.2714418161786515e-05,2.381540025381268e-06,-1.993449823899096e-06,-1.0804104717317391e-05
-1.0798166566727656e-05,2.5348929416912913e-06,1.4474678522100048e-07,2.044295279146971e-05,2.14357794534048e-06,-1.7936421980099815e-06,-9.723706676789245e-06
-9.71837645306851e-06,2.281284204874723e-06,1.3027210776783704e-07,1.8398636318514572e-05,1.929392876992564e-06,-1.6138616121819105e-06,-8.751347199969714e-06
-8.746562696763764e-06,2.053048285946546e-06,1.1724489645814629e-07,1.6558753610632082e-05,1.7366090421522262e-06,-1.4521007303883171e-06,-7.876222551942563e-06
-7.871927928604621e-06,1.8476467129324714e-06,1.0552040841105281e-07,1.490286108078026e-05,1.5630880407790926e-06,-1.306553420107881e-06,-7.088609358508677e-06
-7.084754486439554e-06,1.662794972906445e-06,9.496836916866869e-08,1.3412559522443107e-05,1.4069051448017955e-06,-1.17559457323696e-06,-6.3797565765244535e-06
-6.376296450885319e-06,1.4964371178316505e-06,8.547153385052297e-08,1.2071289663077162e-05,1.2663279460034538e-06,-1.0577619719218112e-06,-5.741788260723267e-06
-5.738682477449044e-06,1.3467228864860736e-06,7.692438153128478e-08,1.0864148181466415e-05,1.1397971337173685e-06,-9.517399493230716e-07,-5.167616040191447e-06
-5.164828332612347e-06,1.2119871303784002e-06,6.923194284524925e-08,9.777722099580527e-06,1.025909205032427e-06,-8.563447174911309e-07,-4.650860387415967e-06
-4.648358190764267e-06,1.0907312967822769e-06,6.230875015944548e-08,8.79993975380286e-06,9.234008849223763e-07,-7.705111416192456e-07,-4.185779699978926e-06
-4.183533796597253e-06,9.816067622764324e-07,5.6077873011872725e-08,7.9199366553942e-06,8.311351378104126e-07,-6.932808395559986e-07,-3.7672065442179332e-06
-3.7651906990019204e-06,8.833998245000307e-07,5.047008677303011e-08,7.1279347804709126e-06,7.480885266530901e-07,-6.237914888448937e-07,-3.3904902298387447e-06
-3.388680879732372e-06,7.950182078358958e-07,4.542307863175665e-08,6.415133914455112e-06,6.733398873193241e-07,-5.612672064753133e-07,-3.0514451078516268e-06
-3.0498211212892125e-06,7.154789179869558e-07,4.088077076858099e-08,5.773613873303468e-06,6.06060088878535e-07,-5.050098694295291e-07,-2.7463041123100725e-06
-2.7448465012903413e-06,6.438973016997807e-07,3.679269156009468e-08,5.196246503635926e-06,5.455028485451541e-07,-4.5439133207481053e-07,-2.471676863625028e-06
-2.470368597557067e-06,5.794772206108023e-07,3.311342133827111e-08,4.6766164653010145e-06,4.90996456672943e-07,-4.0884640283705975e-07,-2.2245120243798155e-06
-2.2233378072430976e-06,5.215021848942181e-07,2.9802080803165154e-08,4.2089499702469e-06,4.4193631208722106e-07,-3.678665511444579e-07,-2.0020633856119435e-06
-2.0010094866867827e-06,4.6932738247129624e-07,2.682187272284864e-08,3.788050609208893e-06,3.977782333103308e-07,-3.3099420925636336e-07,-1.8018593528294075e-06
-1.8009134539519536e-06,4.223725186408567e-07,2.4139687582191982e-08,3.409241621399328e-06,3.5803240512610746e-07,-2.9781767030279127e-07,-1.6216754910309931e-06
-1.6208265340923907e-06,3.8011535435922283e-07,2.1725719889786888e-08,3.068313924672883e-06,3.222579574024831e-07,-2.679665005653198e-07,-1.4595098086836455e-06
-1.4587478648613733e-06,3.4208590006523654e-07,1.955314843371525e-08,2.7614793526378745e-06,2.900580772652317e-07,-2.411073891511739e-07,-1.3135605038188877e-06
-1.3128766643698449e-06,3.0786118540571117e-07,1.7597832524529622e-08,2.4853285544336468e-06,2.6107559471244546e-07,-2.1694043569886468e-07,-1.18220596961394e-06
-1.181592220926217e-06,2.7706055145959585e-07,1.5838050870797815e-08,2.2367931260224017e-06,2.3498902633478647e-07,-1.9519580126553526e-07,-1.0639867289701649e-06
-1.0634359025301493e-06,2.493414334309163e-07,1.4254245783718034e-08,2.0131114931258576e-06,2.115090130816455e-07,-1.7563069057424663e-07,-9.575892770622568e-07
-9.57094924940085e-07,2.243955326552971e-07,1.2828820672439178e-08,1.8117982580369285e-06,1.9037511490849202e-07,-1.580266436457256e-07,-8.618314477877934e-07
-8.613877823127752e-07,2.019453988477693e-07,1.1545937539381157e-08,1.6306165575540044e-06,1.7135290296399486e-07,-1.42187100614366e-07,-7.756492938207002e-07
-7.752511220794622e-07,1.8174133814552462e-07,1.0391341120907782e-08,1.467553213164302e-06,1.5423138306769335e-07,-1.279352005237322e-07,-6.98085256174881e-07
-6.977279146517558e-07,1.6355863492745204e-07,9.352204344281745e-09,1.3207963700488656e-06,1.3882063622239205e-07,-1.1511181084028488e-07,-6.282775380805385e-07
-6.279568382032939e-07,1.471950570458569e-07,8.416984442760622e-09,1.1887153637153702e-06,1.249497263988708e-07,-1.0357374836955646e-07,-5.654505023065803e-07
-5.651626972242967e-07,1.3246861101101626e-07,7.575284399763405e-09,1.0698425954927537e-06,1.1246479413029586e-07,-9.319218255421369e-08,-5.089061018846881e-07
-5.086478162955911e-07,1.1921550507887346e-07,6.817757025601168e-09,9.628572256656365e-07,1.0122734711570658e-07,-8.385119273229824e-08,-4.580160786558235e-07
-4.577842864666483e-07,1.0728833187145792e-07,6.1359823888551546e-09,8.665705074212271e-07,9.111274296147442e-08,-7.544647626783751e-08,-4.1221499273583553e-07
-4.1200698435665123e-07,9.655444153933157e-08,5.522382551248484e-09,7.799125601344603e-07,8.200878849617954e-08,-6.788419412012692e-08,-3.7099396637662457e-07
-3.7080729999158443e-07,8.689444387643963e-08,4.970141631588376e-09,7.019204960809211e-07,7.381449397547701e-08,-6.107990286469134e-08,-3.338949926029629e-07
-3.3372748277360476e-07,7.820090233701116e-08,4.47312587317783e-09,6.317277194342608e-07,6.643897056124448e-08,-5.495763100854534e-08,-3.0050587248448e-07
-3.0035555240431194e-07,7.037712325408396e-08,4.0258143485516484e-09,5.685542913656805e-07,5.980040841679912e-08,-4.9449012662350356e-08,-2.7045563242775184e-07
-2.7032073723985e-07,6.333608984498973e-08,3.623235045324691e-09,5.116982753905486e-07,5.3825165713394796e-08,-4.4492540894613963e-08,-2.434103780150215e-07
-2.432893284431796e-07,5.699949190418607e-08,3.2609115407922218e-09,4.6052791964970585e-07,4.844697029660061e-08,-4.00328776864467e-08,-2.1906961706827377e-07
-2.189609922928666e-07,5.1296856470872676e-08,2.9348203867129996e-09,4.144746490533646e-07,4.360616316645416e-08,-3.6020219244814466e-08,-1.9716290237514061e-07
-1.9706542899291038e-07,4.616475375585072e-08,2.641337815134648e-09,3.7302675564079846e-07,3.9249043945477347e-08,-3.2409766377583527e-08,-1.7744683678509732e-07
-1.773593724437722e-07,4.154609853368463e-08,2.3772024349000276e-09,3.3572369632570154e-07,3.532729014876779e-08,-2.9161201599292585e-08,-1.5970235537482447e-07
-1.5962387251225452e-07,3.738953166521064e-08,2.1394832572241285e-09,3.0215097707175786e-07,3.1797392996413265e-08,-2.623825075959152e-08,-1.437323061230511e-07
-1.4366187566471067e-07,3.364881233369754e-08,1.925537059660476e-09,2.7193556436516664e-07,2.8620204664542293e-08,-2.3608277353870388e-08,-1.2935924366495183e-07
-1.2929604012879709e-07,3.0282343480014795e-08,1.7329817580957751e-09,2.447417286610687e-07,2.576048044322654e-08,-2.124191897379113e-08,-1.1642346828526912e-07
-1.1636675349615405e-07,2.725268141712256e-08,1.559685713914405e-09,2.2026730319216203e-07,2.3186500455740777e-08,-1.9112746087179833e-08,-1.0478125659360918e-07
-1.0473036354515311e-07,2.4526125172452673e-08,1.4037144779877053e-09,1.9824034265883417e-07,2.086970794790144e-08,-1.719698881214038e-08,-9.430325221713651e-08
-9.425758486746039e-08,2.20723541249912e-08,1.2633414314677793e-09,1.784161016045449e-07,1.878441079072868e-08,-1.5473259895593117e-08,-8.487303760924131e-08
-8.483206006930366e-08,1.986407585641281e-08,1.1370051566927941e-09,1.605743059941711e-07,1.690747811200488e-08,-1.3922303143676373e-08,-7.63858338122779e-08
-7.63490648333573e-08,1.787673309383564e-08,1.0233041081164629e-09,1.445167070006359e-07,1.521808465354546e-08,-1.2526806626722564e-08,-6.874733868202781e-08
-6.871434620001754e-08,1.608821578735764e-08,9.209752960259721e-10,1.3006488549724415e-07,1.3697497858178309e-08,-1.1271183895933401e-08,-6.187268239855187e-08
-6.184307811034698e-08,1.4478637025416852e-08,8.288782993304267e-10,1.170582642658069e-07,1.2328843390640998e-08,-1.0141418677056535e-08,-5.568548962437206e-08
-5.5658923498336926e-08,1.3030088105714377e-08,7.459899364903322e-10,1.053523174185389e-07,1.1096945612409925e-08,-9.124894458090171e-09,-5.011700546274714e-08
-5.009316569187794e-08,1.1726462356698164e-08,6.713936073765581e-10,9.481697697474867e-08,9.988141147498908e-09,-8.210260415975057e-09,-4.5105360112294296e-08
-4.508397301317135e-08,1.055326311061311e-08,6.042526479177468e-10,8.533518337794366e-08,8.990129779506972e-09,-7.387303366246378e-09,-4.059487611731208e-08
-4.0575684670703105e-08,9.497438696604021e-09,5.438263173118685e-10,7.680157447509384e-08,8.091835826395943e-09,-6.646836178680893e-09,-3.653543945983037e-08
-3.651821396969887e-08,8.547248964152487e-09,4.894431526736298e-10,6.912133978728696e-08,7.2833019476581384e-09,-5.980589995457919e-09,-3.288193474578968e-08
-3.286648340592932e-08,7.692121412050668e-09,4.405009690344741e-10,6.220913335852618e-08,6.555555903675625e-09,-5.381124129621995e-09,-2.959377622254941e-08
-2.9579913116140055e-08,6.922544398824115e-09,3.964508721310267e-10,5.5988157176417586e-08,5.900525359980868e-09,-4.841745435135714e-09,-2.663442824320586e-08
-2.6621994516414643e-08,6.229960852754957e-09,3.568079165461313e-10,5.038928180614577e-08,5.310947182035619e-09,-4.356434248065089e-09,-2.397101079350955e-08
-2.3959858714683174e-08,5.606671876767777e-09,3.211244603562591e-10,4.5350300358765194e-08,4.7802772434879515e-09,-3.919768787330469e-09,-2.157393721221451e-08
-2.156393009598509e-08,5.045741130471626e-09,2.8901148141358135e-10,4.081522505736124e-08,4.302631667618684e-09,-3.5268722317627343e-09,-1.941657312232517e-08
-1.940759060837377e-08,4.5409306453914056e-09,2.601119319933787e-10,3.6733658368565125e-08,3.8727122481097e-09,-3.1733538158329466e-09,-1.7474937984932742e-08
-1.7466881338436963e-08,4.086620930543461e-09,2.341007387940408e-10,3.306025472826768e-08,3.485753366505584e-09,-2.8552714428919934e-09,-1.5727459969343965e-08
-1.5720236070781296e-08,3.6777682566047076e-09,2.106901320075849e-10,2.9754193067721424e-08,3.137457862956161e-09,-2.569072919678117e-09,-1.4154730833184498e-08
-1.4148252124555893e-08,3.3098195850733703e-09,1.8961898717861914e-10,2.677874500964239e-08,2.8239652005712657e-09,-2.3115588748678917e-09,-1.2739271383014478e-08
-1.2733461248089217e-08,2.9786801220010872e-09,1.7065815427486086e-10,2.4100843386970494e-08,2.5417931093230095e-09,-2.079860644821352e-09,-1.1465361110171712e-08
-1.1460148389291769e-08,2.6806711295179753e-09,1.5359447047558206e-10,2.169073565552737e-08,2.2878157701633484e-09,-1.871382382390152e-09,-1.031883546318002e-08
-1.0314159889449753e-08,2.4124764269606302e-09,1.382360892421275e-10,1.9521637598107766e-08,2.0592164501342936e-09,-1.6838058031209968e-09,-9.28696874697571e-09
-9.28277023911489e-09,2.1711155234749313e-09,1.2441248031791474e-10,1.756945629607931e-08,1.8534605794595649e-09,-1.5150262988594676e-09,-8.358282327976946e-09
-8.354516885591967e-09,1.9539013740299538e-09,1.1196910065791599e-10,1.5812491531430606e-08,1.6682637077325424e-09,-1.3631690012894104e-09,-7.522459228009176e-09
-7.519088336335744e-09,1.7584187717023525e-09,1.0077272349917621e-10,1.4231228039757182e-08,1.5015706178456156e-09,-1.2265299470515245e-09,-6.770226956744757e-09
-6.767196246947049e-09,1.5824924703977672e-09,9.069545114925859e-11,1.280809033485375e-08,1.3515333990854472e-09,-1.103586784456656e-09,-6.0932083020652505e-09
-6.09049549769175e-09,1.4241709894724508e-09,8.162537312728091e-11,1.152726697081774e-08,1.2164856066920748e-09,-9.929666949792804e-10,-5.4838894141852335e-09
-5.481461625746198e-09,1.281684397502758e-09,7.346123709339736e-11,1.0374529124668186e-08,1.0949361556322756e-09,-8.934358391998742e-10,-4.935502390026464e-09
-4.933326875483646e-09,1.153454401436882e-09,6.611777791931672e-11,9.33706559985703e-09,9.855326138508147e-10,-8.038831059153928e-10,-4.441961551186757e-09
