0.0,0.0,0.0,0.0,0.0,0.0,0.0
39.79919974639548,-9.407663519459772,-43.144763161431634,-22.117569432379135,-39.86234446456335,44.20451292204198,-54.16403848084501
35.819428115573714,-15.020906278961007,-38.82624290693651,-41.99237147436719,-35.87611001810701,39.784049294008035,-48.74980262452905
32.23822211019101,-17.463036363721965,-34.95647789434254,-52.28559480348845,-32.28849901629631,35.8054921293594,-43.87085510266626
29.012834461226667,-15.508686412967009,-31.45004038091808,-49.57200664012405,-29.059649114666676,32.22484725378239,-39.48683884697922
26.111678625106993,-13.162190231623578,-28.318954397672208,-44.61343398608958,-26.15368420320001,29.002218874068213,-35.531982991440884
23.50152321415484,-11.143486365560179,-25.493435422644385,-40.15164879436476,-23.538315782880012,26.102156399883413,-31.976816310033836
21.15171538311708,-9.154750589517649,-22.944786683123525,-36.13649705482007,-21.18448420459201,23.492005150347275,-28.779096278165227
19.036323739987697,-6.926050575520405,-20.649268900216846,-32.52290559924902,-19.0660357841328,21.14276068932397,-25.901470119776153
17.13139688639529,-4.217271919200957,-18.582770174852183,-29.271677918193546,-17.159755621180043,19.029069846958688,-23.311573231259167
15.41860400982343,-0.8184288140586866,-16.724493157366965,-26.344021591847813,-15.443626919404968,17.125848258957525,-20.980403896740768
13.876838596118366,3.442112656038962,-15.052043841630265,-23.70943684051345,-13.899233945323202,15.413123415809535,-18.882354968673308
12.488966712557856,8.68590969794204,-13.54683945746724,-21.33856007724141,-12.509414572996842,13.87178382517316,-16.994088005231966
11.23844043332473,14.970736135852178,-12.192155511720522,-19.205538250638945,-11.259164978679227,12.484743562042674,-15.294498949636736
10.099854509384896,22.289355891962636,-10.972939960548473,-17.290737082720597,-10.13764311041086,11.237349633368458,-13.76390975540147
8.972037386238865,30.62473865033508,-9.875645964493621,-15.590730673108855,-9.144117156262208,10.119962421650671,-12.382562254852036
7.621830203605037,40.017153294566185,-8.888081368044261,-14.06258422352957,-8.266257546428305,9.079009736278747,-11.136156500401665
4.0527327022713795,39.91001114210758,-8.18826963120965,-12.434879012820788,-7.525219908443093,7.438037889414565,-9.90694970624444
7.103222636565576,36.198566368283934,-7.180446268118867,-11.358820356455539,-6.6126649574660865,7.501619467700889,-9.051070166668833
6.466049034381497,32.60811574435508,-6.4624016413069825,-10.255817441413562,-5.920095829502452,6.90324537376119,-8.16013120115911
5.702758401917786,29.315004992841114,-5.816161477176279,-9.192297317255731,-5.36339649832539,6.048914811252497,-7.329128795472843
5.11671978757802,26.376731368229308,-5.234545329458654,-8.266145890825115,-4.834196173381054,5.409170361295895,-6.592885169350927
4.603402788302401,23.738072127184264,-4.711090796512786,-7.438651300390234,-4.351785926747828,4.863105263137321,-5.93309269510636
4.142882913788182,21.36412291337092,-4.2399817168615055,-6.694674039198869,-3.9167489085203813,4.376038297693536,-5.33970889928952
3.7285728922932164,19.227688751207804,-3.8159835451753565,-6.025191082127124,-3.5250953045697218,3.938315009412941,-4.805726353443958
3.355712531011558,17.30491602549747,-3.4343851906578204,-5.4226694615370485,-3.1725894392596303,3.5444618749834733,-4.325151657749036
3.0201407545431,15.574423616160743,-3.0909466715920377,-4.880402023851304,-2.855331247269993,3.1900110186948902,-3.8926360633655723
2.718126570791357,14.016981050425787,-2.7818520044328334,-4.392361703628268,-2.5697983089661802,2.8710087005191602,-3.503372350456696
2.446313886751375,12.615282883308343,-2.5036668039895495,-3.9531254989442033,-2.3128185336501077,2.5839074502236428,-3.1530350838262065
2.2016824901615526,11.353754572653322,-2.2533001235905967,-3.5578129371484497,-2.081536699888387,2.325516564991411,-2.837731564440951
1.9815142384722637,10.218379106097606,-2.0279701112315376,-3.2020316386398204,-1.873383037904476,2.0929648488487054,-2.553958403577453
1.7833628136118285,9.196541191114475,-1.8251731001083833,-2.8818284725868217,-1.6860447378147967,1.883668335354757,-2.298562561214158
1.605026531829156,8.276887069723438,-1.6426557900975463,-2.5936456242192225,-1.5174402659304165,1.6953014866698117,-2.0687063040840963
1.4412903800825898,7.474568926887273,-1.4729003207349523,-2.3948776438420123,-1.2685636216586,1.952760975888344,-2.009625951938005
1.2966611459291306,6.722271858520411,-1.3273034164542301,-2.148884448111684,-1.1467579678811317,1.6901509463196664,-1.7767216865080264
1.1666706658140211,6.047556317517807,-1.1953985501468563,-1.9293813363832957,-1.0365838307283757,1.4852497783785101,-1.6029366900742192
1.0497744053486249,5.44079826848476,-1.07646772534091,-1.7337362899695372,-0.9342347608668053,1.3089526559499691,-1.430341904360914
0.9443772505997721,4.893348809275943,-0.9758014942120469,-1.5752270259236447,-0.7889248143848809,1.1563583939850703,-1.2362609667852493
0.8503069771523019,4.4078014066160005,-0.8707688147317543,-1.4070143982048338,-0.752000251776811,1.0651878073645333,-1.2279590243945375
0.7654541885346582,3.9587462723483524,-0.7912613535065288,-1.2639999221783669,-0.6579181981799592,0.8626669541391406,-0.9967976139374178
0.6901856496306118,3.5606165200873243,-0.7100893828035766,-1.1320988788769668,-0.6102962266018003,0.7306477902473604,-0.8988748387667942
0.6217370289544641,3.203108336410708,-0.6376980349906478,-1.011192935226921,-0.5682023912249212,0.6201356669160213,-0.7819177258058295
0.5590100427943432,2.886496206246746,-0.5708559532625433,-0.9082375872523876,-0.5257910433265347,0.602652822838363,-0.8054701130571741
0.5028999076020993,2.59863470909483,-0.513179770633961,-0.8179262282383358,-0.47478395865365436,0.5499387944694861,-0.7469475268495426
0.45297005276410035,2.338180838713659,-0.4613749133657286,-0.7328774507754223,-0.43516903864885004,0.47968027205566577,-0.6705266242627085
0.40773351273978764,2.1043520074295876,-0.41494194469618767,-0.6580224761522979,-0.39654015361623907,0.42671900407456675,-0.6127746261175077
0.3668833013822254,1.8941364371169107,-0.37318490715407954,-0.5919540678646464,-0.3588723056893361,0.3845614739835585,-0.5606835502126734
0.3301222709083572,1.7048247391705404,-0.33586059228833326,-0.5318930097014002,-0.3259151274031262,0.3443467365017763,-0.5171785945899121
0.29730658293989565,1.5344754910472773,-0.30168452593404915,-0.47647483336843366,-0.299145889250578,0.30422809861182143,-0.4597792993221347
0.2677349321490837,1.3816579718015563,-0.2703812043291571,-0.4315219559231591,-0.26615457985358804,0.28883990693406547,-0.452191607690547
0.2409477537335596,1.2434215978550232,-0.2433386493061445,-0.38779394958314617,-0.2408100872935095,0.25799384220730986,-0.40949392164567644
0.2168066177755945,1.1191988579663037,-0.2188402163057825,-0.34901220353025875,-0.21738860937890886,0.23307086500730623,-0.37233102393872236
0.19506736890718113,1.007488265249327,-0.19672779397490656,-0.31419727924867963,-0.1962898879658005,0.21152750107222965,-0.33825926282073704
0.17549200843020657,0.9070026837334404,-0.17679818779832246,-0.28289834559460636,-0.17729600168728588,0.19264056123054407,-0.30712236909308605
0.15789703308775682,0.8166388395641251,-0.1587471880223692,-0.2545988882828963,-0.16068240445937512,0.17607183938203486,-0.2780605257970775
0.14203797571718094,0.7350604167391279,-0.14288826503181545,-0.22896962657612127,-0.1453925473901828,0.15878348333999626,-0.25526709235405476
0.12777318561022386,0.6616984620739804,-0.12854037488043507,-0.20607221259350617,-0.13100596811382192,0.1442512182332833,-0.23376336031628522
0.11496410768853227,0.595496021490828,-0.11578929184391408,-0.185113581398663,-0.11887348212023044,0.1288697742956609,-0.21545429708017758
0.10342082087918737,0.5361301873231779,-0.10406105728082676,-0.16679428548827063,-0.10657138774138919,0.11805961431719084,-0.1955047382570776
0.0930300625244986,0.48259133115333536,-0.09357583333446591,-0.15013775577756605,-0.09606023844339927,0.10687067192769219,-0.17534030861996802
0.08368586124710381,0.43438074612781447,-0.08416319431262077,-0.13510093022591826,-0.0866216256475466,0.09648317224548413,-0.1570261364633891
0.07535616059166865,0.39070535452495725,-0.0762396980185831,-0.1207100455070984,-0.07896415049001286,0.0839672441424078,-0.15719736107583251
0.06781911363410256,0.3516576720289347,-0.06851759677847004,-0.10875034755050024,-0.07095516855136551,0.07585823255698884,-0.14068950640272143
0.06101408529862731,0.3166454135677574,-0.06143695279106949,-0.09805399920074648,-0.06420914520418174,0.06940737732691259,-0.12400291383741775
0.054900599187881476,0.28499064952925346,-0.055341777332784586,-0.0881379561218904,-0.05794329503479102,0.0626228231493315,-0.11566387712199762
0.04940681671092989,0.25656604559128093,-0.04969884222068202,-0.07941636185143516,-0.052297888280516194,0.05714252712656359,-0.1051535204843457
0.04446967771037624,0.2310237888927075,-0.04457060359005942,-0.07132741378149124,-0.04769572949407093,0.05197782104415498,-0.09306295219991319
0.03999175218069241,0.2079124827650436,-0.04018993947588795,-0.06399279641826044,-0.0433344215376021,0.04616044783287758,-0.08443620790410425
0.03601245833384697,0.18713831069088527,-0.03610359060366794,-0.0576097812345123,-0.03929499850751152,0.041814991859676576,-0.07795864528762306
0.032408533707356094,0.16839288832803118,-0.03253386325058778,-0.05168888842392403,-0.035701723135143484,0.03700408339689189,-0.07073306547715154
0.029173110207154393,0.1515196868728799,-0.029308091453535162,-0.046362336075580934,-0.03248626417688917,0.03264642936850809,-0.06398484731766747
0.026326413670073635,0.13644267002987018,-0.026148247172399164,-0.041434884575381664,-0.030284636660222727,0.02940796827750014,-0.05472583437570118
0.023720238846085685,0.12272058369670985,-0.02357227510246214,-0.037068188733570984,-0.027678838141179454,0.02532347393447354,-0.04899987043521793
0.021381655344873296,0.11038337418634137,-0.021222894123838404,-0.033182423399581835,-0.025326256937216365,0.021852056261211075,-0.043810702745195274
0.019254391964571405,0.09939178993309111,-0.019025349139469197,-0.029899600650074725,-0.022568667949828328,0.020239416014543918,-0.038890387219804756
0.01733838074273136,0.08944307542396523,-0.01711641885172617,-0.026861273594442365,-0.020434280829257953,0.018048766135316308,-0.035289018920110854
0.015612587279326923,0.08048826371968851,-0.015402506707458657,-0.02412520804916748,-0.018504290264290083,0.01605895868740216,-0.03197209322632502
0.01405849831150999,0.0724282986220652,-0.01386274467145708,-0.02166239598265479,-0.016759618147482322,0.014257821045564542,-0.028933945649279057
0.01266323527725362,0.0651771601120511,-0.01246519542126881,-0.019463009274134538,-0.015184042149998508,0.012699964791683921,-0.026159093280675248
0.011402275906444274,0.058646561431029476,-0.011225155568946321,-0.017464370052068877,-0.013757423153761841,0.01120808209945437,-0.023603326081542468
0.010289336388141106,0.05279216929595615,-0.01003176900184126,-0.015791557183047308,-0.012396355165218545,0.010433815596530657,-0.022005794547681673
0.009249810200205946,0.04748973333246678,-0.009080036655774837,-0.014125588223673761,-0.011189800143482156,0.008998784098640272,-0.019810895507471903
0.008309018190287476,0.042736328928323505,-0.008212978504815449,-0.01264456040851612,-0.01012265097951677,0.007871702837342578,-0.017768267332193416
0.007484413305603031,0.038457705690079724,-0.007387059639786239,-0.011359831903672724,-0.009157887725263533,0.007017185387269614,-0.016198941103259965
0.006732799284793785,0.03460861466998259,-0.006661648531872094,-0.010188239466270881,-0.008287143892129908,0.0062027742778635875,-0.014670823210347753
0.00605873184902485,0.031143982749535434,-0.00600451248195126,-0.009138337687264464,-0.007504898457353595,0.005479971758660343,-0.013301888173408563
0.00545340673932904,0.028025228140117403,-0.0054110841230146645,-0.008195900008428868,-0.0068006723016215825,0.004832058031494335,-0.0120669958366437
0.004909373922932442,0.025217740005759617,-0.004876181782957872,-0.007349027009196957,-0.0061659339831002385,0.0042478059430879345,-0.010948515893872163
0.004420178001457579,0.02269040232070363,-0.004394600393297268,-0.006587527671879569,-0.005593410062624052,0.003719033658269741,-0.00993361214291763
0.003980146037697143,0.020415223678774644,-0.003961365082888066,-0.005902505998015249,-0.005076769392532307,0.0032393609502616855,-0.009012253482955323
0.0035842489595489264,0.01836701406251688,-0.0035718420481751223,-0.005286101710426979,-0.004610429232204796,0.002803526715136423,-0.008176113354811023
0.0032280043023502052,0.016523099243914943,-0.0032217768267454316,-0.004731316789183357,-0.004189426772968019,0.0024070094700484046,-0.007417968603027222
0.002907403448484251,0.01486306656619242,-0.002907295766307688,-0.004231891585937401,-0.003809327950542174,0.0020458122264480627,-0.006731370987265397
0.002618854188035905,0.013368537622579418,-0.002624889469415831,-0.0037822107437609775,-0.0034661586525104593,0.0017163367568724663,-0.006110465008202382
0.0023729077111259884,0.012028366682643704,-0.0023350181286797,-0.0034272519627852813,-0.003126844898583947,0.0016222885103206325,-0.00585867718775992
0.002125708717668125,0.010822691274071844,-0.002127930313048712,-0.003052263822493795,-0.0028200845577553146,0.0013532798924749956,-0.005326187513804502
0.0019081704032431965,0.009738042042779699,-0.0019309709586531887,-0.0027240518701558136,-0.0025521774424701604,0.0011429556606395996,-0.004876496747349829
0.0017148615827739418,0.008761641703242007,-0.0017488819003553396,-0.0024330121282392925,-0.0023146213100687374,0.0009653877621643991,-0.004484451531099607
0.0015421728460429385,0.007882415387561126,-0.0015828836610904257,-0.0021728952013082177,-0.002102439822553037,0.0008077301191638242,-0.004134490764826134
0.0013874483155924596,0.0070905360076924245,-0.0014327075368961995,-0.001939354205531825,-0.0019121850610981095,0.0006633582744101363,-0.003818028968124488
0.0012485868945178499,0.0063772241360085385,-0.0012974497128287743,-0.001729101475339976,-0.0017412412647983544,0.0005287221957262639,-0.0035301834281389628
0.001123842131235361,0.005734606346398496,-0.0011759711459452399,-0.0015394843412753524,-0.0015874932620128512,0.0004017863043312142,-0.003267960683193948
0.001011715723291673,0.005155606317718817,-0.001067086231359593,-0.0013682638866875999,-0.0014491573220110632,0.00028125266806772187,-0.0030293157547067323
0.000910897323666237,0.0046338560004192675,-0.0009696496713035713,-0.0012134948824624806,-0.001324689538044238,0.00016617452802880628,-0.00281268070947986
0.0008202280065044334,0.004163620208218741,-0.0008825936667748169,-0.001073457079158839,-0.0012127328659939096,5.5764766739380134e-05,-0.002616734563602067
0.0007386762026729554,0.0037397309694337105,-0.0008049409718352413,-0.000946613001300757,-0.0011120840744284488,-5.069867012598428e-05,-0.0024402942880891332
0.0006653201935684968,0.0033575185480752556,-0.0007358122919221832,-0.0008316228185667324,-0.0010216346441635216,-0.00015391686760887757,-0.002282482266330741
0.0005993348807433428,0.003012786816589938,-0.0006744090730919083,-0.0007272192713524521,-0.0009404413984645532,-0.0002545954451582677,-0.0021421852375894702
0.0005399817403646014,0.002701754198656592,-0.0006200129315874631,-0.0006322375423674954,-0.0008676771887277668,-0.00035346127518968984,-0.0020182728164280742
0.0004865994818517849,0.0024209984910438243,-0.00057198642492097,-0.0005456520932115086,-0.0008025774471518976,-0.0004512728767266938,-0.0019098476475726423
0.0004385956474036619,0.002167428591491466,-0.0005297629538526943,-0.0004665290739203458,-0.0007444593535008981,-0.0005488269059510803,-0.0018160743026830548
0.0003954398278685177,0.0019382496842949432,-0.00049284178723559,-0.0003940154449400268,-0.0006927117702042462,-0.0006469689790095101,-0.0017362028293201048
0.0003566573983068335,0.0017309336860772545,-0.0004607801565893188,-0.00032733042159954415,-0.0006467973707925678,-0.0007465991735385591,-0.0016694938454598993
0.0003958939339455455,0.0016082230104729617,-0.00019357876469294766,-0.0005361270004780871,-0.0005671242952609012,0.0004297317580702481,-0.002157074720862198
0.00031651609744015423,0.0014225807203098462,-0.00028533947327727405,-0.0003805398228906645,-0.0004493411349270615,-8.608717319356918e-05,-0.0018385150149489212
0.00026906078443495775,0.0012653198896112744,-0.00030792435512343175,-0.0002895510026799421,-0.0003919792367500785,-0.00033851197673022415,-0.001613039929173601
0.00023568155912165843,0.0011275773673908723,-0.0003050017493967383,-0.00022860106729622257,-0.00035660754066857425,-0.0004743816854025501,-0.0014790744503467325
0.00020941212029255453,0.0010050239757262575,-0.00029316200528005376,-0.00018219875655638498,-0.0003311126746494142,-0.0005599289699458193,-0.0013939590925891865
0.00018734057878663085,0.0008951465646710038,-0.00027890452328280246,-0.00014362931661099365,-0.00031097384513903426,-0.0006236621504848022,-0.0013331195458378166
0.00016816197530088173,0.0007962672668217624,-0.000264738272672288,-0.00010989899444859355,-0.00029433645941659425,-0.0006776468876213138,-0.0012847872879456611
0.00015123072098691126,0.0007071040165953085,-0.0002515820799548346,-7.962471575814062e-05,-0.0002803178714509136,-0.0007270294949594386,-0.0012437605864818006
0.00013428626471484635,0.0006251661954124188,-0.000245748041731525,-4.4664499765357385e-05,-0.00026931492524204237,-0.0008068918855487633,-0.0011904195736055466
0.00012239177267681263,0.0005529522762127981,-0.0002314623425579837,-2.2892344843018775e-05,-0.0002614408996330364,-0.0008375650050733707,-0.0011713802236406265
0.00011105022913718114,0.0004872676526667813,-0.00022073212860310165,-9.543784006832423e-07,-0.00025388297674983074,-0.0008776447687499911,-0.0011452214312586452
0.00010064724444634396,0.0004276699837059278,-0.00021207174388292171,2.0099157569907627e-05,-0.0002473288670955254,-0.0009212733154519981,-0.00111750468612694
9.126915550568444e-05,0.00037361417259612617,-0.00020483528188941502,3.9936595578819734e-05,-0.00024193076699527416,-0.0009662618236632448,-0.0010904751948265772
8.288922311994358e-05,0.00032455738081917096,-0.00019871072873868523,5.8528696541680636e-05,-0.00023770007780485325,-0.0010119057628156097,-0.0010647474635374823
7.544234854757817e-05,0.0002799864647318462,-0.00019353038993037697,7.595997235033264e-05,-0.00023457902283216536,-0.0010580952645268676,-0.0010404415275816637
5.8878873874694884e-05,0.00029738422930865316,-0.000105348176692166,4.977648328241546e-05,-0.0004356543973751126,-0.0008205999895001814,0.0011599572230948964
4.745857818986253e-05,0.0002179097717271844,-0.0002065132491989169,9.060767329870448e-05,-0.00016967815936594355,-0.0009498657218800916,-0.0017316090312004921
2.2107521136733102e-05,0.00030596328952285645,-0.00011879288980035096,-0.00010228976986219676,0.0006162495599173201,0.0006828760003411566,-0.001737969383077128
-2.310801689222111e-06,0.0003067973477866581,-0.00012154705787484343,-0.00013116200014419085,0.0006170323228143759,0.000988825047474412,-0.0024885352580978452
-3.808987330091752e-05,0.0003020398492980664,-0.00015947295680499018,-0.0001202955073763487,0.0006028692960683979,0.0010910148211448617,-0.0029545186049043486
-3.821968678769695e-05,0.0003013476783272212,-0.00012265830451832493,-0.00017230434406541317,0.00057349103531118,0.0014253141310320155,-0.0036249185891589677
-3.863417393947313e-05,0.00029533703565708114,-9.754259739296056e-05,-0.00019938482960677253,0.000555862555192771,0.0016331307872078926,-0.004117071111263117
-5.897343374765274e-05,0.00029262222477137445,-0.0001092840060302469,-0.0002039130246310021,0.0005424132702232798,0.001736581102083537,-0.00425451144215888
-5.5741394731584e-05,0.0002817400566666045,-8.816573056083521e-05,-0.0002177718367536094,0.0005203883155448508,0.001836437230353885,-0.004537039912182583
-7.123412447357196e-05,0.0002765780852532207,-9.830232444685283e-05,-0.00021607565159404915,0.0005035443925774374,0.0018759774199752915,-0.004525320353820549
-6.636009245398859e-05,0.0002618632595604298,-8.291662488041363e-05,-0.00021739951688242234,0.0004748569586786877,0.0018806346509472188,-0.004624969181315091
-5.542012770350102e-05,0.00012075458222454705,-0.0001896351860869866,3.2278898323592764e-05,-0.0003433186966557422,-8.120622240911923e-06,-0.0043888690175987125
-4.8957498041764594e-05,0.00019812484909847994,-7.731540490733824e-05,-0.00015270224614127859,0.0004073297418567545,0.0013690534259140075,-0.003583098438907641
-4.994174613208273e-05,0.00019173338070282986,-6.926613911838186e-05,-0.00015889351093258813,0.00038504116727341997,0.001409836329616318,-0.003680776378294783
-4.1081579170385366e-05,0.00019719108758574355,-2.9427126338285592e-05,-0.00019728100114750624,0.000383311174733475,0.0016449584401471984,-0.003926819311962131
-6.901585283076474e-05,0.00017197410342413566,-9.986421417503e-05,-0.00011982090163329892,0.0003614616985191943,0.0012350245644936336,-0.0034172959630653036
-6.072704560790114e-05,0.0001678315616235465,-7.475764010403396e-05,-0.00014148870907391628,0.0003364368606856294,0.0013297557515560693,-0.0035678155400312613
-5.638493957653423e-05,0.0001610326070709267,-6.136492448137465e-05,-0.00014995821256555061,0.00031589335168052957,0.0013512277561548297,-0.0035849543719540192
-5.505859340318442e-05,0.0001521102654654244,-5.790285111788307e-05,-0.0001453755988174675,0.0002959892186722435,0.00130855998600575,-0.003508760287011213
-5.355939496944247e-05,0.00014313636810255048,-5.500799147996338e-05,-0.00013987895150390992,0.0002773176058050719,0.0012580903397920729,-0.0034114427257793487
-5.185254955513037e-05,0.00013415964583153583,-5.251337356766694e-05,-0.00013367513478321907,0.00025955206507813355,0.0012014906668714742,-0.0032988177559961657
-4.994227861914065e-05,0.00012524553294974983,-5.030468378548758e-05,-0.0001269440975274795,0.0002425109433920325,0.001140350255962319,-0.003175418682298231
-4.7854204695841826e-05,0.00011645830881301666,-4.8307541380354646e-05,-0.00011984992125948016,0.00022611505019007327,0.001076096787361383,-0.0030448891284697785
-7.8778768821579,-2.0096394051727318,1.468118178694071,8.148844907834317,2.719987028364878,-2.1386468976543362,-0.5109206648527681
-0.35286796127040443,0.19316024338165527,-0.14544102150206784,-0.7999826363363098,-0.29041218672146796,0.08442757370153098,0.3426417148977482
0.600545868035617,0.13522630820940176,-0.09936872428324442,-0.5403692105518756,-0.19619514861439086,0.13235914309553443,0.13236296518586654
0.3175196564995844,0.07854151669738396,-0.05667559638010079,-0.2961510691818809,-0.1227506901320926,0.0881967368039477,0.144002249370464
0.06378696279228957,0.028169572772798607,-0.018569273616575822,-0.07565437201099023,-0.057224165129365415,0.04832907797262512,0.15670278075452157
-0.16354667046599353,-0.016538585387626398,0.015269652871984916,0.12323617072153056,0.003499330431735212,0.012487571802315856,0.1516664838494236
-0.36557567419793585,-0.056291126945204856,0.04765583865490477,0.3000558329517335,0.06050410424980732,-0.02180239965644691,0.14635952198276034
-0.5473535150416835,-0.09101531622765356,0.07514988206231138,0.46030109411159986,0.11328462161207938,-0.04911869508578791,0.11964276348738224
-0.7105325736511218,-0.12220407142656962,0.09898874513863468,0.6074825501499539,0.15322797636604682,-0.07435197228861615,0.13062385887284678
-0.8563263725766922,-0.14931566870266832,0.12047615501528894,0.7392740722370916,0.19231003075851272,-0.0942416676851727,0.11935611422703445
-0.98696391951572,-0.17329772713800956,0.1391068404742029,0.8596441034717063,0.22498398971257744,-0.11334480576471137,0.12031667693664097
-1.1037762985504977,-0.19430884384758468,0.15536211281092233,0.9690168063743381,0.2546105202630775,-0.13211860500608352,0.12544112110048705
-1.2078752491821632,-0.21289610991566088,0.16962604492426842,1.067348799499167,0.28282778591108737,-0.14857113061728755,0.10628738565067304
-1.3006972165957338,-0.22960659113659526,0.1815694222911241,1.1561230135230134,0.3105897683553269,-0.16646603437483298,0.06092873226029387
-1.384515386882916,-0.24305402250257857,0.19146028282798316,1.2378430330825583,0.33517701684185386,-0.17498731037123663,0.047644664065864324
-1.4588467777616942,-0.2556148626935701,0.20004907071167674,1.3125909649528116,0.3529772752327214,-0.18973160524411062,0.04664367581686367
-1.5246685716897526,-0.2664385174385218,0.2079979713677274,1.3797438304488798,0.3694690330768138,-0.20136432816276237,0.03831113917886009
-1.5834409565486889,-0.2759726211110498,0.21432147976731966,1.4412074713799632,0.38233091661986307,-0.21279118648143147,0.03375068222417413
-1.635467545907372,-0.2847160936079074,0.21939767244681857,1.497008578685015,0.39468188940774224,-0.22820131163281598,0.02702708909670736
-1.6814777882243732,-0.29228114646306613,0.22369565828201265,1.5482985992401137,0.40578161943477836,-0.24567272673347765,0.02193972083855779
-1.722115832316317,-0.2987152536969514,0.2268747211467424,1.5957866680034771,0.4207964224169617,-0.2698380727272075,0.016725846015353648
-1.7588767427385579,-0.3027664922120104,0.22964476315996674,1.637730931738301,0.43082959419041733,-0.2694209347521802,-0.0028144547539518394
-1.790641991937885,-0.3075390670936531,0.23176429404020005,1.6764445375167096,0.4405617387852129,-0.2834737506180033,-0.01511422036273587
-1.818634792706713,-0.3119450400584892,0.23302652585956246,1.7123028635021438,0.4479429104791486,-0.2988152827222256,-0.01998615267041068
-1.842864031146952,-0.31611717632088043,0.23421313404350058,1.7450549736270373,0.4542546133949653,-0.32171506875074796,-0.01008749254464291
-1.8637546847018607,-0.31943840316393923,0.23678496721344333,1.7765268683753535,0.44696429633388035,-0.33994714581615065,0.038578823809202134
-1.8822502853766374,-0.32183443349500285,0.23829242769916503,1.8067275783135899,0.44081922966230525,-0.3499078536249499,0.05209977292809759
-1.8986845878491942,-0.32330328615607984,0.23815573564369724,1.8386933180434943,0.43776294209535227,-0.3650377386969591,0.049686571762694774
-1.9135491686472346,-0.32201267673697753,0.2389600562236217,1.8648279283132332,0.4370475965583841,-0.35765810195944125,0.04570674791421613
-1.9264818321224189,-0.3204187516456938,0.23941466002334807,1.891061809848833,0.43323747988658295,-0.353500409156982,0.049223962324548856
-1.9387227499133264,-0.3177147809700943,0.2379799235554168,1.9108973003752368,0.4409582127032205,-0.3236593100858753,-0.011477896973015062
-1.9487350281477358,-0.3179365514446526,0.23554496901719527,1.9371944333861861,0.43266049449544197,-0.33775779920363813,-0.008739899753517327
-1.9565737667902545,-0.31548124416456075,0.23605472373645997,1.9588956348757671,0.42956093583602706,-0.3380841873471657,0.007997271831956598
-1.96354324106869,-0.31448416252436623,0.23483439562929476,1.974340718781331,0.4399070191220954,-0.3315679272969042,-0.033356271506797444
-1.9686134841454521,-0.3139383517500325,0.2349518836578642,1.993506811689145,0.4334900962021607,-0.34744148410231707,0.007468757482955925
-1.972655152415694,-0.3127259477706408,0.23540676501301505,2.0031262113713053,0.4416141337883129,-0.35163390507327147,0.028243117038458037
-1.977376901639416,-0.32126162470554215,0.2254392147823631,2.046159576390002,0.38847003518812995,-0.4597460490282884,0.10788338965323678
-1.9657737934217183,-0.3515223432032814,0.22799939824737772,2.0235876449645556,0.5096171315711207,-0.7351660684734722,-0.05549909196987059
-1.9742180564540197,-0.33912390557095695,0.22439552303669008,2.0469970360446577,0.46835236014293635,-0.634744843421519,-0.003617250489929391
-1.9801170779478392,-0.3243333156187305,0.22471127193623655,2.06165034978132,0.462691078119454,-0.5228223841989007,-0.03414995348155088
-2.0043343510132363,-0.29194451224023266,0.20219439911450138,2.11736219097962,0.32079722603274113,-0.23060472639530333,0.15379746668253116
-1.9773410633220734,-0.3243415788279277,0.23044324300774602,2.083574639422036,0.47130918821629886,-0.5636153873756794,-0.10811851610338447
-1.9802710400333445,-0.3167628453096155,0.22835807897056393,2.1013432355172075,0.4572044097186349,-0.5234415801895705,-0.10762900487387263
-1.9833811484205406,-0.3050419846799284,0.22797231951498512,2.1200341913981373,0.4467440516361053,-0.4592508764921352,-0.12505013674226512
-1.9847538739029225,-0.29859068971154984,0.2258096589865944,2.1294971718570377,0.4670197950256418,-0.42935313250601725,-0.21990719312484294
-1.9847640335045709,-0.29840458308415335,0.22519270479194536,2.145583884843016,0.4424302605874689,-0.46882592705812226,-0.1509141789695838
-1.986196005363742,-0.293152874481366,0.22233540291032408,2.158090392771535,0.44330191147004977,-0.4434901119943692,-0.18030924833614087
-1.9886499190095317,-0.28755558070960247,0.21862005552104302,2.1786921055328246,0.40404712238873813,-0.42256946628483316,-0.09217355625270161
-1.9637032666506817,-0.3766276158328357,0.21010912615058247,2.1636561612246727,0.3973133416755189,-0.9546306622821938,0.06306531174287917
-1.963976355685773,-0.3710649202936887,0.21064191560158327,2.1682712414777314,0.40553952524273357,-0.9229510819717602,0.031378254806106946
-1.974241782455036,-0.3406898307563041,0.2008613376882577,2.18475336847829,0.43611658902251504,-0.6269833296614067,-0.17678129063099937
-1.987068372342838,-0.29127388322344894,0.19951308242606924,2.2126398181036153,0.4504394947862631,-0.335542972373457,-0.294287434414143
-1.9923679687046367,-0.26884158740003616,0.1993067262639411,2.2399528152366934,0.41703933950721805,-0.24243298168614116,-0.2897177396946312
-1.9916375700679123,-0.2669445722361272,0.19821308793549208,2.247860330090406,0.4208476781720684,-0.2501358281401888,-0.30813996487667533
-1.9938666129584441,-0.25974197138071,0.1950476221787365,2.2539142108474457,0.4186977423596714,-0.2070586514322781,-0.28257257876295144
-1.9929314361990618,-0.25678124347378767,0.19659873664126698,2.2586048591010113,0.42583179338486915,-0.20755548424688225,-0.27165758515390304
-1.9926661197318336,-0.25075719643821137,0.19771121879264753,2.2723849524418323,0.4246506021198416,-0.20443103342805843,-0.24642249571739672
-1.999004747685133,-0.23690821605939938,0.1854721184936413,2.2803479787060263,0.4492532655004396,-0.069157239683597,-0.36768141189275244
-1.9960355840352164,-0.2368340634184134,0.19167119368598323,2.2957737728937313,0.425397008273591,-0.14131682870467904,-0.28398298771870656
-2.0047380968441737,-0.21626662823081405,0.1800778945522612,2.3020403077527734,0.45214755490480985,0.01731040377953348,-0.3553327724226435
-2.0027036122351487,-0.2101227703877763,0.18631216029313266,2.3089395363969056,0.47118887656070335,0.017176146037536755,-0.38008970671097797
-2.0195084423778757,-0.20600740147719965,0.14929206910899417,2.3439011497394397,0.26911617404762744,0.09856752798689333,-0.08978175602690547
-2.0130486247997132,-0.16291253391216715,0.19430409671121515,2.331977719988251,0.4030611724011387,0.311269235146556,-0.24038251580082737
-1.9983441022759636,-0.22918370441907446,0.17836658708537062,2.3478198095078473,0.4962083613728121,-0.21595609088263895,-0.464602239958273
-1.9921117746550188,-0.22238422035299715,0.20977756434123168,2.3410774620210226,0.49065009680412974,-0.38600502823623417,-0.5863993445833109
-2.019686055217015,-0.1569594247621345,0.17507917984522203,2.3871944947090777,0.3357719409479068,0.31630926399482917,-0.17167604664249092
-1.8153202272872662,-0.18590801591217698,0.1336259396012366,2.168131501174485,0.19372133082006787,0.04724553216932942,-0.11208116379849012
-1.6387761265568512,-0.16184101769366657,0.10773494799919033,1.9557510941047127,0.16148850631186326,0.0701619422898524,-0.06280985220658314
-1.4740451514576807,-0.14803591548862832,0.09900313691727222,1.7571253536423532,0.14313377246515926,0.05222637518367071,-0.03173483541614097
-1.3269890905604587,-0.1324906718480799,0.08847419626921625,1.5809143894557762,0.12999796560886812,0.05150856914619405,-0.015708420970364827
-1.1940820108747447,-0.1150488210793771,0.08445614401145549,1.420757908803885,0.1235724267764986,0.0634868188435047,0.010446652284466357
-1.0777504405756642,-0.0923485462570657,0.07596257164986536,1.2690296578044689,0.13582277963530348,0.14459069413667935,0.01530754286299082
-0.970067983490123,-0.08273086790503757,0.06787150838481754,1.1434723751012124,0.1253906592698245,0.12482593549060893,0.03771826690877179
-0.8728253863720659,-0.07544128818271059,0.06086036346912946,1.0305454792986355,0.11124566658584517,0.09958644566532664,0.056846980789915534
-0.786844566610852,-0.0626123708309491,0.05497669138091374,0.9302658415804861,0.09446384185518661,0.11660139622351096,0.0349610615414266
-0.7097909822898335,-0.04894530513497364,0.05115476560413439,0.8388790046795005,0.08194790083042519,0.1528368468901487,0.0180401984981166
-0.638414251860095,-0.046024119416361114,0.0460667678103366,0.7554487209062221,0.07063584879189283,0.12063414528753218,0.04016601921731569
-0.5740049439811921,-0.04662988512726558,0.04021924534753249,0.6768309568331952,0.05894463363160862,0.09928177003923704,0.047915353874021765
-0.5146772946826634,-0.05327550318768677,0.0339290280512179,0.621184500186484,0.00839183453165221,0.034331124096088406,-0.019281822288102157
-0.46258314073552353,-0.050724732257897864,0.031176095394582264,0.5609616834042128,0.0016035216148408,0.012661888140822794,0.004201401909884876
-0.40326606318762137,-0.10282775974460732,0.0212570288483907,0.5352204747174013,-0.11240716890317778,-0.33521613384372395,-0.07176520053441365
-0.3623025123811824,-0.09519675363563268,0.0188443460869312,0.48294440811511063,-0.10590085348131473,-0.31848863040632236,-0.06681353820411223
-0.32607222127735547,-0.0856772524760646,0.01695991147823861,0.434649992302639,-0.09531099464967459,-0.28664050994226503,-0.060132145097120074
-0.29346564140207343,-0.07711959299219925,0.015282183027461645,0.39118572180331573,-0.08578363467110528,-0.2579975027303359,-0.05411819251161987
-0.264122739490527,-0.06941916728265193,0.013794217626465034,0.352067127238783,-0.07719988097487651,-0.23220151978444203,-0.04870637326045468
-0.23770620665164827,-0.06245541538333718,0.012356280265022335,0.3168596667214051,-0.06948123951144557,-0.20895571153421053,-0.04383647913589681
-0.21393559805749648,-0.05620981096283678,0.011120652238522766,0.28517368890516803,-0.06253303447169739,-0.18805991675223477,-0.039452832092066834
-0.19254204962916974,-0.050588770755025075,0.010008587014668887,0.25665630956229357,-0.056279654781827296,-0.16925371430472913,-0.0355075498752626
-0.17328785501114574,-0.045529839882655104,0.0090077283132004,0.23099066908083182,-0.050651619911892695,-0.15232815125869348,-0.03195679573672107
-0.15595907890654312,-0.040976806988695255,0.008106955481878227,0.20789159350321426,-0.04558639483467582,-0.13709516210736417,-0.0287611168906535
-0.14036317954316335,-0.03687908187496747,0.007296259933692536,0.18710242627100915,-0.04102769805537457,-0.12338548798882777,-0.02588500582636199
-0.12632686932093062,-0.03319113338734349,0.0065666339403254205,0.1683921764853434,-0.03692487625975459,-0.11104679602333821,-0.023296505781291384
-0.11369418939467754,-0.029871983511635447,0.005909970546291277,0.1515529523410838,-0.0332323414965236,-0.09994198671439522,-0.02096685566665643
-0.10232477679877276,-0.026884752059432665,0.005318973491663215,0.13639765121753267,-0.0299090646408154,-0.08994767060834152,-0.018870170500478192
-0.09209230485932955,-0.024196246884990072,0.0047870761424952946,0.12275788075996219,-0.02691811951088409,-0.08095279728692975,-0.016983153797226005
-0.08288307956522165,-0.021776595080146607,0.004308368528247897,0.11048208785293619,-0.024226272572762247,-0.07285742145992011,-0.01528483871846447
-0.07459477630205383,-0.019598911049584694,0.0038775316754247058,0.09943387469625695,-0.021803613674225272,-0.06557159244788655,-0.013756355108360423
-0.06713530291272046,-0.01763899777841911,0.003489778507882235,0.08949048327327905,-0.019623223705184822,-0.05901435471645791,-0.012380719825641665
-0.060421776451939274,-0.01587507797296421,0.0031408006570945446,0.08054143137238784,-0.01766087549192953,-0.05311284835700035,-0.011142648042303745
-0.054379602265330805,-0.014287552087359837,0.0028267205913845572,0.07248728500629675,-0.015894764601906614,-0.04780149951916097,-0.010028383412421685
-0.04894164516057854,-0.012858780547570087,0.002544048532248766,0.06523855358941351,-0.014305267068010413,-0.04302129180026684,-0.009025545224057536
-0.04404748346148329,-0.011572887752953898,0.0022896436790222907,0.05871469559748957,-0.012874721340459389,-0.03871911049587138,-0.008122990835956915
-0.039642737656573356,-0.010415585677737135,0.0020606793111195287,0.052843223661263566,-0.011587232043539744,-0.03484715242545257,-0.007310691870564227
-0.03567846618288663,-0.009374015112388348,0.0018546113800059771,0.04755889915079135,-0.010428493356704024,-0.03136239477574345,-0.006579622787712858
-0.032110621631306714,-0.008436602780882374,0.0016691502420069781,0.04280300730131943,-0.009385630057653263,-0.028226117059950137,-0.005921660600953776
-0.02889956133141101,-0.007592932746338113,0.0015022352178046816,0.038522704826601584,-0.008447054461185668,-0.025403470881316365,-0.005329494622236807
-0.026009606877775208,-0.006833630676107316,0.0013520116960226147,0.03467043277086097,-0.007602337664239137,-0.0228630927205482,-0.004796545232079347
-0.02340864770365948,-0.0061502596804636905,0.0012168105264187545,0.031203388075608428,-0.0068420936664918275,-0.020576755444784413,-0.0043168907727880795
-0.021067784297296336,-0.005535226567455406,0.001095129473776879,0.028083047989752762,-0.006157875079012845,-0.018519054665872114,-0.0038852017522648117
-0.01896100709655409,-0.0049816974723530805,0.000985616526399724,0.02527474203873932,-0.005542079262116306,-0.0166671264630733,-0.003496681627493995
-0.017064907494105313,-0.004483521924195141,0.00088705487375762,0.02274726679675017,-0.004987863849496663,-0.015000393333725014,-0.0031470135096470647
-0.01535841774209052,-0.004035164505756847,0.0007983493863807922,0.020472539181736343,-0.00448907072003768,-0.013500335549038608,-0.002832312198680501
-0.013822576866280458,-0.0036316433475572646,0.0007185144477421801,0.018425284420917697,-0.004040157572511069,-0.012150285374507734,-0.0025490810144785745
-0.012440319988804602,-0.003268474772528507,0.0006466630029695608,0.01658275521976334,-0.0036361363428623616,-0.010935241868497092,-0.0022941729448606504
-0.011196288718647212,-0.0029416234762620896,0.000581996702671006,0.014924479014078815,-0.003272517779826692,-0.009841704201113195,-0.0020647556787989855
-0.010076660503026122,-0.0026474576892825397,0.0005237970324039054,0.013432030496885936,-0.0029452615630598394,-0.008857521641365794,-0.0018582801363259075
-0.009068995043662344,-0.0023827088231201804,0.00047141732916244905,0.012088826892628479,-0.002650731409486337,-0.00797175854575334,-0.0016724521454157832
-0.00816209607139681,-0.0021444351518281474,0.00042427559624513833,0.010879943703957545,-0.0023856546690874947,-0.007174572848149777,-0.0015052069512029474
-0.007345886943359353,-0.0019299891253662521,0.0003818480366195587,0.009791948883858918,-0.00214708596112434,-0.0064571067008018235,-0.0013546862742849879
-0.006611298680382989,-0.001736987951713856,0.00034366323295920154,0.00881275359054801,-0.001932374446804913,-0.005811388051356059,-0.0012192176631582452
-0.005950169200704305,-0.0015632871207555132,0.0003092969096627485,0.007931477866900953,-0.0017391343747217153,-0.005230242062289794,-0.0010972959114543086
-0.005355152630270158,-0.0014069565758360048,0.000278367218694342,0.007138329751951219,-0.0015652185717650452,-0.0047072113885002625,-0.0009875663334121855
-0.004819637682009216,-0.0012662592681804419,0.00025053049682277617,0.006424496481221908,-0.0014086945849825644,-0.004236484427201946,-0.0008888097118149125
-0.00433767419716746,-0.0011396318558828111,0.00022547744713996565,0.005782046567036299,-0.0012678232092982744,-0.003812830742949587,-0.000799928751174993
-0.0039039070325343228,-0.0010256673330250182,0.00020292970242330455,0.005203841670807237,-0.0011410391624629007,-0.0034315429501978398,-0.0007199358855159476
-0.0035135165589047835,-0.000923099395904306,0.00018263673218044119,0.004683457288099088,-0.0010269336925465555,-0.0030883844076948497,-0.0006479423054556637
-0.0031621651097118795,-0.0008307883726570153,0.00016437305896133472,0.004215111365177354,-0.0009242389247023641,-0.0027795421434879397,-0.0005831480825343035
-0.0028459487848019396,-0.000747708559921359,0.00014793575306626394,0.0037936000539258025,-0.000831813773267992,-0.002501584487471939,-0.0005248332811255453
-0.0025613540738025093,-0.000672936825861184,0.00013314217775750592,0.0034142398912428394,-0.0007486312626839853,-0.0022514229407634007,-0.0004723499591618519
-0.0023052188171754167,-0.0006056423528987137,0.00011982795998122242,0.0030728157605350373,-0.0006737671163315473,-0.002026277858143931,-0.0004251149687744338
-0.0020746970711528335,-0.0005450774061716984,0.00010784516398310018,0.0027655340570340754,-0.0006063894864986735,-0.0018236475623380974,-0.00038260347685861295
-0.0018672274861755377,-0.0004905690251823108,9.706064758319144e-05,0.002488980536617093,-0.000545749711367699,-0.0016412805468650968,-0.00034434313363263837
-0.001680504847493206,-0.0004415115462684249,8.735458282593811e-05,0.0022400823796996337,-0.0004911739963210371,-0.0014771504586631248,-0.0003099088242819806
-0.0015124544616946182,-0.0003973598728366917,7.86191245438772e-05,0.002016074048788903,-0.00044205592710398756,-0.001329433582475427,-0.0002789179454637412
-0.001361209104590166,-0.0003576234185857924,7.075721208948949e-05,0.001814466560256571,-0.000397849731711003,-0.0011964885768067646,-0.0002510261541584886
-0.0012250882742944188,-0.00032186065642179906,6.368149088054054e-05,0.0016330198289348473,-0.00035806421608283734,-0.0010768382363417067,-0.00022592354165391643
-0.0011025795190158839,-0.0002896742124804397,5.731334178982195e-05,0.0014697177782720498,-0.0003222573062283407,-0.0009691530781159516,-0.00020333119011310512
-0.0009923216320561054,-0.00026070645074366405,5.158200760924103e-05,0.0013227459394476553,-0.0002900311361565683,-0.0008722365691032699,-0.00018299807346458703
-0.0008930895272981749,-0.00023463549921204363,4.642380684671821e-05,0.0011904712906002472,-0.0002610276270121198,-0.00078501183105531,-0.00016469826824184759
-0.0008037806271751985,-0.00021117167346527965,4.1781426164178015e-05,0.0010714241121236902,-0.00023492450831601175,-0.0007065096748804164,-0.00014822844332494905
-0.0007234026118051401,-0.00019005425786072783,3.760328354829312e-05,0.0009642816564378667,-0.0002114317370748714,-0.0006358578315947133,-0.00013340560071337017
-0.0006510623932409641,-0.00017104860863279003,3.3842955195598906e-05,0.0008678534507632236,-0.00019028827498734913,-0.0005722712601848937,-0.00012006504218742883
-0.0005859561922728698,-0.00015394354666810328,3.0458659674437172e-05,0.0007810680696588093,-0.00017125918793545192,-0.0005150434247180383,-0.00010805853935894408
-0.0005273606075667787,-0.00013854901100307515,2.741279370432892e-05,0.0007029612302682127,-0.00015413303553606095,-0.0004635384437250492,-9.725268666893605e-05
-0.00047462457787998636,-0.0001246939470003483,2.467151433549475e-05,0.0006326650780536271,-0.00013871952172966884,-0.0004171840246659647,-8.752741912816664e-05
-0.00042716214805465363,-0.00011222440568171843,2.2204362903011088e-05,0.0005693985439827083,-0.00012484738032564335,-0.00037546510497044744,-7.877467822711877e-05
-0.00038444595841625193,-0.00010100183315626954,1.9983926614841607e-05,0.00051245866594175,-0.00011236247198140314,-0.0003379181289555888,-7.089721131786023e-05
-0.000346001385224158,-9.090153107661758e-05,1.798553395282454e-05,0.000461212778068331,-0.00010112607150096486,-0.00030412589708767035,-6.380749100659295e-05
-0.0003114012670851901,-8.18112710749136e-05,1.6186980555943364e-05,0.00041509148111295094,-9.101332639112336e-05,-0.00027371293029431615,-5.742674264103565e-05
-0.0002802611587263016,-7.363004776185511e-05,1.4568282500349028e-05,0.0003735823157637562,-8.191186958976526e-05,-0.0002463412978851512,-5.1684069042601255e-05
-0.000252235059368746,-6.626695640034319e-05,1.3111454252975191e-05,0.0003362240686763801,-7.37205708791766e-05,-0.00022170686265225031,-4.65156627314587e-05
-0.00022701156829618967,-5.964018283252659e-05,1.1800308826082073e-05,0.0003026016478456135,-6.634841321541407e-05,-0.00019953590148436007,-4.1864097000162206e-05
-0.00020431042484050357,-5.3676094414936704e-05,1.0620277942408052e-05,0.0002723414704955511,-5.971348137394361e-05,-0.00017958206391621018,-3.767768777903843e-05
-0.00018387939439451278,-4.830842185249429e-05,9.558250148700154e-06,0.00024510731213696346,-5.3742051769181676e-05,-0.00016162363484439196,-3.3909919439482385e-05
-0.00016549146579151672,-4.347752285645268e-05,8.602425134895952e-06,0.00022059657074334493,-4.836777326963637e-05,-0.00014546107094761535,-3.0518927884801324e-05
-0.00014894232896177188,-3.912971943975663e-05,7.742182623005078e-06,0.00019853690451111447,-4.3530929953294883e-05,-0.0001309147834832325,-2.746703545038892e-05
-0.0001340481048403763,-3.5216701475493384e-05,6.9679643601716634e-06,0.00017868320581489183,-3.917777756554108e-05,-0.00011782314279776274,-2.47203322199345e-05
-0.00012064330225614256,-3.169498990900077e-05,6.271167926286125e-06,0.0001608148778115756,-3.525994635644736e-05,-0.00010604068241271136,-2.224829928160546e-05
-0.00010857897913687338,-2.8525453645456e-05,5.644051135789141e-06,0.00014473338335463035,-3.173390361034534e-05,-9.54364826766807e-05,-2.0023469607257684e-05
-9.772108762079847e-05,-2.567287473524693e-05,5.079646021144413e-06,0.00013026003900839384,-2.8560469951269263e-05,-8.589271606527366e-05,-1.802112287793787e-05
-8.794898461953393e-05,-2.310555706629136e-05,4.57168141743125e-06,0.00011723402969679442,-2.570438398938335e-05,-7.730333794558203e-05,-1.6219010802349942e-05
-7.915409133914817e-05,-2.079497418833176e-05,4.114513274089404e-06,0.00010551062185991736,-2.3133910516934253e-05,-6.957290828812912e-05,-1.459710991193533e-05
-7.123868686989771e-05,-1.871545231484084e-05,3.703061947746278e-06,9.49595552943161e-05,-2.082048790022495e-05,-6.261553118473012e-05,-1.3137399093503775e-05
-6.41148223780941e-05,-1.6843885070436104e-05,3.332755751372929e-06,8.54635958195682e-05,-1.8738410702601183e-05,-5.635390042135757e-05,-1.1823659333453501e-05
-5.770334392034716e-05,-1.5159476754456058e-05,2.9994801789001713e-06,7.691723268771211e-05,-1.686454406345239e-05,-5.071844049589491e-05,-1.0641293531292624e-05
-5.193301292895575e-05,-1.3643511248731532e-05,2.699532160477247e-06,6.922550622446774e-05,-1.517806664716459e-05,-4.564653355240006e-05,-9.577164304012432e-06
-4.6739714696180344e-05,-1.2279144079835325e-05,2.4295789433637083e-06,6.230295272622449e-05,-1.3660239272988983e-05,-4.108182359308099e-05,-8.619447980267106e-06
-4.2065745979200705e-05,-1.1051215228152778e-05,2.1866210495602445e-06,5.60726548671682e-05,-1.2294196705495142e-05,-3.6973590288529035e-05,-7.75750328143622e-06
-3.785917386000962e-05,-9.946080705744431e-06,1.967958942472592e-06,5.046538704927758e-05,-1.1064760260415252e-05,-3.3276185411060255e-05,-6.981753037565985e-06
-3.407325870333948e-05,-8.951460937489664e-06,1.771163050889868e-06,4.5418846246581684e-05,-9.958269137425035e-06,-2.9948525602188636e-05,-6.283577819145986e-06
-3.066593483905039e-05,-8.056304313622253e-06,1.5940467452714435e-06,4.0876959737319585e-05,-8.962428635364561e-06,-2.6953635905255235e-05,-5.655220109784809e-06
-2.7599343160290227e-05,-7.250664406738272e-06,1.4346420691424555e-06,3.678926206603095e-05,-8.066173545040467e-06,-2.4258238889053596e-05,-5.089698167091636e-06
-2.4839410468213696e-05,-6.5255894401983205e-06,1.291177863294024e-06,3.311033432919913e-05,-7.259545184670757e-06,-2.1832384918034353e-05,-4.580728410139186e-06
-2.235547088441387e-05,-5.873022819763429e-06,1.1620600748329935e-06,2.9799299522726558e-05,-6.533580761289293e-06,-1.964911935225383e-05,-4.122655619285057e-06
-2.0119925115637607e-05,-5.285713630884259e-06,1.0458540646851588e-06,2.6819368334391608e-05,-5.880213769335341e-06,-1.7684183050793723e-05,-3.710390106457205e-06
-1.8107933787320316e-05,-4.757136051483646e-06,9.412686576837359e-07,2.413743038799307e-05,-5.292184370217501e-06,-1.5915742817999845e-05,-3.3393511417205077e-06
-1.629714147778627e-05,-4.281416849313824e-06,8.471417913824553e-07,2.172368634546784e-05,-4.76295871464083e-06,-1.432414880041949e-05,-3.0054160713131883e-06
-1.4667428287833476e-05,-3.853270126377706e-06,7.62427614375838e-07,1.9551316806330765e-05,-4.2866563435273175e-06,-1.2891716156801514e-05,-2.704874498359218e-06
-1.3200686323615665e-05,-3.467938581469543e-06,6.861848529382542e-07,1.759618431115481e-05,-3.857984858093855e-06,-1.1602528552166758e-05,-2.4343870784196073e-06
-1.1880618471087415e-05,-3.121140645059861e-06,6.175663660457076e-07,1.583656515077511e-05,-3.4721811073556985e-06,-1.0442261309910605e-05,-2.190948397304271e-06
-1.0692557324944521e-05,-2.809022911595682e-06,5.558097289082298e-07,1.4252907980499135e-05,-3.1249582592568492e-06,-9.398022230683312e-06,-1.971853578966107e-06
-9.623302220403487e-06,-2.5281173143543167e-06,5.002287544186856e-07,1.2827616591198215e-05,-2.812458168729992e-06,-8.458208350679841e-06,-1.7746682403159061e-06
-8.660972566635911e-06,-2.2753026120286846e-06,4.5020587791100297e-07,1.1544854401586424e-05,-2.531208515094141e-06,-7.612377024054928e-06,-1.597201440874281e-06
-7.794875819087596e-06,-2.0477696746762364e-06,4.0518528798827447e-07,1.0390368481553308e-05,-2.278084208967579e-06,-6.8511298816145705e-06,-1.4374813181745189e-06
-7.015388694603386e-06,-1.8429902974848034e-06,3.646667607881682e-07,9.351331204152102e-06,-2.0502726776894242e-06,-6.166008395029621e-06,-1.293733206666689e-06
-6.3138502383367455e-06,-1.65868910048661e-06,3.2820008577516546e-07,8.416197692866223e-06,-1.845242610237774e-06,-5.549399908676145e-06,-1.1643598988647294e-06
-5.682465586127287e-06,-1.4928182417023317e-06,2.9538007773055597e-07,7.574577572132257e-06,-1.660715829840398e-06,-4.994453034139201e-06,-1.0479239207711669e-06
-5.114219361838663e-06,-1.343534661676915e-06,2.658420683587792e-07,6.817119502382923e-06,-1.4946419806122213e-06,-4.495001539248089e-06,-9.431315447488292e-07
-4.602797729070553e-06,-1.2091796144642064e-06,2.392578615229013e-07,6.135407268390014e-06,-1.3451757454596702e-06,-4.045495810393873e-06,-8.488184010096295e-07
-4.142518228668259e-06,-1.0882602286266252e-06,2.1533207750223937e-07,5.521866286044286e-06,-1.2106563341968135e-06,-3.6409412103172167e-06,-7.639365705719436e-07
-3.7282666505984545e-06,-9.794329231538335e-07,1.9379887028492249e-07,4.969679429631113e-06,-1.089589050054518e-06,-3.276842574853611e-06,-6.875429253054913e-07
-3.355440204753316e-06,-8.814884803615142e-07,1.7441898059189498e-07,4.472711279120828e-06,-9.806286573599277e-07,-2.9491542527237957e-06,-6.187886403179535e-07
-3.0198963832405758e-06,-7.9333859540065e-07,1.5697708199979843e-07,4.025439966554023e-06,-8.825644547821865e-07,-2.654235170013175e-06,-5.569097827427122e-07
-2.7179069225649957e-06,-7.140038001396398e-07,1.4127937220109743e-07,3.6228958012543555e-06,-7.943068030119571e-07,-2.38880836054417e-06,-5.012188066706724e-07
-2.4461163914348168e-06,-6.426025814659786e-07,1.271514360468018e-07,3.26060607112183e-06,-7.148750384433633e-07,-2.1499245630302033e-06,-4.510969324649297e-07
-2.2015048979653028e-06,-5.783415698568106e-07,1.1443629510665687e-07,2.9345453278692424e-06,-6.433865590710353e-07,-1.9349294409637396e-06,-4.059872403582368e-07
-1.981354537853794e-06,-5.205067308555744e-07,1.0299266506308413e-07,2.6410906706561543e-06,-5.790470240796264e-07,-1.7414340970772768e-06,-3.6538852065358396e-07
-1.7832191998999776e-06,-4.684554455597345e-07,9.269339962258982e-08,2.3769814956851876e-06,-5.211415289446686e-07,-1.5672885284104265e-06,-3.2884966758711665e-07
-1.6048973824184763e-06,-4.216093484471495e-07,8.342405699579558e-08,2.139283247812318e-06,-4.69026664798311e-07,-1.410557730834039e-06,-2.959647019632611e-07
-1.4444077381567909e-06,-3.794479165042386e-07,7.508165289493718e-08,1.9253548332598402e-06,-4.2212335639446597e-07,-1.2695002064994076e-06,-2.663682307831733e-07
-1.2999670492637623e-06,-3.4150267623489494e-07,6.757348813835051e-08,1.7328192724111458e-06,-3.79910445449938e-07,-1.142548613629335e-06,-2.3973140777459184e-07
-1.1699704191331546e-06,-3.073520079693859e-07,6.081614145614367e-08,1.5595372729673707e-06,-3.4191888205470367e-07,-1.0282923351631612e-06,-2.157582670598429e-07
-1.0529734466857565e-06,-2.766164454159892e-07,5.47345262447152e-08,1.4035834782766266e-06,-3.077265288281561e-07,-9.254618268117465e-07,-1.9418244042758437e-07
-9.476761645590796e-07,-2.4895447642281354e-07,4.9261075218964834e-08,1.2632250710430115e-06,-2.769534551555486e-07,-8.329144950136591e-07,-1.747641943305664e-07
-8.529086026475181e-07,-2.2405873789654862e-07,4.433496769706835e-08,1.1369025141282074e-06,-2.492577325652334e-07,-7.496220137057086e-07,-1.572877760310648e-07
-7.676177905327486e-07,-2.0165259989601836e-07,3.990146879573331e-08,1.023212215036512e-06,-2.2433161900314857e-07,-6.74658882295065e-07,-1.415590048939666e-07
-6.908560548366319e-07,-1.814871012362218e-07,3.591132191615998e-08,9.208909490486528e-07,-2.0189815355675655e-07,-6.07192156699965e-07,-1.2740310874337357e-07
-6.217704889752672e-07,-1.6333817860758604e-07,3.232018919163693e-08,8.288018171175027e-07,-1.8170806025119557e-07,-5.464721874182121e-07,-1.1466279473473784e-07
-5.595934781041367e-07,-1.470041668394373e-07,2.908817187119439e-08,7.459215999802704e-07,-1.635370087404997e-07,-4.918242896070901e-07,-1.031965121368536e-07
-5.036341619263189e-07,-1.323035770661729e-07,2.6179352019539692e-08,6.713294072244191e-07,-1.471830831933918e-07,-4.426412508265476e-07,-9.287686419424956e-08
-4.532707768315977e-07,-1.1907306594893807e-07,2.3561414153050464e-08,6.041964401362621e-07,-1.3246457579441095e-07,-3.9837657887786815e-07,-8.358917997879078e-08
-4.0794372811216173e-07,-1.0716561878176822e-07,2.1205272208307813e-08,5.437767724263132e-07,-1.1921793510727419e-07,-3.585384263649072e-07,-7.523026738023852e-08
-3.6714938160152186e-07,-9.644892910720682e-08,1.9084744451447477e-08,4.893990741446086e-07,-1.0729598086400838e-07,-3.2268413916597405e-07,-6.77072407142057e-08
-3.3043446281749364e-07,-8.680392278581639e-08,1.7176271072116833e-08,4.40459145687605e-07,-9.656623589648916e-08,-2.9041532701584716e-07,-6.093651883434803e-08
-2.973910369747333e-07,-7.812343091884166e-08,1.5458642366183994e-08,3.9641321382746786e-07,-8.690948198608606e-08,-2.613734349857233e-07,-5.484286596819238e-08
-2.676519526511288e-07,-7.031099627519133e-08,1.3912780261193802e-08,3.567718777977569e-07,-7.821841677135843e-08,-2.3523576791334433e-07,-4.935858156918105e-08
-2.408867756939839e-07,-6.327981254272697e-08,1.2521503833795578e-08,3.2109467378027556e-07,-7.039647086093392e-08,-2.117118984221178e-07,-4.4422722420695004e-08
-2.167981121713354e-07,-5.695175464559554e-08,1.1269353453885467e-08,2.8898519335851525e-07,-6.335672592117092e-08,-1.9054044837762962e-07,-3.99804523749589e-08
-1.951183149959644e-07,-5.1256509980834863e-08,1.0142420237002625e-08,2.6008666044463613e-07,-5.702096615711749e-08,-1.7148616843210007e-07,-3.5982402942641434e-08
-1.75606494345025e-07,-4.613080047122242e-08,9.128180877837622e-09,2.3407798243127442e-07,-5.1318793548027486e-08,-1.5433733721592624e-07,-3.238416166392172e-08
-1.580458530931264e-07,-4.151766828941472e-08,8.215364388775015e-09,2.106701743401218e-07,-4.6186844626650014e-08,-1.3890341152983376e-07,-2.9145749826618716e-08
-1.4224127809891324e-07,-3.736585253710789e-08,7.393829548618669e-09,1.8960315079780132e-07,-4.15680974641397e-08,-1.2501289970573426e-07,-2.6231174916208078e-08
-1.2801716060308055e-07,-3.3629224197029295e-08,6.654447659570906e-09,1.706428269347693e-07,-3.7411232514661386e-08,-1.125114540215244e-07,-2.3608057495884405e-08
-1.1521545112587461e-07,-3.026626405056021e-08,5.98900129489266e-09,1.5357853919845121e-07,-3.367005671495171e-08,-1.0126017047779046e-07,-2.1247247556852034e-08
-1.0369391153109558e-07,-2.723960415562665e-08,5.390099033775186e-09,1.382206791696039e-07,-3.0303002801490564e-08,-9.113402753974098e-08,-1.912252607389614e-08
-9.332452696134835e-08,-2.4515612401243558e-08,4.851090196211771e-09,1.2439860459442786e-07,-2.7272660116373082e-08,-8.20205111745631e-08,-1.721027459173491e-08
-8.39920776532152e-08,-2.2064024593482223e-08,4.365979577869439e-09,1.1195873695843406e-07,-2.4545359134098277e-08,-7.381835705200235e-08,-1.548925147431407e-08
-7.559287593886937e-08,-1.9857598246297847e-08,3.929379488454288e-09,1.0076285607979463e-07,-2.2090787726858352e-08,-6.643643169629287e-08,-1.3940325329850345e-08
-6.803359386227045e-08,-1.7871814028680433e-08,3.5364404737947552e-09,9.068656543417819e-08,-1.9881676666111403e-08,-5.979270368411393e-08,-1.254629393779294e-08
-6.123023999589014e-08,-1.608460925561772e-08,3.182798025136435e-09,8.161790649580114e-08,-1.7893479878350327e-08,-5.381335909521168e-08,-1.1291660354136035e-08
-5.5107221513025356e-08,-1.447612765770323e-08,2.8645192884368953e-09,7.345611186329593e-08,-1.6104108102599213e-08,-4.843195434284242e-08,-1.016249438247352e-08
-4.959650221460568e-08,-1.3028495268740947e-08,2.5780657608720503e-09,6.611049669855151e-08,-1.449367302563953e-08,-4.3588696443941366e-08,-9.146240749144385e-09
-4.463685644544302e-08,-1.17256287734957e-08,2.3202613164130526e-09,5.9499446244948295e-08,-1.3044284624674773e-08,-3.92297717852208e-08,-8.231612488862616e-09
-4.017317099163156e-08,-1.0553054249906602e-08,2.088233582581145e-09,5.354949923416785e-08,-1.1739838268187697e-08,-3.5306743827179243e-08,-7.408452378475372e-09
-3.6155858876719266e-08,-9.49773668046383e-09,1.879408628724377e-09,4.819454852561522e-08,-1.0565838690079765e-08,-3.177602564408133e-08,-6.667605075699745e-09
-3.254027317869598e-08,-8.547951915738317e-09,1.6914682987589913e-09,4.33750896901286e-08,-9.509240075922243e-09,-2.8598384042843872e-08,-6.000842509533422e-09
-2.928624871518376e-08,-7.693148285081719e-09,1.5223236005112994e-09,3.903758154233383e-08,-8.55830244173017e-09,-2.5738508192818532e-08,-5.40075726588457e-09
-2.6357627762665925e-08,-6.9238239586155714e-09,1.3700933686189298e-09,3.513382260469933e-08,-7.702458032499138e-09,-2.316462582169221e-08,-4.860677351933851e-09
-2.3721865708738188e-08,-6.2314309962063774e-09,1.2330829690654355e-09,3.162043955493021e-08,-6.932199647646797e-09,-2.084813540553787e-08,-4.3746128759389324e-09
-2.1349679325214505e-08,-5.608279479707434e-09,1.1097736063447883e-09,2.8458396941072328e-08,-6.2389687444097675e-09,-1.876329724925796e-08,-3.93714952567209e-09
-1.9214711049694855e-08,-5.047446793859933e-09,9.987957128032576e-10,2.5612554875598104e-08,-5.615064579966855e-09,-1.6886945522487373e-08,-3.5434378547680168e-09
-1.7293241197976345e-08,-4.542697967790943e-09,8.989182731511391e-10,2.3051295924142456e-08,-5.053548773892302e-09,-1.5198227433510514e-08,-3.1890973178211324e-09
-1.5563916201406097e-08,-4.088421337589132e-09,8.090275116501289e-10,2.0746162891771558e-08,-4.548186119390785e-09,-1.3678384314097514e-08,-2.8701844755063544e-09
-1.4007524771608021e-08,-3.679575588666495e-09,7.281268921133233e-10,1.867154421353323e-08,-4.093359720624967e-09,-1.2310528152426059e-08,-2.5831607642842758e-09
-1.2606774083424171e-08,-3.3116149267264916e-09,6.553158016231464e-10,1.6804391673314045e-08,-3.684017535476869e-09,-1.1079460286722576e-08,-2.3248394329447586e-09
-1.134609792967714e-08,-2.9804519130482987e-09,5.897842214608318e-10,1.5123953849699445e-08,-3.315608565479522e-09,-9.971500805616706e-09,-2.0923534268038613e-09
-1.0211486191780833e-08,-2.6824041599038395e-09,5.30807398035904e-10,1.3611557683063102e-08,-2.9840452608898005e-09,-8.974339452128e-09,-1.883112824528632e-09
-9.190335630970131e-09,-2.4141622451123723e-09,4.777245266041064e-10,1.2250400600183342e-08,-2.6856345480830157e-09,-8.076896831910041e-09,-1.6948048121162573e-09
-8.27130065871387e-09,-2.1727418336725535e-09,4.299547384789548e-10,1.1025358685051723e-08,-2.4170670326340016e-09,-7.269196897197183e-09,-1.525319075039444e-09
