0.0,0.0,0.0,0.0,0.0,0.0,0.0
35.34029322182443,-9.457424960178171,-42.60041832656569,-22.048630035459652,-39.4864470993673,43.505333380986556,-50.76807290892817
31.806415831575485,-14.961371894721678,-38.339383421211735,-42.09969987117207,-35.53780238943055,39.15473369643208,-45.692272092282714
28.626710089291585,-17.185990333741117,-34.516171452150836,-52.719646333198675,-31.984022150487505,35.23915268605371,-41.12030726732608
25.76239895106557,-14.150819958243918,-31.057040531949724,-48.44155105162335,-28.785619935438753,31.71511598120255,-37.009731690883314
23.18622336076129,-11.287553122488953,-27.963865529469466,-43.596158577550646,-25.90705794189488,28.543459651816924,-33.30305546861626
20.868866576202215,-8.715376741375225,-25.175380487302533,-39.23602318507753,-23.316352147705388,25.689308214975156,-29.970415206564567
18.78273324435212,-6.142478016677064,-22.659986047485017,-35.31241138559255,-20.984716932934848,23.120521252841023,-26.973153909648605
16.90442977873273,-3.3038255440688813,-20.393305917220225,-31.781262690623954,-18.88624523964136,20.80847049360264,-24.276194480477685
15.213724290669287,0.03384641126413812,-18.353115003208845,-28.603196569529818,-16.99762071567723,18.727589090522706,-21.84884922934998
13.689511183546866,4.068494692402079,-16.51336545598494,-25.742927976786174,-15.2980388324665,16.855271119357724,-19.664032165517906
12.317191733629429,8.96107423341864,-14.861737832941289,-23.168635179107554,-13.768513943063777,15.170830312882432,-17.696980791853605
11.070836513731813,14.822110200625195,-13.374914051607353,-20.851771661196796,-12.392387671500273,13.657457185539101,-15.925274686716724
9.892558872357379,21.72856924845678,-12.03694892570934,-18.766594495077122,-11.15440396706197,12.304256271666942,-14.327045946510449
8.62369005589125,29.77625208241301,-10.83896902822381,-16.88993504556941,-10.037298458131895,11.09077583321599,-12.885159183745657
7.281390756436707,38.86268595402021,-9.763779334361004,-15.200941541012469,-9.023638936154743,9.86662610125556,-11.59387508334067
8.288706839911484,37.98939018150053,-8.71090180229755,-13.68084738691122,-8.141910851173565,9.289296685303311,-10.468649310986548
5.843801680247292,34.22262507764642,-8.052357888643108,-12.322121705207428,-7.138484931579841,7.799864107265962,-9.396393531037738
6.04526847071701,30.772482016502376,-7.094460758544759,-11.080550477699354,-6.608787331316071,7.3124305074325875,-8.469140902862144
5.396712468409974,27.695639803754215,-6.388223888567179,-9.972495429929415,-5.943920110796157,6.536274413248624,-7.621595713362473
4.847386640931193,24.92614671047516,-5.749958307930558,-8.975245886936476,-5.347550812635465,5.868551351204055,-6.859581312916102
4.36158010742521,22.43353451229775,-5.17500585891448,-8.077721298242832,-4.81243335997164,5.2797252387947795,-6.173687885179813
3.925306325529713,20.190180394109536,-4.657508122318479,-7.269949168418545,-4.331132209715588,4.751496867585515,-5.556333524496867
3.5327626746571243,18.171162142922054,-4.191757478226237,-6.542954251576692,-3.898010154795967,4.276314054587688,-5.0007028462802285
3.1794848304229366,16.35404588365708,-3.7725817424898316,-5.888658826419022,-3.5082077656864716,3.8486781675608657,-4.500633036120819
2.86153613583594,14.71864128642534,-3.3953235703747886,-5.2997929437771205,-3.1573867622606993,3.463809695965286,-4.050569819053793
2.575382490231574,13.246777155992303,-3.055791214004991,-4.769813649399406,-2.841648045104461,3.1174286208394295,-3.6455128540626958
2.3178442356772866,11.92209944000544,-2.750212092826035,-4.292832284459464,-2.5574832323818417,2.8056857397586694,-3.2809615722853023
2.0860598110135187,10.729889495913042,-2.475190883614219,-3.863549056013518,-2.3017349072981306,2.525117161905984,-2.9528654159167758
1.8774538296664673,9.656900546298255,-2.227671795270152,-3.4771941504121706,-2.071561416114601,2.272605444759537,-2.6575788745386593
1.6897084466445924,8.691210491662916,-2.004904615737935,-3.1294747353709482,-1.8644052744008328,2.045344899921845,-2.391820987120895
1.52073760197801,7.82208944249687,-1.804414154145972,-2.8165272618338513,-1.6779647469677879,1.8408104096621904,-2.1526388883815484
1.3686638417989718,7.039880498249922,-1.6239727387034342,-2.5348745356504634,-1.5101682723239431,1.656729368402689,-1.937374999484061
1.231797457649929,6.33589244842912,-1.4615754647970054,-2.2813870820854203,-1.3591514451703033,1.4910564312155226,-1.743637499455204
1.1086177119245437,5.702303203591373,-1.315417918274653,-2.053248373876873,-1.2232363007487062,1.3419507876942514,-1.5692737494143119
0.9977559407781962,5.132072883238038,-1.1838761263998445,-1.84792353648918,-1.1009126707794687,1.207755708484884,-1.412346374367977
0.8979803467507756,4.618865594920349,-1.065488513709975,-1.6631311828402675,-0.9908214038115729,1.086980137174285,-1.2711117368220748
0.8081823121280866,4.156979035434448,-0.9589396622887739,-1.4968180645562408,-0.8917392635395383,0.9782821229924578,-1.1440005630316756
0.727364080967378,3.7412811318968853,-0.863045696011474,-1.3471362581006157,-0.8025653372890891,0.8804539102456197,-1.0296005066258136
0.6546276729203726,3.3671530187126013,-0.7767411263654851,-1.2124226322905505,-0.7223088036542659,0.7924085188067926,-0.9266404558697825
0.5891649056739608,3.030437716846098,-0.6990670136890857,-1.0911803690615012,-0.650077923370709,0.7131676665580531,-0.8339764102013588
0.5302484151467592,2.7273939451654843,-0.629160312286279,-0.9820623321553474,-0.5850701311015396,0.6418508995892125,-0.750578769113538
0.4772235736659698,2.454654550652116,-0.5662442810302413,-0.8838560989398161,-0.5265631180445167,0.5776658093771133,-0.6755208921490636
0.42950121632649807,2.2091890955892612,-0.5096198529064404,-0.7954704890458366,-0.47390680627844783,0.5198992282473766,-0.6079688028955975
0.3865510947141424,1.988270186031896,-0.45865786760149024,-0.7159234401412498,-0.42651612567490016,0.4679093052901364,-0.5471719225813928
0.3478959852564152,1.789443167429528,-0.4127920808330966,-0.6443310961271216,-0.38386451311874825,0.4211183746843129,-0.4924547303114206
0.3131063867383192,1.6104988506867355,-0.3715128727470216,-0.5798979865144105,-0.3454780618066937,0.379006537189408,-0.4432092572798402
0.2817957480665044,1.4494489656176508,-0.3343615854743635,-0.5219081878629693,-0.31093025561591753,0.34110588348806126,-0.39888833156124737
0.2536161732570494,1.3045040690549892,-0.30092542693305135,-0.4697173690766724,-0.27983723003593214,0.30699529519425506,-0.35899949842272666
0.22825455592446064,1.1740536621482025,-0.2708328842492295,-0.4227456321690041,-0.2518535070072576,0.2762957657605859,-0.32309954860468915
0.20542910032179107,1.0566482959317887,-0.24374959583645936,-0.38047106895210797,-0.22666815627626835,0.24866618929468165,-0.2907895937736023
0.18488619027675202,0.9509834663367822,-0.21937463626699155,-0.3424239620568983,-0.20400134061455982,0.22379957049390548,-0.2617106344294268
0.16639757123422055,0.8558851197011169,-0.19743717265592595,-0.3081815658512106,-0.18360120651640544,0.201419613586502,-0.23553957102229034
0.14975781409453057,0.7702966077289144,-0.17769345540692177,-0.27736340926609054,-0.1652410858264846,0.18127765237856122,-0.21198561395745283
0.13478203266789557,0.6932669469538829,-0.15992410988334643,-0.24962706833947834,-0.14871697720484603,0.16314988729623842,-0.19078705259983272
0.12130382938343681,0.6239402522563479,-0.1439316989123026,-0.22466436150552838,-0.13384527944537594,0.14683489872372757,-0.17170834737799387
0.10917344642729007,0.5615462270285905,-0.12953852903824453,-0.2021979253549766,-0.12046075146243701,0.13215140900741099,-0.15453751267779334
0.09825610176691278,0.5053916043236574,-0.11658467615124911,-0.1819781328194736,-0.1084146762788164,0.11893626825958073,-0.13908376144662546
0.0884304915729595,0.4548524438892874,-0.10492620855243076,-0.16378031953752625,-0.09757320861492556,0.10704264158177947,-0.12517538533724382
0.07958744239895928,0.409367199498442,-0.09443358771283754,-0.14740228758377683,-0.0878158877190322,0.09633837756581372,-0.1126578468372328
0.07162869814304511,0.3684304795467779,-0.08499022895645843,-0.13266205882539595,-0.07903429891450228,0.08670453994465878,-0.10139206218549342
0.06446582831349795,0.3315874315903786,-0.07649120607491389,-0.11939585294285848,-0.07113086899230178,0.07803408607828514,-0.09125285599709496
0.05801924546773969,0.29842868842972736,-0.06884208548068166,-0.10745626764857263,-0.06401778206424212,0.0702306775909065,-0.0821275704256631
0.05221732090742677,0.2685858195852443,-0.061957876945022264,-0.0967106408837175,-0.05761600383091432,0.06320760994451245,-0.07391481340948998
0.04699558880402248,0.2417272376253146,-0.05576208926207965,-0.0870395767953447,-0.05185440342281955,0.05688684905504447,-0.06652333209306774
0.042296029911830416,0.21755451386148147,-0.0501858803466009,-0.07833561911580489,-0.04666896305738044,0.05119816424695993,-0.05987099890648545
0.03806642690970888,0.19579906247412954,-0.04516729232186331,-0.07050205720422652,-0.04200206673026645,0.046078347912360304,-0.0538838990368098
0.03425978420862541,0.17621915622560916,-0.040650563098825934,-0.06345185148380494,-0.03780186003755792,0.04147051320420436,-0.04849550915244569
0.03083380577844274,0.15859724060202912,-0.0365855067973606,-0.0571066663354287,-0.034021674015723966,0.03732346196019076,-0.04364595825494391
0.027750425192028156,0.1427375165408954,-0.03292695612534585,-0.05139599970188158,-0.030619506597586374,0.033591115834279386,-0.03928136244571052
0.024975382664964466,0.1284637648859542,-0.029634260519881883,-0.04625639973168916,-0.027557555922675392,0.030232004315049202,-0.035353226216015846
0.0224778443912673,0.11561738839657981,-0.026670834474355407,-0.04163075975852237,-0.024801800316568284,0.027208803942222623,-0.0318179036079924
0.020230059945558758,0.10405564955620855,-0.02400375103281538,-0.03746768378266907,-0.022321620272293174,0.0244879236015456,-0.028636113259581097
0.018207053944998518,0.09365008459994034,-0.021603375934908506,-0.03372091540440536,-0.020089458233574192,0.022039131290186434,-0.025772501944904252
0.01638634854503028,0.08428507613935493,-0.019443038346307118,-0.03034882386396376,-0.018080512399768295,0.019835218205570923,-0.023195251760664528
0.01474771368554846,0.0758565685248843,-0.017498734516121398,-0.02731394147757272,-0.016272461150303452,0.017851696425376845,-0.020875726593911452
0.013272942312468122,0.06827091167190874,-0.01574886106854738,-0.024582547329817572,-0.014645215026662273,0.016066526819493332,-0.018788153942979377
0.011945648077111517,0.06144382050427907,-0.014173974965357189,-0.022124292596839006,-0.013180693516184672,0.014459874170794487,-0.016909338556344442
0.010751083265673533,0.05529943845345009,-0.01275657747214276,-0.01991186333716044,-0.011862624157486817,0.01301388678386002,-0.015218404707657831
0.009675974935728391,0.04976949460774226,-0.011480919727934497,-0.017920677003445462,-0.010676361735330375,0.01171249813278158,-0.013696564243187393
0.00870837743909502,0.044792545146640675,-0.010332827757864954,-0.016128609303098784,-0.009608725555999148,0.010541248344218553,-0.012326907824560852
0.00783753969241499,0.040313290631679224,-0.009299544984543995,-0.014515748372794235,-0.008647852995152583,0.00948712353215693,-0.011094217047258381
0.00705378572067036,0.03628196156824416,-0.008369590488318784,-0.013064173535514811,-0.007783067690897455,0.00853841119916142,-0.00998479534719077
0.006348407146335382,0.03265376541117719,-0.007532631441502874,-0.011757756181964393,-0.00700476091752153,0.007684570097521715,-0.00898631581667438
0.005713566429656116,0.02938838886983959,-0.006779368299174013,-0.010581980563763697,-0.006304284821897904,0.006916113104277831,-0.008087684238803221
0.005142209784843563,0.026449549982660678,-0.006101431470900295,-0.00952378250738306,-0.005673856336213506,0.006224501808757485,-0.007278915818352821
0.00462798880468729,0.023804594984218844,-0.005491288325294372,-0.00857140425664582,-0.0051064706994375375,0.005602051641341171,-0.0065510242396131695
0.004165189922713156,0.021424135485637805,-0.0049421594941045505,-0.007714263830980169,-0.004595823626646234,0.005041846489353165,-0.00589592181844032
0.003748670929079819,0.019281721936931076,-0.004447943545899197,-0.006942837447887484,-0.0041362412614175115,0.004537661851374851,-0.005306329639120939
0.003373803834943765,0.017353549743108557,-0.004003149192397429,-0.0062485537030987325,-0.0037226171329636515,0.004083895676121163,-0.0047756966774781815
0.0030364234503446417,0.015618194768679303,-0.0036028342741396407,-0.005623698332794191,-0.0033503554175815242,0.003675506117421602,-0.004298127011779743
0.002732781104313244,0.014056375291705545,-0.003242550847613296,-0.005061328499511575,-0.003015319873942268,0.0033079555137153077,-0.0038683143124528157
0.0024595029929840913,0.012650737762437012,-0.0029182957636502693,-0.00455519564956575,-0.0027137878848514096,0.0029771599695882986,-0.003481482882868219
0.002213552692872352,0.011385663986108546,-0.0026264661880041618,-0.00409967608460704,-0.0024424090948364785,0.002679443979159299,-0.003133334596080001
0.001992197422853337,0.010247097587418139,-0.002363819569852099,-0.0036897084761484678,-0.0021981681839780276,0.0024114995871269765,-0.002820001137827318
0.0017929776799073087,0.009222387828606307,-0.0021274376134519657,-0.003320737628534687,-0.0019783513643415185,0.002170349633718399,-0.0025380010252680314
0.0016136799113207478,0.008300149045681979,-0.0019146938526348467,-0.00298866386567909,-0.0017805162267906793,0.0019533146751239266,-0.0022842009238421097
0.0014523119196562188,0.007470134141058016,-0.0017232244678450082,-0.0026897974791069146,-0.001602464603105952,0.0017579832119149694,-0.002055780832443505
0.0013070807272109863,0.006723120726899068,-0.0015509020214854868,-0.00242081773119196,-0.0014422181418896063,0.001582184894600741,-0.0018502027500948912
0.001176372654054134,0.006050808654161882,-0.0013958118197227865,-0.0021787359580685006,-0.0012979963268855144,0.0014239664086304477,-0.0016651824758922053
0.001058735388256904,0.0054457277887026145,-0.0012562306380966143,-0.001960862362263782,-0.001168196693459661,0.0012815697709125176,-0.0014986642290292455
0.0009528618490780467,0.004901155009794031,-0.0011306075746013028,-0.0017647761260342065,-0.0010513770234511222,0.0011534127966553523,-0.001348797806781537
0.0008575756638504652,0.004411039508781675,-0.0010175468174220964,-0.0015882985134254568,-0.0009462393205076358,0.0010380715195422788,-0.001213918026689644
0.0007718180971779814,0.003969935557871021,-0.0009157921359332216,-0.0014294686620850393,-0.0008516153879205846,0.0009342643698869724,-0.0010925262245485862
0.0006946362872040663,0.0035729420020546437,-0.0008242129225672357,-0.001286521795879736,-0.0007664538486453487,0.0008408379349678849,-0.0009832736025653238
0.0006251726582514085,0.0032156478018252332,-0.0007417916305171579,-0.0011578696162928281,-0.0006898084633442936,0.000756754143333753,-0.0008849462427336884
0.0005626553922200538,0.002894083021618199,-0.0006676124676497502,-0.0010420826546635488,-0.0006208276166158877,0.0006810787306748833,-0.0007964516188501492
0.000506389852812544,0.002604674719437719,-0.0006008512210504691,-0.000937874389201454,-0.0005587448546006957,0.0006129708591145477,-0.0007168064573071318
0.0004557508673611859,0.002344207247476915,-0.0005407660990957436,-0.0008440869502770454,-0.0005028703688231828,0.0005516737745593289,-0.0006451258118907828
0.000410175780475178,0.002109786522714277,-0.000486689489320527,-0.0007596782552461469,-0.00045258333165587583,0.0004965063983266987,-0.0005806132309852229
0.00036915820228944005,0.001898807870428454,-0.00043802054051224337,-0.0006837104297225949,-0.000407324998231845,0.00044685575959352297,-0.0005225519081393844
0.0003322423819361181,0.001708927083374931,-0.0003942184865682319,-0.0006153393867514012,-0.00036659249817899697,0.0004021701846250794,-0.00047029671755790484
0.00029901814363248423,0.0015380343750267672,-0.0003547966380117312,-0.0005538054480709355,-0.00032993324815316916,0.0003619531670550763,-0.0004232670460111755
0.00026911632916932354,0.0013842309375155515,-0.0003193169743013202,-0.000498424903259579,-0.0002969399231518288,0.00032575785115164513,-0.00038094034159038073
0.00024220469616258525,0.0012458078437559694,-0.0002873852769507551,-0.0004485824129325522,-0.00026724593066709823,0.00029318206675980896,-0.0003428463075999524
0.0002179842264676997,0.0011212270593707607,-0.00025864674932621345,-0.00040372417164036625,-0.00024052133744836834,0.00026386386073207896,-0.0003085616769883306
0.00019618580374922145,0.0010091043534272842,-0.0002327820744555814,-0.00036335175447633,-0.00021646920356538368,0.00023747747524437146,-0.00027770550942192787
0.00017656722330737333,0.0009081939180792115,-0.00020950386706670987,-0.00032701657903188783,-0.00019482228308451144,0.00021372972824845737,-0.00024993495859617493
0.00015891050091876996,0.0008173745262632648,-0.00018855348041353637,-0.00029431492112763635,-0.0001753400546629369,0.00019235675589671097,-0.00022494146284554768
0.00014301945077381702,0.0007356370736326667,-0.00016969813242034837,-0.0002648834290148727,-0.00015780604909415574,0.00017312108073275906,-0.00020244731665399352
0.00012871750564708538,0.0006620733662619088,-0.00015272831922273633,-0.0002383950861144478,-0.0001420254440960833,0.0001558089730447701,-0.0001822025850805502
0.00011584575503728253,0.0005958660296309093,-0.00013745548733905266,-0.0002145555775072694,-0.00012782289960533433,0.00014022807608777416,-0.00016398232665273786
0.00010426117949698284,0.0005362794266629972,-0.0001237099386368068,-0.00019310001976080918,-0.00011504060956996076,0.00012620526879077165,-0.00014758409405384292
9.383506151445196e-05,0.0004826514839913476,-0.00011133894480636064,-0.00017379001777939607,-0.00010353654854725058,0.00011358474219149567,-0.00013282568471163856
8.445155532962358e-05,0.00043438633558738615,-0.00010020505035582272,-0.00015641101600039065,-9.318289363208221e-05,0.00010222626822394693,-0.00011954311629515466
7.600639976648726e-05,0.00039094770202489915,-9.018454534709397e-05,-0.0001407699144024832,-8.386460421752617e-05,9.200364162595398e-05,-0.00010758880471603907
6.840575976232305e-05,0.0003518529318170399,-8.116609083710924e-05,-0.0001266929229579751,-7.547814374761486e-05,8.280327766915091e-05,-9.682992428843712e-05
6.156518376176402e-05,0.0003166676386342354,-7.304948177121184e-05,-0.00011402363066537191,-6.7930329331084e-05,7.452295008569809e-05,-8.714693190682143e-05
5.5408665363404844e-05,0.0002850008747702776,-6.574453361243848e-05,-0.00010262126760096982,-6.113729636153531e-05,6.707065524075295e-05,-7.843223875374835e-05
4.986779880594011e-05,0.00025650078728896297,-5.917008026844195e-05,-9.235914083660646e-05,-5.502356669212505e-05,6.036358986813428e-05,-7.058901491492804e-05
4.488101890954936e-05,0.0002308507085595074,-5.325307225835518e-05,-8.312322675507744e-05,-4.952120998913401e-05,5.4327231016247646e-05,-6.35301134504036e-05
4.03929170043997e-05,0.00020776563770030787,-4.7927765047139914e-05,-7.481090407424063e-05,-4.4569088959695025e-05,4.8894508033595074e-05,-5.7177102134455676e-05
3.635362528976033e-05,0.0001869890739281399,-4.313498855276765e-05,-6.732981367107982e-05,-4.011218003896477e-05,4.400505734059729e-05,-5.1459391950120156e-05
3.2718262749253935e-05,0.0001682901665336911,-3.882148970944799e-05,-6.0596832298642767e-05,-3.6100962013008164e-05,3.9604551702578095e-05,-4.6313452777811855e-05
2.9446436461726816e-05,0.00015146114987765746,-3.493934074882965e-05,-5.453714906877849e-05,-3.2490865791823254e-05,3.564409662143442e-05,-4.168210751740332e-05
2.6501792808284255e-05,0.00013631503489038022,-3.144540668217899e-05,-4.908343415976901e-05,-2.9241779194805195e-05,3.207968703723696e-05,-3.751389678836696e-05
2.385161351805415e-05,0.00012268353140081067,-2.8300866019501103e-05,-4.41750907427263e-05,-2.6317601259706613e-05,2.8871718407180724e-05,-3.376250713115793e-05
2.1466452156310156e-05,0.00011041517826122782,-2.5470779424191514e-05,-3.975758166419041e-05,-2.368584111750449e-05,2.5984546631038774e-05,-3.0386256432231654e-05
1.9319806935548176e-05,9.937366043241691e-05,-2.292370148997136e-05,-3.5781823498837184e-05,-2.1317256991171263e-05,2.3386092026657368e-05,-2.7347630806372897e-05
1.7387826236319598e-05,8.943629438699918e-05,-2.0631331345985493e-05,-3.2203641151085094e-05,-1.918553128171796e-05,2.104748287364705e-05,-2.4612867735651807e-05
1.5649043608609303e-05,8.049266494937479e-05,-1.8568198214802267e-05,-2.89832770370424e-05,-1.7266978141056155e-05,1.8942734635443714e-05,-2.2151580977324177e-05
1.408413924261151e-05,7.24433984528039e-05,-1.6711378396219723e-05,-2.60849493365356e-05,-1.55402803171667e-05,1.704846121407949e-05,-1.9936422892706876e-05
1.2675725313750219e-05,6.519905860963293e-05,-1.5040240558969464e-05,-2.3476454401819696e-05,-1.39862522767209e-05,1.534361513172433e-05,-1.7942780615477598e-05
1.1408152777229313e-05,5.867915274597457e-05,-1.3536216505419252e-05,-2.1128808963766232e-05,-1.2587627042454086e-05,1.3809253653317144e-05,-1.6148502563839186e-05
1.0267337496502535e-05,5.281123747187533e-05,-1.2182594856705031e-05,-1.9015928064188697e-05,-1.132886433052871e-05,1.2428328320594761e-05,-1.4533652312062606e-05
9.24060374437631e-06,4.753011372518601e-05,-1.0964335371788092e-05,-1.7114335260970392e-05,-1.0195977888732832e-05,1.1185495514258459e-05,-1.30802870822299e-05
8.316543366396548e-06,4.2777102353730445e-05,-9.867901838586657e-06,-1.5402901738070796e-05,-9.176380095399228e-06,1.0066945987492748e-05,-1.1772258383926405e-05
7.484889028878602e-06,3.8499392119403786e-05,-8.881111655451024e-06,-1.386261156000046e-05,-8.258742081906911e-06,9.060251410134001e-06,-1.0595032552240813e-05
6.736400123523098e-06,3.4649452909027434e-05,-7.993000494407876e-06,-1.2476350406132042e-05,-7.432867870860171e-06,8.154226287318544e-06,-9.535529298397398e-06
6.062760108156359e-06,3.1184507618103874e-05,-7.1937004462452325e-06,-1.1228715365522307e-05,-6.6895810798273114e-06,7.338803674726557e-06,-8.581976375288472e-06
5.456484095405292e-06,2.8066056856276833e-05,-6.4743304018510806e-06,-1.0105843831098582e-05,-6.020622965785538e-06,6.60492332119067e-06,-7.723778738081243e-06
-4.8012664147643145,-1.2146077431018731,0.5642417024988955,6.833818376421398,2.4213609152352995,-0.8504310394338637,-7.969952634838946
0.48013151637994955,0.12148602987740742,-0.05643002819580123,-0.6833909329015846,-0.24214144436531804,0.08504932603238924,0.796988247057266
0.38616270630257554,0.09339168549074997,-0.0359200044590219,-0.4376990675336857,-0.17234417485580283,0.06830305941571807,0.5827419509053521
0.299841385538681,0.06794497972452523,-0.01787709647194191,-0.2153138605040041,-0.10999050555196238,0.05291789610932597,0.3904459980901007
0.21950905583879834,0.04465989786017738,-0.0033695583562619036,-0.014931556396918483,-0.04673043792082365,0.0507881701185309,0.1926721749880997
0.14545190776820788,0.023324686744146672,0.008958400436574775,0.16558106826628144,0.01672023534195778,0.044109890196597126,0.042715468488842
0.07793985750280556,0.003934947223495383,0.020229450226937007,0.32884983565892534,0.07276074490409686,0.03474896744135829,-0.08570066011482586
0.015943215475576505,-0.01374496816788534,0.030192440621085878,0.47652820428933823,0.12358644476870662,0.025891381868208704,-0.2016229428704273
-0.04057337472983273,-0.02972833963690967,0.039308996396671084,0.610416279235303,0.16700066511473882,0.016339877375347395,-0.3043469734400351
-0.0924397608095088,-0.044241508978902014,0.04741374438653312,0.731772146983065,0.20531481887670194,0.007296166994151365,-0.39640886712892975
-0.14013212301247985,-0.057428473850937425,0.054577086860578716,0.8418461911026272,0.23916249231832365,-0.0011934741246405894,-0.47873998414710894
-0.184224339618689,-0.06944609946057,0.0606294220551913,0.9417946315426675,0.27039732459890137,-0.008389451771456648,-0.5532583855577053
-0.22517062714047686,-0.08052547380166637,0.06601901619173196,1.0322991116678075,0.2993598589071069,-0.01536030411883297,-0.6203891734873692
-0.26267821322737106,-0.09047421717383296,0.07083346490727038,1.1148778128562797,0.3225641779313698,-0.022595237777825072,-0.6782153201141509
-0.29748676220156683,-0.09955975781700543,0.07494330801841727,1.1900438594851381,0.3432757513552487,-0.029416480054852298,-0.7290411247909078
-0.33037150214074645,-0.10876268887648076,0.0863757438515293,1.2547595216199152,0.3531727780158293,0.020203578435174008,-0.763611704961624
-0.36025124230138594,-0.11636244232403792,0.08929474813265277,1.3174426690770014,0.3691200995119235,0.012036677230106693,-0.8141420571593212
-0.38828614379952925,-0.1234042403733796,0.09185455933677529,1.3745059467598422,0.38335583014136454,0.0053791914471800345,-0.8629211638044911
-0.414042505422362,-0.1297248777814911,0.09417728564018187,1.427085011872626,0.39300858677845163,-0.0036101208920045064,-0.9064886787107113
-0.4378908009478383,-0.13547640803727148,0.09632967655751086,1.4753373668255654,0.39987508017883744,-0.013177372810804645,-0.9498429454275155
-0.46092540057065895,-0.14073754206942304,0.09723256538087115,1.520044265116844,0.4088224971836888,-0.028318004423980914,-0.9730399333030584
-0.48140832374609327,-0.14525594361980787,0.09746151151526555,1.5619229495899702,0.41399259423086904,-0.057131936465310125,-0.9728579604801364
-0.5006039424347168,-0.14928954342445028,0.09737758373261808,1.6008625096066553,0.41641218071303143,-0.08441145651944759,-0.9739660438607247
-0.5186656499581236,-0.15187946086503518,0.0757369111645178,1.6389001018374403,0.49954247039487354,-0.23542669495930776,-0.9929644714193516
-0.5507705465605836,-0.16179740701835046,0.09276945383357416,1.6622456069080627,0.49353521871793216,-0.023905325957058104,-1.1976561413337232
-0.5667443287756296,-0.16266855002167857,0.07322232420931922,1.6993326064468477,0.5333571451034822,-0.1702630546073014,-1.1515677566876217
-0.5788628500888562,-0.16508786225616698,0.07740328648480602,1.7290897444667124,0.5087880726504779,-0.20324490177865975,-1.1369066119779994
-0.5914370425405291,-0.16702265356238932,0.07832361601794133,1.75751517196956,0.48859858051270455,-0.22754235496992542,-1.1398398913150298
-0.6045647036438792,-0.16879712928855783,0.07806818162778417,1.7836749084528092,0.47317157011690636,-0.23461218067498854,-1.1519679702986803
-0.6204010178071993,-0.171710513963226,0.0761771419437845,1.805569283116877,0.47990446788301433,-0.22799337021297317,-1.1531953263387775
-0.6369162165456062,-0.17446964633138184,0.07323766239814446,1.8269397044429618,0.4821504966848918,-0.2063835896403871,-1.2069033847971824
-0.6509221993172097,-0.17605774310929356,0.06942725039757083,1.8488956823721951,0.47630692188005663,-0.2014441781092447,-1.2406228886202286
-0.6639254783299748,-0.17666806652000644,0.06494030334571485,1.8700568991216286,0.47118879617392934,-0.19339653949525037,-1.2746602236962836
-0.6748479830432221,-0.17747376015583063,0.06585279458946255,1.889474161641152,0.4524674461871044,-0.1771034545912612,-1.2994642408054407
-0.6856144444644974,-0.1790409343140491,0.0673474548534963,1.9075017022213,0.4371875958506528,-0.18153475163293434,-1.2915807204189773
-0.6939786981633534,-0.17928323945743146,0.06873216422427642,1.9254169367777043,0.414141003389874,-0.18482059887895308,-1.2887378769715057
-0.6951330187220541,-0.18081877840174343,0.0935930350003064,1.9407169364999013,0.32996429263591764,-0.17456240867900696,-1.251496178088615
-0.7079669804616253,-0.1826159195783807,0.08810814413515332,1.9578491742643307,0.33464969679550083,-0.18889555034511885,-1.266536966240387
-0.722107552320229,-0.18486761555132414,0.09152728417393759,1.9732055220931328,0.3150517349331933,-0.12519731621712088,-1.322295070301669
-0.7466127480737196,-0.18760814997220118,0.08420283641411044,1.9787620529842072,0.37991538501607136,0.09017090114418821,-1.496903803008929
-0.7539595461075921,-0.19374631720198607,0.09670126447367719,1.990881061058523,0.38292721637886784,-0.06554386462163453,-1.185235522489289
-0.7620200943333808,-0.19368819345673707,0.0989531045632303,2.0065542879318032,0.3479628424320696,-0.05141644936073956,-1.213555134328317
-0.7695691374033743,-0.19428295290183736,0.10144137820435459,2.0207834281122765,0.32659940898499734,-0.0623471921932347,-1.2098665824520058
-0.7816723774602657,-0.1973131861606089,0.10408258130032967,2.033264393914679,0.32589932720122505,-0.07729904546576713,-1.1862421738513251
-0.7888278387527896,-0.19798975974908412,0.10534396140543323,2.045466885747183,0.31471980231260954,-0.08216843231291641,-1.1647087139985666
-0.8054258365819267,-0.19951039261871034,0.09241552217200896,2.057865565202485,0.3550266723578969,-0.0533519347629675,-1.147499744901578
-0.8068057675712481,-0.19568874278842524,0.0911900924893076,2.077992388169337,0.2832889204718918,-0.05804343478934812,-1.3151677394346342
-0.8067100625095633,-0.19384465356253566,0.09937260470687509,2.0980277914810337,0.18356182031864965,-0.12742816060969608,-1.2706730975367952
-0.8154271666261129,-0.19204484714555214,0.09275435794266872,2.116748925704963,0.14432220740820803,-0.14603117317632694,-1.3437038011457836
-0.827365931192359,-0.19203012575809594,0.08519133735754955,2.1292884861842354,0.15731531992005798,-0.10813339990029047,-1.450453768405771
-0.8401832813585041,-0.19037274623198183,0.07209650892518416,2.1400400638692783,0.19447244485050352,-0.05178705773243619,-1.463901588229998
-0.8469616616137315,-0.1928511466841677,0.07600311219817912,2.1447345074930113,0.22730975030999112,-0.11094026142145211,-1.230825058055525
-0.8604201965199219,-0.19583405581558117,0.07423284091793983,2.156295454512124,0.2321463020629706,-0.06756223105504355,-1.2895208143726162
-0.8643491080929655,-0.20158671251090005,0.09087883753360942,2.1660889485521198,0.21028922390074928,-0.16999088331010964,-1.2824961694341386
-0.8767132188156654,-0.20333636417866552,0.08757889363026941,2.1772004295618994,0.2241925655528612,-0.15480687457324413,-1.2774815867689033
-0.8900336437175518,-0.20543289910488854,0.08540026127358413,2.189048031479162,0.23385760004484923,-0.147270729210738,-1.2843854809307234
-0.899094818136505,-0.2070768389740888,0.08590553495584882,2.2011718487586496,0.23289587257792643,-0.1479206946533638,-1.3033228426385164
-0.9115631914178225,-0.20905193484254989,0.08412399175433825,2.2131429441614268,0.24187321067534678,-0.13063889723413605,-1.2956906126052663
-0.923266077495414,-0.21023109869002243,0.08138269278567456,2.226093494429897,0.24298812275344317,-0.11852787301124008,-1.309418484323442
-0.9311387944192122,-0.20928599720488927,0.07418540611263963,2.239509871229197,0.23686970202891472,-0.1668346332667825,-1.334647514344816
-0.9448817114605063,-0.21304428968269445,0.07630334214704841,2.249012620259539,0.26537166709890736,-0.14827464356951164,-1.2685925726196257
-0.9543441191590447,-0.21374296510177002,0.07329319922682173,2.2618858880971042,0.26236194168226323,-0.1742895468905301,-1.291598714626356
-0.9650057326675711,-0.21440279410121488,0.06686485143460436,2.2752687815250665,0.26124672739602284,-0.1892199611798497,-1.3117056842153307
-0.9762847359640049,-0.2161883645979963,0.06789170238429755,2.287721456971729,0.2653518940714843,-0.17408617110156305,-1.3008506422645285
-0.8800710721565704,-0.19481645921407753,0.06215575914114646,2.059162796188269,0.23916710491440887,-0.1389088762169484,-1.160206702702665
-0.7882897811822687,-0.174387743060249,0.05592247285000351,1.8534547603024896,0.20674802003290985,-0.1713284358363817,-1.073435190974995
-0.7085456086216866,-0.15683410827066324,0.05001716855038622,1.6682180445135593,0.1850702442436571,-0.1641127646972788,-0.9657913280186524
-0.6357588434505766,-0.14055576380950363,0.042292487331911724,1.500978915006506,0.1660719029322834,-0.18968638992419662,-0.8897745283760827
-0.5721829542140507,-0.1265001867487482,0.03806324388745218,1.3508810235058597,0.14946470432421047,-0.1707177691119501,-0.8007970671645956
-0.5149646567797245,-0.11385016780628113,0.034256922083868394,1.215792921155277,0.13451823056062073,-0.15364599895736072,-0.7207173570817262
-0.46346818918167926,-0.10246515077245184,0.03083123238950848,1.0942136290397533,0.12106640433914109,-0.13828140547518686,-0.648645618169722
-0.41712136844275266,-0.0922186354569474,0.0277481115772011,0.9847922661357771,0.10895976091415949,-0.12445327098499903,-0.5837810533209047
-0.3754092298810009,-0.08299677168815178,0.024973302745921407,0.8863130395222035,0.09806378201059915,-0.11200794958119142,-0.5254029451343113
-0.33786830528052453,-0.07469709431134265,0.022475974688006075,0.7976817355699842,0.0882574011774824,-0.10080715995455641,-0.4728626479456164
-0.30408147324521045,-0.06722738468703875,0.02022837931953771,0.7179135620129847,0.07943165860613488,-0.09072644893166451,-0.42557638065405323
-0.27367332451707893,-0.06050464603954518,0.01820554336765407,0.6461222058116841,0.07148849046651079,-0.0816538086603867,-0.38301874026661187
-0.24630599076278017,-0.05445418127061631,0.0163849908890718,0.5815099852305162,0.06433963930984618,-0.07348843207691746,-0.3447168640877597
-0.22167539048139925,-0.04900876299173443,0.014746493536783489,0.5233589867074642,0.057905673430953306,-0.06613959282619158,-0.3102451756901408
-0.19950785032143994,-0.04410788655317552,0.013271845800076131,0.4710230880367199,0.05211510429426072,-0.059525637190347924,-0.2792206562881362
-0.17955706426610038,-0.03969709777016571,0.011944662720578994,0.4239207792330468,0.046903592217156315,-0.053573076824441575,-0.2512985889740217
-0.16160135689996316,-0.03572738787638183,0.01075019783673745,0.3815287013097421,0.04221323148496803,-0.048215772218669524,-0.2261687285304359
-0.14544122034900664,-0.0321546489821527,0.009675179333881286,0.34337583117876846,0.03799190695436233,-0.04339419781447349,-0.20355185426159686
-0.13089709752657255,-0.028939183986778125,0.008707662579306823,0.3090382480608938,0.03419271499638954,-0.03905478060907997,-0.18319666754127492
-0.11780738705472343,-0.026045265499657355,0.007836897403896658,0.27813442325480336,0.03077344234518209,-0.03514930489969335,-0.16487699960602814
-0.10602664769343059,-0.023440738869274225,0.007053208655613152,0.2503209809293203,0.027696097061727112,-0.031634376553287595,-0.14838929856897623
-0.09542398232683823,-0.021096664909310822,0.006347888697648553,0.22528888283638615,0.02492648640126148,-0.028470940849494267,-0.13355036773227308
-0.08588158355089141,-0.018986998352105947,0.005713100656827699,0.20275999455274807,0.02243383689389565,-0.02562384853923426,-0.120195330068218
-0.07729342470217328,-0.017088298456807302,0.0051417913471371035,0.18248399509747062,0.020190452417144455,-0.02306146529752178,-0.10817579625228652
-0.06956408178385537,-0.015379468556693587,0.004627612900974399,0.1642355955877246,0.018171406461219675,-0.020755320231028572,-0.0973582158928463
-0.06260767319905178,-0.013841521651742017,0.004164852237259754,0.14781203602895054,0.016354265167759466,-0.01867978953488239,-0.08762239363786921
-0.056346905510816364,-0.012457369441980323,0.0037483675827505586,0.13303083242605496,0.014718838064666548,-0.016811811783842293,-0.07886015367095607
-0.05071221462615555,-0.011211632457461665,0.0033735313412443686,0.11972774918345053,0.013246953727491073,-0.015130631694340077,-0.07097413775778368
-0.04564099286162267,-0.010090469175269831,0.0030361786758677754,0.1077549742651076,0.011922257874645403,-0.0136175695103435,-0.06387672348788845
-0.0410768933023556,-0.009081422224817712,0.0027325612331374274,0.09697947683859633,0.01073003165309358,-0.012255813450636678,-0.057489050692229045
-0.036969203725200774,-0.008173279972598146,0.002459305494630682,0.08728152915473508,0.009657028095476777,-0.01103023291137964,-0.051740145219070645
-0.033272283129541655,-0.007355951948491632,0.0022133752934781863,0.07855337623926316,0.008691324931531158,-0.009927210348411257,-0.04656613033219314
-0.029945054615016328,-0.00662035672941641,0.00199203807922119,0.07069803861533686,0.007822192118344826,-0.008934489971311785,-0.04190951696933393
-0.026950548971501294,-0.0059583210346124404,0.001792834556196242,0.0636282347538053,0.007039972617607332,-0.008041041568093113,-0.0377185649747801
-0.02425549391004768,-0.005362488911435356,0.001613551358057675,0.0572654112784221,0.0063359750951257066,-0.007236937947384552,-0.03394670820867231
-0.02182994437077272,-0.00482624000251021,0.001452196454851444,0.051538870150579896,0.005702377350387075,-0.006513244636425601,-0.030552037145416353
-0.019646949799926188,-0.004343615986224653,0.0013069770194123927,0.04638498313552297,0.0051321394031813294,-0.0058619206092254544,-0.027496833212222346
-0.017682254699280905,-0.003909254373145987,0.0011762795070897024,0.041746484821969077,0.0046189252715342355,-0.005275728941947458,-0.024747149693798258
-0.015914029120551513,-0.00351832892280661,0.0010586517275054871,0.03757183633977057,0.0041570325718745665,-0.0047481564027241074,-0.022272434546603246
-0.014322626110399835,-0.003166496018784909,0.0009527867091451703,0.03381465270579298,0.0037413291591820996,-0.004273341082482243,-0.020045190931644887
-0.012890363410934377,-0.0028498464063284046,0.0008575081774889401,0.030433187435212616,0.003367196103108261,-0.0038460072627139533,-0.018040671693989808
-0.011601326990145792,-0.0025648617561646186,0.0007717574853245146,0.027389868691688687,0.0030304763664915774,-0.0034614067964448547,-0.016236604394369553
-0.010441194219309653,-0.0023083755719628812,0.000694581850019322,0.024650881822521953,0.0027274286160349215,-0.003115266351098725,-0.014612943837587105
-0.009397074732666924,-0.0020775380070315597,0.0006251237670882349,0.02218579364027029,0.0024546856518978533,-0.0028037399270966976,-0.013151649348104871
-0.008457367201100472,-0.001869784199363872,0.0005626114823748564,0.019967214276245926,0.002209216994337515,-0.0025233661245814207,-0.0118364843180468
-0.007611630428467199,-0.0016828057731534396,0.0005063504170437112,0.0179704928486224,0.0019882952116991037,-0.002271029683457805,-0.010652835800447118
-0.006850467338312892,-0.0015145251901904216,0.0004557154500398758,0.01617344356376016,0.0017894656155916233,-0.0020439268694425403,-0.009587552143119578
-0.006165420561872819,-0.0013630726660856657,0.0004101439723416915,0.014556099207382545,0.0016105189865409653,-0.0018395343214982832,-0.008628796859203558
-0.005548878467310076,-0.0012267653948942886,0.000369129635739391,0.013100489286646422,0.0014494670271052723,-0.001655581014533912,-0.007765917110597996
-0.004993990586018755,-0.001104088851282159,0.0003322167267775372,0.011790440357980714,0.0013045202696619351,-0.0014900230258182642,-0.006989325343094237
-0.004494591496295789,-0.0009936799624400555,0.00029899510329180895,0.010611396322184774,0.001174068193409511,-0.0013410208247551722,-0.00629039275795109
-0.004045132318641738,-0.0008943119628539581,0.0002690956372656296,0.009550256689967895,0.0010566613296942584,-0.0012069188336937473,-0.005661353436388638
-0.003640619061544887,-0.0008048807635601396,0.0002421861134390621,0.008595231020972705,0.0009509951567701763,-0.00108622703263353,-0.005095218051539263
-0.0032765571326750665,-0.0007243926844911763,0.00021796753802126936,0.007735707918877566,0.000855895605121601,-0.0009776044034756001,-0.004585696209283093
-0.0029489013989565786,-0.0006519534136007754,0.0001961708165682599,0.006962137126990342,0.0007703060122242894,-0.000879844029849558,-0.004127126554946764
-0.0026540112406465695,-0.0005867580700439912,0.00017655376404275905,0.0062659234142934395,0.0006932753818475745,-0.0007918596869319061,-0.0037144138693770874
-0.002388610100004944,-0.0005280822610641556,0.00015889841386667464,0.005639331072861964,0.0006239478174149549,-0.0007126737723138557,-0.0033429724553644966
-0.002149749075080871,-0.0004752740331775279,0.00014300859609606142,0.005075397965573103,0.0005615530120449824,-0.0006414064437634467,-0.0030086751854584183
-0.001934774154139215,-0.00042774662825567633,0.00012870775774401558,0.004567858169014727,0.0005053976895708634,-0.0005772658432125072,-0.0027078076449712158
-0.001741296726634178,-0.0003849719639883037,0.00011583700110980727,0.004111072352115386,0.00045485790146723715,-0.0005195392983387212,-0.0024370268607221144
-0.0015671670430829955,-0.00034647476628871243,0.00010425331822834852,0.003699965116901179,0.00040937209408407893,-0.00046758540401445337,-0.002193324156869611
-0.0014104503289766148,-0.0003118272884937434,9.382800191434434e-05,0.0033299686052110644,0.00036843486916077195,-0.0004208268955806019,-0.001973991725180686
-0.0012694052872600477,-0.00028064455859487525,8.444521568667929e-05,0.0029969717446878263,0.0003315913682785526,-0.0003787442347971681,-0.0017765925382582813
-0.0011424647505917144,-0.00025258010179024515,7.600070668802375e-05,0.002697274570218511,0.00029843221888022076,-0.00034086983721687975,-0.0015989332714662855
-0.0010282182683860092,-0.00022732209075869425,6.840064733305493e-05,0.0024275471131982584,0.0002685889856775675,-0.00030678287680872135,-0.0014390399326513039
-0.0009253964351137113,-0.0002045898809165947,6.156059278379991e-05,0.0021847924018789655,0.00024173007692708526,-0.0002761046101116965,-0.0012951359288805595
-0.000832856785812853,-0.0001841308921332191,5.5404542672454066e-05,0.001966313161691602,0.00021755706006917896,-0.0002484941679883057,-0.0011656223265400448
-0.0007495711020182099,-0.00016571780229852895,4.9864096657751406e-05,0.0017696818455235075,0.00019580134581403952,-0.00022364476819231038,-0.0010490600853739407
-0.0006746139871232982,-0.00014914602150853384,4.487769442093614e-05,0.0015927136609690251,0.00017622120380769712,-0.00020128030667393437,-0.0009441540691722218
-0.0006071525841886429,-0.0001342314188545468,4.038993166460836e-05,0.001433442294873185,0.00015859907674230234,-0.00018115228978012043,-0.0008497386553607692
-0.0005464373219676733,-0.00012080827651812787,3.635094451511986e-05,0.0012900980653842743,0.00014273916305135304,-0.00016303707320051292,-0.0007647647836217866
-0.0004917935863522731,-0.00010872744846013305,3.271585548154238e-05,0.0011610882588453109,0.0001284652413318932,-0.00014673337704002032,-0.0006882882996702795
-0.00044261422464038054,-9.785470324467915e-05,2.944427480970277e-05,0.0010449794329581152,0.00011561871232611265,-0.0001320600493796356,-0.0006194594646796179
-0.0003983527994064948,-8.806923259233046e-05,2.6499851716679096e-05,0.0009404814896623037,0.00010405683670890176,-0.0001188540534774879,-0.0005575135136919405
-0.0003585175169740582,-7.926230903505804e-05,2.3849870495692288e-05,0.0008464333406976721,9.365114909175298e-05,-0.00010696865626424329,-0.0005017621582547394
-0.0003226657630341864,-7.13360778638733e-05,2.1464886999434524e-05,0.0007617900066279049,8.428603063115325e-05,-9.627179795777124e-05,-0.0004515859387672176
-0.0002903991847125788,-6.420246983857014e-05,1.9318401499660715e-05,0.0006856110059629827,7.585742436980181e-05,-8.66446247526631e-05,-0.0004064273415907132
-0.00026135926442451317,-5.778222263709554e-05,1.738656422971621e-05,0.0006170499053688161,6.827167905208709e-05,-7.798016820798753e-05,-0.00036578460446215835
-0.00023522333634639616,-5.2004000178684784e-05,1.5647910396963255e-05,0.0005553449148330003,6.144450855866124e-05,-7.018215672690425e-05,-0.00032920614134801865
-0.00021170100124071143,-4.680359998320005e-05,1.4083121691266243e-05,0.0004998104233475686,5.530005536975857e-05,-6.316394585852148e-05,-0.0002962855248042134
-0.00019053089978893038,-4.2123239826941106e-05,1.267481161953965e-05,0.0004498293810133447,4.977004773529248e-05,-5.684755559633159e-05,-0.0002666569701641683
-0.0001714778086155189,-3.791091570176652e-05,1.140733234885477e-05,0.0004048464429136124,4.479304107576909e-05,-5.116280392565564e-05,-0.00023999127119481937
-0.0001543300266825397,-3.4119824005099386e-05,1.0266600813400861e-05,0.0003643617986206493,4.031373526978965e-05,-4.6046527036734675e-05,-0.00021599214231851106
-0.00013889702304834646,-3.070784149196426e-05,9.239942264233081e-06,0.000327925618760716,3.628236021167852e-05,-4.144187748728739e-05,-0.00019439292650459076
-0.00012500731987296222,-2.7637057238641405e-05,8.315949416495133e-06,0.0002951330568841115,3.265412281391877e-05,-3.72976925740523e-05,-0.00017495363243406024
-0.00011250658710462193,-2.4873351422385892e-05,7.484355713977681e-06,0.0002656197511967662,2.9388709292865745e-05,-3.356792587139168e-05,-0.00015745826791762913
-0.00010125592769144945,-2.2386016195211078e-05,6.7359212601939e-06,0.00023905777607602374,2.644983724969796e-05,-3.021113558161065e-05,-0.00014171243997007383
-9.113033428779713e-05,-2.0147414500890082e-05,6.0623301383171124e-06,0.00021515199846788846,2.3804852520598052e-05,-2.7190024093293186e-05,-0.00012754119493770585
-8.201730029058904e-05,-1.8132672981868714e-05,5.456098026292849e-06,0.00019363679862216543,2.1424366362959857e-05,-2.4471023544879456e-05,-0.00011478707451726116
-7.3815569745853e-05,-1.6319405624340422e-05,4.910489037064647e-06,0.0001742731187626169,1.9281928911166202e-05,-2.2023922864877754e-05,-0.00010330836622200485
-6.643401230727172e-05,-1.4687465007878764e-05,4.419440866279545e-06,0.00015684580688635208,1.7353735288772043e-05,-1.9821532088210025e-05,-9.297752884365566e-05
-5.979061065945193e-05,-1.3218718457858047e-05,3.977497438481525e-06,0.00014116122619611815,1.561836109999215e-05,-1.783938023568188e-05,-8.367977528202144e-05
-5.381154922010642e-05,-1.1896846569242614e-05,3.5797482890002896e-06,0.00012704510357863796,1.4056524396149905e-05,-1.6055443435740446e-05,-7.531179713835424e-05
-4.843039395879389e-05,-1.0707161874290438e-05,3.22177399427262e-06,0.0001143405932229058,1.2650871425601284e-05,-1.4449900192198273e-05,-6.778061687617853e-05
-4.358735426198638e-05,-9.636445650398895e-06,2.8995970751712064e-06,0.00010290653390221394,1.1385783801123872e-05,-1.3004911160553745e-05,-6.100255469565757e-05
-3.922861856310838e-05,-8.67280105107393e-06,2.609637797888059e-06,9.261588051145964e-05,1.0247204990807002e-05,-1.170442093344215e-05,-5.490229878116291e-05
-3.530575646341731e-05,-7.80552091803055e-06,2.348674408375606e-06,8.335429246031367e-05,9.222484101442663e-06,-1.0533979639557045e-05,-4.941206849860477e-05
-3.1775180597137884e-05,-7.0249687994100585e-06,2.1138073157574155e-06,7.501886321215068e-05,8.300235340472084e-06,-9.480582394666426e-06,-4.4470861291181184e-05
-2.8597662336145562e-05,-6.322471893693837e-06,1.9024268993264593e-06,6.751697688933689e-05,7.470211492902057e-06,-8.532524803865627e-06,-4.00237748322263e-05
-2.5737895925233376e-05,-5.690224684412604e-06,1.712184492009411e-06,6.0765279197738664e-05,6.72319006046751e-06,-7.679272906013779e-06,-3.602139705966359e-05
-2.3164106171931487e-05,-5.121202198712926e-06,1.5409662998747131e-06,5.4688751276898984e-05,6.050870799509389e-06,-6.911346142043917e-06,-3.241925708993062e-05
-2.084769541154394e-05,-4.609081963174999e-06,1.3868699008413865e-06,4.921987614814327e-05,5.445783490765077e-06,-6.220211999030667e-06,-2.917733114914979e-05
-1.8762925739984095e-05,-4.148173750675999e-06,1.2481831150705502e-06,4.429788853599348e-05,4.901204933668857e-06,-5.598191222415394e-06,-2.62595978195038e-05
-1.688663305050202e-05,-3.7333563615571386e-06,1.1233649908001797e-06,3.98680996802625e-05,4.41108425415504e-06,-5.038372481280806e-06,-2.363363784732911e-05
-1.5197969639556361e-05,-3.360020714521239e-06,1.0110286608674968e-06,3.5881289710104625e-05,3.9699756622796345e-06,-4.534535577020715e-06,-2.12702738872873e-05
-1.3678172578775964e-05,-3.0240186343483133e-06,9.099259468368925e-07,3.229316073749891e-05,3.5729779461340927e-06,-4.081082330069374e-06,-1.914324634565579e-05
-1.2310355236311472e-05,-2.721616760612e-06,8.189334877416188e-07,2.9063844664278804e-05,3.2156800138655184e-06,-3.672974374355209e-06,-1.7228921570951704e-05
-1.1079319635039133e-05,-2.4494550768805468e-06,7.370402590779757e-07,2.6157460197850924e-05,2.8941118929287635e-06,-3.305677190701406e-06,-1.5506029290788745e-05
-9.971387600817873e-06,-2.204509559414203e-06,6.63336344741694e-07,2.354171417806583e-05,2.604700594738274e-06,-2.9751096998278936e-06,-1.3955426246094367e-05
-8.974248777469246e-06,-1.984058598483718e-06,5.970028117280313e-07,2.1187542760259248e-05,2.344230434367378e-06,-2.6775989330068972e-06,-1.2559883518656334e-05
-8.076823845522708e-06,-1.7856527293746982e-06,5.373026186819563e-07,1.9068788484233323e-05,2.1098073044317767e-06,-2.409839222075605e-06,-1.1303895078879772e-05
-7.2691414099747276e-06,-1.6070874487572606e-06,4.835724358824567e-07,1.7161909637408712e-05,1.8988264927910503e-06,-2.1688554662363524e-06,-1.0173505486299993e-05
-6.542227224897758e-06,-1.4463787010449147e-06,4.352152644555851e-07,1.544571867206912e-05,1.7089437724798762e-06,-1.9519700705586396e-06,-9.156154866817034e-06
-5.888004459934926e-06,-1.3017408264648367e-06,3.916938016157445e-07,1.39011468043293e-05,1.538049331617497e-06,-1.7567731989756585e-06,-8.240539312466717e-06
-5.299203974663824e-06,-1.1715667372347305e-06,3.5252447761618955e-07,1.2511032124962185e-05,1.3842443418177197e-06,-1.5810960012352382e-06,-7.416485317841143e-06
-4.769283545908061e-06,-1.0544100595699657e-06,3.172720838898191e-07,1.1259928914597594e-05,1.2458198546672072e-06,-1.4229865094236849e-06,-6.67483672905575e-06
-4.292355163233383e-06,-9.489690507430426e-07,2.8554492364010753e-07,1.0133936021006207e-05,1.1212378200065043e-06,-1.280687953963966e-06,-6.0073530119405735e-06
-3.863119619884094e-06,-8.54072141204254e-07,2.569904741372975e-07,9.120542417306865e-06,1.0091139951845518e-06,-1.152619248767639e-06,-5.406617666534573e-06
-3.4768076319388434e-06,-7.686649263621836e-07,2.312914642206565e-07,8.2084881771749e-06,9.082025549944639e-07,-1.0373574050037693e-06,-4.865955861005529e-06
-3.1291268459869917e-06,-6.917984319287918e-07,2.081623521089926e-07,7.387639358924503e-06,8.173822625412441e-07,-9.336217360253474e-07,-4.379360240291258e-06
-2.8162141439583115e-06,-6.226185837177045e-07,1.8734614907339742e-07,6.648875423564959e-06,7.356440046568657e-07,-8.402596286191666e-07,-3.941424184842127e-06
-2.5345927121352314e-06,-5.603567219680805e-07,1.6861156314912362e-07,5.9839878812084635e-06,6.620795742068308e-07,-7.562337213176673e-07,-3.5472817413425076e-06
-2.2811334266896466e-06,-5.043210479921401e-07,1.5175043047849224e-07,5.385589094686338e-06,5.958715925957758e-07,-6.806103988524215e-07,-3.1925535432493837e-06
-2.0530200708535236e-06,-4.5388893978037803e-07,1.3657540789274725e-07,4.8470301852177045e-06,5.362844081036044e-07,-6.125494059761039e-07,-2.8732981670956392e-06
-1.8477180532675865e-06,-4.085000455955612e-07,1.2291788914833846e-07,4.362327166163027e-06,4.826559474174763e-07,-5.512945054561569e-07,-2.5859683275043788e-06
-1.6629462385045826e-06,-3.676500381771808e-07,1.1062611855044979e-07,3.926094446882189e-06,4.343903349246503e-07,-4.961650901941228e-07,-2.3273714739903417e-06
-1.496651602019873e-06,-3.3088503523237556e-07,9.956352289494652e-08,3.533485003259784e-06,3.909512847205532e-07,-4.4654861595938566e-07,-2.0946343100916587e-06
-1.3469864323782145e-06,-2.9779653150374674e-07,8.960718734726814e-08,3.1801365008021776e-06,3.5185614276345145e-07,-4.018937854177729e-07,-1.885170861522928e-06
-1.2122877823669484e-06,-2.680168797453142e-07,8.064648052488743e-08,2.8621228480574246e-06,3.166705149632021e-07,-3.617044357501209e-07,-1.6966537631423959e-06
-1.091058998428044e-06,-2.4121519265341007e-07,7.258184493014186e-08,2.575910562185868e-06,2.850034499651821e-07,-3.255340178670574e-07,-1.5269883703291146e-06
-9.819530939485406e-07,-2.1709367103994737e-07,6.532367236022907e-08,2.31831950436856e-06,2.5650309574964947e-07,-2.929806401652524e-07,-1.3742895242667072e-06
-8.837577799075333e-07,-1.9538430534593587e-07,5.879131280070449e-08,2.086487553398797e-06,2.3085277746359711e-07,-2.636825976176649e-07,-1.2368605660029522e-06
-7.953819983488007e-07,-1.758458751249803e-07,5.291218969569189e-08,1.8778387964601961e-06,2.0776749100337444e-07,-2.3731435338375517e-07,-1.1131745035562052e-06
-7.158437933373757e-07,-1.582612847578213e-07,4.762097946531263e-08,1.6900549173470836e-06,1.8699073212058437e-07,-2.1358293683659824e-07,-1.0018570441687469e-06
-6.442594077697358e-07,-1.4243515449041677e-07,4.285888652311165e-08,1.5210494250794682e-06,1.6829165074006003e-07,-1.922246603350275e-07,-9.016713317863689e-07
-5.798334618170413e-07,-1.281916409828776e-07,3.8573003926373195e-08,1.3689444831044284e-06,1.5146247697717108e-07,-1.73002209870321e-07,-8.11504187432123e-07
-5.21850112058294e-07,-1.1537247615600599e-07,3.471571120849948e-08,1.2320500353234232e-06,1.363162242945526e-07,-1.5570200179865212e-07,-7.303537671119603e-07
-4.6966509514813e-07,-1.0383522992818417e-07,3.124414670041542e-08,1.1088450317942034e-06,1.2268459530229148e-07,-1.4013181134225894e-07,-6.573183813727429e-07
-4.226985815284842e-07,-9.345170622065968e-08,2.8119738613996415e-08,9.979605302135042e-07,1.1041613237616765e-07,-1.2611864095429803e-07,-5.915865405967807e-07
-3.8042872192679475e-07,-8.410653591639505e-08,2.530776815889979e-08,8.981644761263397e-07,9.937451257713281e-08,-1.1350678605359654e-07,-5.324278849654432e-07
-3.423858493619737e-07,-7.56958821318543e-08,2.2776996344564537e-08,8.083480285137057e-07,8.943705528952073e-08,-1.0215611344344122e-07,-4.791850949040916e-07
-3.081472619180167e-07,-6.812629425867467e-08,2.0499301704030026e-08,7.275132283268704e-07,8.049334745963144e-08,-9.194051073940779e-08,-4.3126657957217457e-07
-2.7733253321138643e-07,-6.13136635768674e-08,1.8449376547324814e-08,6.547619033625551e-07,7.244400718198207e-08,-8.274646355610482e-08,-3.881399221698084e-07
-2.4959927578819055e-07,-5.5182295954914196e-08,1.6604439091044698e-08,5.892857135592067e-07,6.519960203676956e-08,-7.447182420045051e-08,-3.4932592198663043e-07
-2.2463934676352285e-07,-4.966406455531036e-08,1.4943999118027795e-08,5.303571448678213e-07,5.8679641645742464e-08,-6.702464510482953e-08,-3.1439332927232083e-07
-2.021754106494751e-07,-4.4697658421744e-08,1.344960205360013e-08,4.773214303810391e-07,5.281167730908365e-08,-6.032218707874293e-08,-2.829539958405444e-07
-1.8195786973896136e-07,-4.022789504287694e-08,1.2104642597293713e-08,4.2958928681002817e-07,4.753050780736956e-08,-5.4289971171406215e-08,-2.546585904207935e-07
-1.6376208238468373e-07,-3.620510748147954e-08,1.089417800415049e-08,3.866303597277465e-07,4.277745468961314e-08,-4.886097897810471e-08,-2.291927298008964e-07
-1.4738587430368488e-07,-3.2584595466289556e-08,9.804763077825296e-09,3.479673242878789e-07,3.849970692249016e-08,-4.397488546914463e-08,-2.0627345098753885e-07
-1.3264728436447257e-07,-2.9326135173035617e-08,8.824290159692438e-09,3.131705934578122e-07,3.4649734456659864e-08,-3.9577398087964344e-08,-1.8564610963864997e-07
-1.1938255555779195e-07,-2.6393520952128213e-08,7.94186134217556e-09,2.8185353250984035e-07,3.1184760843072645e-08,-3.5619659978503027e-08,-1.6708150244165026e-07
-1.0744430175516767e-07,-2.3754170769274552e-08,7.147676478469478e-09,2.5366817979488587e-07,2.806628351947893e-08,-3.2057695699416744e-08,-1.503733516880837e-07
-9.669987173586275e-08,-2.1378753489731395e-08,6.432910631265498e-09,2.2830136181539729e-07,2.52596528416138e-08,-2.8851926271722395e-08,-1.3533601387390876e-07
-8.702988364955172e-08,-1.9240879542414824e-08,5.789618184176559e-09,2.054712240351364e-07,2.273368844563084e-08,-2.596673749633016e-08,-1.2180241196809577e-07
-7.832689277557925e-08,-1.73167919309547e-08,5.210658165361037e-09,1.8492410269743687e-07,2.046031677416238e-08,-2.3370064397565393e-08,-1.0962217026570104e-07
-7.049420312592314e-08,-1.5585110396676427e-08,4.6895930819190745e-09,1.6643168976315792e-07,1.841428333426709e-08,-2.1033060737529752e-08,-9.865995167102765e-08
-6.344478029962977e-08,-1.4026597036642663e-08,4.2206355944929275e-09,1.4978852291847033e-07,1.6572854255603175e-08,-1.892975801803809e-08,-8.879395492749492e-08
-5.7100302958568855e-08,-1.262393765910641e-08,3.798573830482432e-09,1.348096727582515e-07,1.4915565990647472e-08,-1.7036782838653064e-08,-7.991456105020667e-08
-5.139027281931413e-08,-1.1361544760557507e-08,3.418718249464936e-09,1.2132870708114751e-07,1.3424006573004021e-08,-1.5333106832826626e-08,-7.192310764667087e-08
-4.6251247294744335e-08,-1.022539222739205e-08,3.0768482137122355e-09,1.0919583637303276e-07,1.2081607853042797e-08,-1.3799795722801989e-08,-6.473079104327151e-08
-4.162612005044128e-08,-9.202855463796844e-09,2.769164144517111e-09,9.827625113700833e-08,1.0873448461068413e-08,-1.241981786859192e-08,-5.825770715405659e-08
-3.746350820928515e-08,-8.282567590112144e-09,2.492250055635692e-09,8.844862442458634e-08,9.786104510078886e-09,-1.1177836191367252e-08,-5.243193488234377e-08
-3.3717155410988714e-08,-7.454312736521196e-09,2.2430257824723743e-09,7.960376358084886e-08,8.807494983331665e-09,-1.0060053762250831e-08,-4.718873661962997e-08
-3.034544162131003e-08,-6.708882338557487e-09,2.018725547836553e-09,7.164338455822872e-08,7.92674315075459e-09,-9.054048510925838e-09,-4.246986564163113e-08
-2.7310898150639806e-08,-6.037994992880158e-09,1.8168553224395811e-09,6.447904610240585e-08,7.134070265091275e-09,-8.1486453834545e-09,-3.8222883898784976e-08
-2.45798079602684e-08,-5.434195288200883e-09,1.6351715953488721e-09,5.8031142557979365e-08,6.420661988193466e-09,-7.333783094698454e-09,-3.440059713998023e-08
-2.2121827318762055e-08,-4.890773952492822e-09,1.471654628021346e-09,5.2228029900902584e-08,5.778594006078386e-09,-6.600407539969488e-09,-3.0960532643696526e-08
-1.9909644746653882e-08,-4.401698505684948e-09,1.324487245574213e-09,4.7005226377905274e-08,5.20073603627047e-09,-5.940365324641483e-09,-2.7864481020288545e-08
-1.7918682562907684e-08,-3.9615279112670265e-09,1.192038703856646e-09,4.2304703740114746e-08,4.680661205846981e-09,-5.346328879607398e-09,-2.507803772023448e-08
-1.612681446022668e-08,-3.5653754532072313e-09,1.0728329197240427e-09,3.8074231767382116e-08,4.212592746855037e-09,-4.811695590578591e-09,-2.257023024553051e-08
-1.4514131038961126e-08,-3.2088393053797404e-09,9.65548224707291e-10,3.426680805773685e-08,3.79133489880612e-09,-4.33052881054774e-09,-2.0313208847627662e-08
-1.3062715954054172e-08,-2.8879546393190125e-09,8.689909486436775e-10,3.084012512033496e-08,3.41220335320358e-09,-3.8974781874090425e-09,-1.828188425818944e-08
-1.1756443453296572e-08,-2.5991616359188896e-09,7.820899206034682e-10,2.7756112075394412e-08,3.0709828707786713e-09,-3.5077315566067746e-09,-1.645369319090706e-08
-1.0580797136020004e-08,-2.339246893412472e-09,7.038805927006564e-10,2.498050299948318e-08,2.7638843852484385e-09,-3.1569563629929576e-09,-1.4808321230699861e-08
-9.522715440843377e-09,-2.105322000067744e-09,6.334943507269042e-10,2.2482453232441912e-08,2.4874973608701723e-09,-2.8412624961116073e-09,-1.3327489658751523e-08
-8.570442450780286e-09,-1.8947917262979175e-09,5.701424610204953e-10,2.0234208975011825e-08,2.238746910077083e-09,-2.557137980530033e-09,-1.19947423243838e-08
-7.71339996475523e-09,-1.7053112949527716e-09,5.131268153435453e-10,1.821078754460359e-08,2.0148725882185303e-09,-2.301422684369836e-09,-1.0795264393341497e-08
-6.9420595908038785e-09,-1.5347810383703475e-09,4.618132751210702e-10,1.638971092177144e-08,1.8133856777291513e-09,-2.071281604565378e-09,-9.715733172849239e-09
-6.247852183099284e-09,-1.381303793568378e-09,4.1563162286872846e-10,1.4750739296687243e-08,1.6320479828690893e-09,-1.8641514304418294e-09,-8.744158277659841e-09
-5.62306659178044e-09,-1.2431742996144024e-09,3.7407026434732593e-10,1.3275663235390311e-08,1.4688451566158278e-09,-1.6777353742392087e-09,-7.869743020444409e-09
-5.060759030155876e-09,-1.1188577148102397e-09,3.366655530745444e-10,1.1948095846037177e-08,1.321959944289297e-09,-1.5099603026258457e-09,-7.08276714535272e-09
-4.5546838119657485e-09,-1.0069738931584027e-09,3.0299654799059716e-10,1.0753286261433459e-08,1.1897616086775642e-09,-1.3589665434632359e-09,-6.374490979337011e-09
-4.099213455222711e-09,-9.062757627686935e-10,2.7269549812691807e-10,9.67795976691832e-09,1.0707847525326386e-09,-1.2230700133231132e-09,-5.7370381787227864e-09
-3.689290662897693e-09,-8.156496034139593e-10,2.454266893880952e-10,8.710163257319437e-09,9.637076692214919e-10,-1.1007625921877207e-09,-5.163331713575747e-09
-3.320359090105973e-09,-7.340828361845908e-10,2.208863508768033e-10,7.839147997401597e-09,8.673367579703495e-10,-9.906853670749172e-10,-4.646998043311701e-09
