0.0,0.0,0.0,0.0,0.0,0.0,0.0
-38.854000524016655,-28.369776306155234,33.62885680649231,-57.88472458355443,-38.75935328846266,43.32155437510583,-51.35422237721746
-34.96866197907676,-29.526784870801624,30.25068880339436,-54.99975515711178,-34.883417959616395,38.9890981333516,-46.21257361231457
-31.471761529223244,-30.35475630488344,27.226070937367748,-49.499697814653366,-31.395374027244628,35.090164012002916,-41.59183913106465
-28.324543669306713,-32.220972520236344,24.50346384363096,-44.54972303634739,-28.25577913999885,31.58112129419913,-37.43263370505766
-25.49206475839998,-31.145552742218385,22.053117459267874,-40.09474157668953,-25.430198789784153,28.42297408760172,-33.689362005291514
-22.94283120358479,-30.609674807560463,19.84780571334109,-36.08522167525007,-22.88728571327241,25.580576497585362,-30.3204290251668
-20.648533025737457,-30.370520616844733,17.86302514200698,-32.47670519818835,-20.598537540861326,23.02247561321021,-27.288373153226104
-18.583642542467658,-30.223521974394174,16.076722627806276,-29.228992419353297,-18.53881147762904,20.720057781234686,-24.559524905376396
-16.725297680093327,-29.994406511329753,14.469050365025652,-26.306155275479856,-16.684778768132123,18.648139586165055,-22.103556579002042
-15.052744152488373,-29.532883534151193,13.02214532852309,-23.67552938167799,-15.016364114973994,16.783197136479828,-19.893183516654332
-13.547495558765197,-28.70958310255834,11.719930795670775,-21.308024301784645,-13.514599258482082,15.104997356758066,-17.903864373175843
-12.192730868539842,-27.414415910376505,10.547937716103698,-19.17722402799538,-12.163168316383368,13.594412296482549,-16.113464886013798
-10.97345142013615,-25.556936744652493,9.49314394449333,-17.259513473884716,-10.946846170555938,12.234935379387167,-14.502110670206326
-9.876132552260742,-23.066955723297596,8.543829550043995,-15.53358786785444,-9.852064828199559,11.011582417453083,-13.05191247801831
-8.888671517728707,-19.895430517302238,7.6894465950395965,-13.980275715847807,-8.86646698764667,9.911211886998792,-11.746807901473254
-7.999811183834738,-16.014661312623645,6.920501935535638,-12.582240176471801,-7.9798293104115645,8.92011535164489,-10.572128770906165
-7.199697466131621,0.6365666998772195,10.728174150756352,-9.94320090932967,-7.182137858464396,8.027388787060572,-9.51482888263605
-6.479802768623653,2.549500112754103,7.541514555479132,-10.329805500910226,-6.463781299962385,7.2251897456646965,-8.563420074689397
-5.831865745964452,2.2944178425150685,4.401482871358528,-9.296720076216443,-5.817278729264175,6.502924879755216,-7.70709904226489
-5.2486872607956805,2.064957117116177,3.961334584222671,-8.367049860406015,-5.235533969259756,5.8527442605245925,-6.936396387995625
-4.723807897061853,1.8584732700152788,3.565201125800406,-7.530342492944005,-4.712006296634701,5.2674415499241665,-6.242750219811934
-4.2514240194974615,1.6726261314513675,3.208681013220364,-6.7773074189686895,-4.2408140064325135,4.740721507730578,-5.618474540074767
-3.8262023658568314,1.5054478476639765,2.8879019880855403,-6.0997190718301955,-3.8167805176633527,4.266736965741645,-5.056608761545152
-3.4435821292711486,1.3549014711091405,2.5990815751371725,-5.489694123662582,-3.435126164280412,3.8399208230985042,-4.550942958803054
-3.0992239163440303,1.2193726053936513,2.3391982598775196,-4.940773111843251,-3.0915564343826136,3.456307106869165,-4.095873445982082
-2.7893015247096256,1.0974419545550458,2.1052545015422983,-4.446651661459977,-2.7824298913904415,3.110518239028206,-3.6862791771488808
-2.510371372238661,0.9877058867284731,1.8947130915562527,-4.001956581101049,-2.5042105924425093,2.799339790382834,-3.317645121477118
-2.2593342350147956,0.8889435008182018,1.7052308754034151,-3.601740235783902,-2.2538085650201203,2.519303851603344,-2.98587527634035
-2.033400811513319,0.7999988350752839,1.5347299290331122,-3.241609284864843,-2.0283688510540165,2.2678312185553993,-2.6873205442515413
-1.8300607303619856,0.7200105738709482,1.3812453135429823,-2.9174255075239137,-1.8255549420797264,2.040918895016446,-2.4185815682720766
-1.6470546573257894,0.6480200850364884,1.2431121986067948,-2.6256659945937075,-1.6430181827741828,1.8367190416669328,-2.1767173295435533
-1.482349191593208,0.5832274468669341,1.1187945393082988,-2.3630866295498967,-1.478731622158897,1.6529568123689915,-1.9590402955803823
-1.3341142724338884,0.5249129303688992,1.0069101764952275,-2.126768226493165,-1.330870937506135,1.4875851075637536,-1.7631316392304386
-1.2007028451904969,0.4724288247716288,0.9062153612509327,-1.9140838767368256,-1.1977940965927272,1.3387622478973604,-1.5868144297102489
-1.0806325606714469,0.42519220481306197,0.8155908473117486,-1.722669602813294,-1.07802315476087,1.204831267797474,-1.4281294423370832
-0.9725693046043007,0.38261469635949075,0.7340471977794703,-1.550430279714849,-0.9701701712558124,1.0848441418646868,-1.2853575428631356
-0.8753123741438724,0.34436193181017405,0.6606382340079355,-1.3953784696852571,-0.8731646933334126,0.9762803484090641,-1.1568169032061322
-0.7877811367294836,0.3099335083788789,0.5945709385189457,-1.255833467327516,-0.7858580404318302,0.8785827297915708,-1.041130799783789
-0.7090030230565337,0.27894699074521023,0.5351109915803487,-1.1302442545286389,-0.7072805475536363,0.7906639848040331,-0.9370138045237324
-0.6381027207508777,0.25105830575229326,0.4815975287020974,-1.0172149834091098,-0.6365595600910845,0.7115448664775642,-0.8433089462507144
-0.5742924486757913,0.22595777387697374,0.43343580278542093,-0.915489454023122,-0.5729096388670674,0.640344283815459,-0.7589749588033794
-0.5168632038082102,0.20336667052423119,0.3900905642124589,-0.8239371332777614,-0.5156238487303273,0.5762694429426767,-0.68307470952381
-0.4651768834273913,0.18303413177202943,0.3510801052572565,-0.7415405764925669,-0.46406591626627214,0.5186069820535473,-0.614764784916686
-0.4186591950846505,0.1647343696478727,0.31597090168654673,-0.6673841099957614,-0.41766317001073267,0.46671500016756434,-0.5532861178933105
-0.37679327557618336,0.1482641658452627,0.2843727913426999,-0.6006436477258327,-0.3759001852883668,0.42001588869255346,-0.49795555242011136
-0.33911394801856615,0.13344061596875412,0.2559346356774435,-0.5405775277961165,-0.3383130635078679,0.37798988427261737,-0.44815825181104707
-0.3052025532167111,0.12009909922744896,0.23034041571150426,-0.486518266577332,-0.3044842826993355,0.34016926983800805,-0.40334086628223115
-0.27468229789504045,0.10809145102666813,0.20730571881730797,-0.4378651382294278,-0.27403806234981704,0.3061331583002421,-0.3630053838278664
-0.24721406810553853,0.09728431817385573,0.18657457712952413,-0.39407749691184524,-0.24663619124734842,0.2755028000571003,-0.3267035960728705
-0.22249266129498577,0.08755767844859377,0.16791662234016616,-0.3546687672419719,-0.221974272141652,0.24793736148227047,-0.29403211759426906
-0.20024339516548828,0.07873345169446666,0.15113412553579506,-0.31920972510198536,-0.19973357508101153,0.2236832910468573,-0.26468414364642956
-0.18021905564893892,0.07086266378850616,0.1360198436719497,-0.28728683648224296,-0.17976279621764607,0.20129181218961845,-0.23821425536190827
-0.16219715008404556,0.06377887396532562,0.12241707286287473,-0.2585564587731215,-0.16178891484187763,0.18114050959107775,-0.21439135150855337
-0.14597743507564154,0.05740320312540273,0.11017467186327812,-0.23269932038528487,-0.14561214862562655,0.16300668613596114,-0.19295088845556008
-0.13137969156808005,0.051664867219383376,0.09915659161830481,-0.20942807078909087,-0.1310528195486026,0.14668833594311184,-0.17365460695517182
-0.11824172241127151,0.046500157921222085,0.08924038971856528,-0.18848409847287395,-0.11794921308982291,0.1320036806824758,-0.15628807486492124
-0.10641755017014276,0.04185173486227663,0.08031586949485343,-0.16963465638614544,-0.10615578223168745,0.11878914720483272,-0.14065830474155072
-0.09577579515313063,0.03766798918664584,0.07228385519595543,-0.15267027494382365,-0.09554153130844205,0.10689754346534833,-0.12659160920733442
-0.08619821563781649,0.03390247070603175,0.06505508969485488,-0.13740243383211453,-0.08598856136948481,0.0961964173647999,-0.11393167079802874
-0.07757839407403644,0.030513372298986513,0.05854924246110545,-0.12366146671511229,-0.07739076092362578,0.08656658014387515,-0.10253780484307443
-0.0698205546666344,0.027463065835731937,0.05269401676536985,-0.11129467553590981,-0.06965262754123049,0.07790077780494717,-0.09228339607270061
-0.06283849919997309,0.02471768448076861,0.04742434618713248,-0.100164633439987,-0.06268820724049493,0.07010249570078228,-0.08305449157731756
-0.05655464927997578,0.02224674673963474,0.04268167149066954,-0.09014765744857142,-0.056420139889278464,0.06308488292570182,-0.07474853448234675
-0.050899184351976594,0.02002281807890252,0.0384132898288896,-0.08113243389910135,-0.05077880002881813,0.05676978448942681,-0.06727322426564024
-0.04580926591677681,0.01802120636511957,0.034571769039388855,-0.07301878136962105,-0.04570152358359783,0.051086870462410894,-0.06054549105188495
-0.04122833932509806,0.016219687743361397,0.031114420521198907,-0.06571653733368303,-0.04113191187402812,0.04597285236801314,-0.054490572485373506
-0.03710550539259039,0.014598259913588874,0.02800282483234119,-0.0591445561686884,-0.03701920520596852,0.04137077807384813,-0.04904118292232364
-0.03339495485333188,0.01313892006698296,0.02520240473464487,-0.053229807378965745,-0.03331771908291828,0.03722939731304131,-0.04413676570999752
-0.030055459367998694,0.011825465017814563,0.022682040939896897,-0.047906564009450696,-0.029986336781533784,0.03350259075606589,-0.03972282024327756
-0.027049913431197226,0.010643311312690723,0.020413726286220762,-0.0431156722287977,-0.026988052656560346,0.030148856264254606,-0.03575029632033825
-0.024344922088078036,0.009579333320653471,0.01837225450088112,-0.038803893963163305,-0.024289561104211127,0.02713084659513608,-0.03217504906693644
-0.021910429879271828,0.008621717507043603,0.016534940090199818,-0.03492331527420919,-0.02186088661981056,0.024414953404337997,-0.028957348372031566
-0.019719386891344115,0.0077598312736458785,0.014881366243387498,-0.03143081390557562,-0.01967505084166865,0.021970932905889903,-0.026061437383184935
-0.017747448202211302,0.006984104909261338,0.013393157948401666,-0.028287580080209696,-0.01770777288370684,0.019771569017697388,-0.0234551351553563
-0.015972703381992304,0.006285925340340753,0.012053777798309018,-0.025458685222437615,-0.01593719962894527,0.017792370237381408,-0.021109479037470555
-0.014375433043790409,0.005657540502220379,0.010848342218767668,-0.02291269381177635,-0.014343662988565625,0.01601129686997288,-0.018998402822709266
-0.012937889739411903,0.005091973269422942,0.009763456074280197,-0.02062131405465537,-0.012909461430719804,0.014408515567561439,-0.017098447085860786
-0.011644100765472842,0.004582943989556859,0.008787063815131085,-0.018559083491847834,-0.011618663352638225,0.01296617844558369,-0.015388498488788684
-0.010479690688926624,0.00412480076085181,0.007908315510733024,-0.016703086047570075,-0.010456930112270973,0.011668224314520304,-0.013849555157086016
-0.009431721620032363,0.0037124566792589853,0.007117446280623885,-0.015032697375857527,-0.009411356753889377,0.01050019981238598,-0.01246451552055417
-0.008488549458029127,0.003341333358524587,0.006405667783193583,-0.013529355674078883,-0.008470328658630344,0.009449098445146811,-0.011217988270959049
-0.0076396945122283455,0.003007310096132171,0.005765070556280533,-0.012176355416700917,-0.007623392527801837,0.008503215741927375,-0.010096121325215764
-0.006875725061007643,0.0027066781208097412,0.005188536124338089,-0.010958661717075133,-0.006861140265958521,0.0076520189113968295,-0.009086447893391287
-0.00618815255490901,0.0024360994136130715,0.004669657895452692,-0.00986274325427192,-0.006175104473967019,0.0068860295474176755,-0.008177747940792087
-0.005569337299418109,0.0021925696454296595,0.004202669969120235,-0.008876421908226545,-0.0055576643912981505,0.0061967180773541825,-0.007359923504788217
-0.005012403569478963,0.001973384819397697,0.0037823830637164907,-0.007988737432381668,-0.005001961242769831,0.005576408777350508,-0.00662388648068297
-0.004511163212530533,0.0017761112479187102,0.003404126851555278,-0.007189825659796888,-0.004501822049492593,0.005018194296614098,-0.005961457629716714
-0.00406004689127748,0.0015985585309083034,0.0030636980608083064,-0.006470808889438316,-0.004051691057655793,0.0045158587386871715,-0.005365275686905053
-0.003654042202150265,0.0014387552352827793,0.002757313767502892,-0.005823697234423147,-0.0036465680235742703,0.004063808442981681,-0.004828715558639618
-0.0032886379819352402,0.0012949270056463735,0.002481569358587607,-0.005241299836009267,-0.0032819526693971535,0.0036570096956624887,-0.004345814701035341
-0.0029597741837417146,0.0011654768631485235,0.0022334006989267463,-0.00471714495669457,-0.002953794692555939,0.0032909326761863325,-0.003911206860907396
-0.0026637967653702077,0.001048967473795251,0.0020100500817926553,-0.0042454080644187195,-0.0026584487736145412,0.0029615010151863227,-0.0035200624430777906
-0.002397417088834784,0.0009441051893113728,0.001809035584495966,-0.0038208471087666923,-0.0023926340827835346,0.0026650464019663533,-0.003168034841257345
-0.0021576753799497084,0.0008497256833765315,0.0016281234886057622,-0.0034387442698871444,-0.0021533978352612504,0.002398267736075703,-0.0028512121362501853
-0.0019419078419531388,0.0007647810237555175,0.001465303458294015,-0.003094853532797568,-0.0019380824906306826,0.0021581943680440696,-0.002566073624563835
-0.001747717057758889,0.0006883280367535605,0.0013187662009878504,-0.002785353504574862,-0.001744296231860648,0.001942153019945922,-0.0023094506944648426
-0.0015729453519846021,0.0006195178348602504,0.0011868833620504449,-0.002506804950042508,-0.0015698863961047804,0.0017477380173613402,-0.002078491614643036
-0.0014156508167850763,0.0005575863912723467,0.0010681894301049488,-0.0022561125741029364,-0.0014129155620635214,0.0015727845013074684,-0.0018706298442637288
-0.0012740857351065688,0.0005018460566260929,0.0009613654519194381,-0.0020304906260816616,-0.0012716400283249996,0.0014153443217398282,-0.0016835555121670464
-0.0011466771615964433,0.000451677923811622,0.000865224375873358,-0.0018274319437342167,-0.0011444904436375136,0.0012736643442528284,-0.001515189748349145
-0.001032009445436799,0.0004065249559959544,0.000778697861177749,-0.0016446800930760043,-0.0010300543739100165,0.0011461669283623563,-0.001363661582421594
-0.0009288085008947178,0.0003658858016692551,0.0007008244062016444,-0.0014802042943042153,-0.0009270606123101821,0.0010314323599833197,-0.001227287152417161
-0.0008359276508063118,0.00032930922794494055,0.0006307386640511392,-0.001332176855342277,-0.0008343650581584816,0.0009281830425020149,-0.0011045509927632355
-0.0007523348857230178,0.000296389110354095,0.0005676618266262229,-0.0011989528620269564,-0.0007509380077906913,0.0008352692703809325,-0.0009940891936723126
-0.00067710139714805,0.0002667599234968815,0.0005108929703448034,-0.0010790518994745792,-0.0006758527161597472,0.0007516564268475953,-0.000894674244600149
-0.0006093912574343108,0.00024009268248426086,0.0004598012672963059,-0.0009711416013442296,-0.0006082751021572741,0.0006764134631882662,-0.0008052013935223382
-0.0005484521316887481,0.00021609129007545136,0.0004138189753516014,-0.0008740228442758423,-0.0005474544832800576,0.0006087025312640146,-0.0007246763703015833
-0.0004936069185177434,0.00019448924901258047,0.00037243512928714084,-0.000786616422965531,-0.0004927152367389664,0.0005477696538701213,-0.0006522043378728113
-0.0004442462266638376,0.00017504670299657576,0.00033518986281642904,-0.0007079510577650897,-0.00044344929433207114,0.0004929363290025399,-0.0005869799482969926
-0.00039982160399532063,0.00015754777346738136,0.00030166929846112134,-0.0006371526016147669,-0.00039910938775139515,0.0004435919745803332,-0.0005282783933229472
-0.0003598394435968544,0.0001417981626162801,0.0002715009484406533,-0.0005734343263144419,-0.000359202969313549,0.000399187129470506,-0.0004754473499139489
-0.0003238554992393023,0.00012762299603637228,0.0002443495755146269,-0.0005160881802242882,-0.00032328674049217354,0.00035922733510693194,-0.0004278997313019294
-0.0002914699493175004,0.00011486488100145853,0.0002199134677537684,-0.00046447692022051623,-0.00029096172758127925,0.00032326762958596184,-0.00038510716294581915
-0.0002623229543878818,0.00010338215888265612,0.00019792108584168466,-0.00041802703052591997,-0.00026186884971424185,0.0002909075929127605,-0.0003465941109889407
-0.00023609065894803112,9.304733226903061e-05,0.00017812804567601814,-0.00037622234965886334,-0.00023568493003417457,0.00026178688822151713,-0.000311932597823774
-0.00021248159305109482,8.374564929163053e-05,0.0001603144027216008,-0.00033859833472680775,-0.0002121191057000149,0.00023558124935441072,-0.000280737446204677
-0.00019123343374438835,7.537382950521809e-05,0.00014428220793498425,-0.00030473689934725975,-0.00019090959685519326,0.00021199887008976903,-0.0002526619989560285
-0.00017211009037154668,6.783891710840373e-05,0.00012985330810286189,-0.0002742617677457711,-0.0001718207986549647,0.00019077715480077945,-0.00022739426671545583
-0.00015489908133226038,6.105724883459507e-05,0.00011686736617966265,-0.00024683429351776004,-0.00015464066407402943,0.00017167979440523007,-0.0002046534609501452
-0.00013940917319743736,5.4953524984857616e-05,0.00010518007957814601,-0.00022214969649723623,-0.00013917834837851029,0.0001544941350164336,-0.0001841868736925708
-0.00012546825587556217,4.945997336920638e-05,9.466157665088959e-05,-0.00019993367597171893,-0.00012526208914298564,0.0001390288099707218,-0.00016576706929103367
-0.00011292143028640567,4.451559678544936e-05,8.51949735258678e-05,-0.00017993936260766313,-0.00011273729823868539,0.00012511160894958934,-0.00014918935704047454
-0.0001016292872577651,4.006549574148144e-05,7.667507527069073e-05,-0.0001619445751813199,-0.00010146484459705452,0.00011258756034947942,-0.00013426951655469768
-9.14663585298587e-05,3.6060258908343634e-05,6.900720694323625e-05,-0.00014574935163117614,-9.131950867768968e-05,0.00010131720566377428,-0.000120841750607446
-8.231972267580545e-05,3.2455414454513054e-05,6.210616153555504e-05,-0.0001311737270499394,-8.218859147229862e-05,9.117504655943576e-05,-0.00010875684269716704
-7.408775040929072e-05,2.9210936272616728e-05,5.589525314504684e-05,-0.00011805573388799784,-7.397066260819707e-05,8.204814744004058e-05,-9.788049886997469e-05
-6.667897537049328e-05,2.6290799558278954e-05,5.0305464826871926e-05,-0.00010624960209187559,-6.657443358576431e-05,7.383487787474691e-05,-8.80918553828585e-05
-6.001107783504267e-05,2.3662580803190947e-05,4.527468164566839e-05,-9.562413933097633e-05,-5.991774372846037e-05,6.644378091775344e-05,-7.928213561115248e-05
-5.400997005367003e-05,2.1297097785269448e-05,4.074700045399171e-05,-8.606127310814213e-05,-5.392664749667708e-05,5.979255472706585e-05,-7.135344124602032e-05
-4.860897304936884e-05,1.9168085545237523e-05,3.667210869041926e-05,-7.745473874419193e-05,-4.853459306200514e-05,5.3807136100793296e-05,-6.421766440545089e-05
-4.3748075743366144e-05,1.7251904763523895e-05,3.300472527521803e-05,-6.970889852790305e-05,-4.3681683035728947e-05,4.8420875777908934e-05,-5.779550852856932e-05
-3.937326817116116e-05,1.552727926741604e-05,2.9704097458380097e-05,-6.273767897444979e-05,-3.9314009076696355e-05,4.35737962638863e-05,-5.201560718176047e-05
-3.5435941354576214e-05,1.3975059812224022e-05,2.6733547955265502e-05,-5.6463614350455577e-05,-3.5383053072823856e-05,3.9211923993587305e-05,-4.681373102349319e-05
-3.189234722178469e-05,1.2578011441305437e-05,2.4060067381176387e-05,-5.0816985860537706e-05,-3.184514817206052e-05,3.528668829895498e-05,-4.213207402802531e-05
-2.8703112500139127e-05,1.1320622139252001e-05,2.1653947445243737e-05,-4.57350469342116e-05,-2.866099371615083e-05,3.175438058172081e-05,-3.791861112289498e-05
-2.583280124746068e-05,1.0188930573112875e-05,1.948845082513917e-05,-4.1161325937389553e-05,-2.5795218663388075e-05,2.857566759467689e-05,-3.4126520066868685e-05
-2.3249521124313333e-05,9.170371093755736e-06,1.7539514057710037e-05,-3.7044998665886064e-05,-2.3215988683239486e-05,2.5715153459539286e-05,-3.071366110938417e-05
-2.0924569010816185e-05,8.253634197610826e-06,1.578548013493608e-05,-3.334032359711761e-05,-2.0894652506320277e-05,2.3140985528892488e-05,-2.764210873925331e-05
-1.8832112109732832e-05,7.428540961432195e-06,1.420685785818998e-05,-3.0006133557983206e-05,-1.8805423676243604e-05,2.0824499697771892e-05,-2.4877730236273765e-05
-1.6948900901425645e-05,6.685930023356268e-06,1.2786105233572598e-05,-2.700537828777272e-05,-1.69250940859067e-05,1.873990122664565e-05,-2.238980634619407e-05
-1.5254010811814253e-05,6.0175558575237265e-06,1.15074345570787e-05,-2.430471273732332e-05,-1.5232776175488905e-05,1.686397749239843e-05,-2.0150689933187e-05
-1.3728609731700203e-05,5.415997224283986e-06,1.0356636962943755e-05,-2.1874126521190945e-05,-1.3709670904721305e-05,1.5175839528584756e-05,-1.8135498740223452e-05
-1.2355748760128904e-05,4.8745747509015835e-06,9.32092454222766e-06,-1.9686610419386574e-05,-1.2338858924543228e-05,1.3656689413173162e-05,-1.6321838889409024e-05
-1.1120173885713e-05,4.387276796760653e-06,8.388788236571298e-06,-1.7717856272463084e-05,-1.1105112626336178e-05,1.228961095129516e-05,-1.4689556020753766e-05
-1.000815649554454e-05,3.948692685981636e-06,7.549869950551624e-06,-1.5945986848855953e-05,-9.994727000278703e-06,1.105938131726325e-05,-1.3220511340242269e-05
-9.007340846522993e-06,3.553952625787171e-06,6.79484743822123e-06,-1.4351312753117795e-05,-8.995367369091234e-06,9.9523015228975e-06,-1.1898380041010584e-05
-8.106606761870694e-06,3.1986736449135522e-06,6.115330727821111e-06,-1.2916113604016788e-05,-8.095932393287208e-06,8.956043891776566e-06,-1.0708469890558653e-05
-7.295946087282346e-06,2.878910933909462e-06,5.503768885237181e-06,-1.1624441158583632e-05,-7.286430738273619e-06,8.05951479040945e-06,-9.63755797034685e-06
-6.566351478554111e-06,2.59111402776957e-06,4.953366103885304e-06,-1.0461942069616564e-05,-6.557870093015783e-06,7.2527310859341054e-06,-8.67374373359972e-06
-5.909716332297421e-06,2.332087389034232e-06,4.458006193627795e-06,-9.41569838961917e-06,-5.90215726692378e-06,6.526708989408603e-06,-7.806316761740928e-06
-9.039149599950317,2.556161049426267,-1.2896727433591781,11.969769433131773,0.4145916119301357,-0.10097038089544173,-4.305326149529899
0.048025655547606405,-0.2555814386080226,0.12896152688350782,-0.15837847665991767,-0.04147626023418949,0.0097691000525226,0.43057950268166056
0.7255113309597778,-0.19282852149547094,0.07986569582309098,-0.9578225000825209,-0.03615256813050015,0.009046555401793235,0.3374288371100853
0.48005993128848157,-0.13600445723481114,0.03625216135606367,-0.6384217428764967,-0.031108416289321275,0.008206298173447535,0.25268942915187365
0.2595132017871222,-0.08459909906269661,-0.0027220803976918118,-0.35070431723227713,-0.026503255187550936,0.007108521813935606,0.17592144417134686
0.06198723542139639,-0.0380108383710559,-0.036991607582278443,-0.09117022724884599,-0.021908903114757503,0.006109138064535551,0.10540013626746764
-0.11517461296593369,0.004203268897680967,-0.0672938883298317,0.14282406913888093,-0.017521169622805935,0.005138526049525506,0.04099716039132033
-0.27403134075520086,0.0424764828247135,-0.09402928315148161,0.35384530821666216,-0.013322102534191485,0.004193946170512948,-0.017890054752282197
-0.4164387491219266,0.0771982100804112,-0.11755953486833677,0.544204332259882,-0.00929724244846368,0.0032741377653085144,-0.0718022014088839
-0.5440665719306708,0.10871908918981786,-0.13821003185544,0.7159809427370829,-0.005433380448646288,0.002378063530912855,-0.12122645935202989
-0.6584171288946036,0.1373548628754585,-0.15627345571308626,0.8710470176313273,-0.0017184560823846756,0.0015048412740330391,-0.16660180747033537
-0.7608420908622904,0.16338986531576521,-0.17201305653487003,1.0110873159354952,0.0018585487426641123,0.0006536999725785114,-0.20832382760258678
-0.8525575678585734,0.18708015961895408,-0.18566560031666374,1.137618201349382,0.0053077066328822975,-0.00017605046759534143,-0.24674902910757807
-0.9346576882192412,0.2087330098889867,-0.1974527337588367,1.25201138737354,0.008583238874033089,-0.0015468794780249193,-0.2821434407746522
-1.0081268178795852,0.22839891373449964,-0.20754752451068076,1.3554795666426704,0.011805935243904192,-0.0022979178954143573,-0.3149105163443654
-1.0738505586386307,0.2463460770735515,-0.21613198207397405,1.4491375317312643,0.014925700844053896,-0.003033721625900203,-0.34525259659342844
-1.1248958917588059,0.24944576333337365,-0.20397933739349133,1.5095388155753666,0.05039180666214853,0.1571200371940844,-0.43124168261830387
-1.1756989096092434,0.2580780431553101,-0.205069516476342,1.5826969581385848,0.055816345238728124,0.2252418232280671,-0.4925444116812282
-1.224963599561257,0.28502755786319267,-0.2177188530615437,1.651917995169229,0.07433552427791207,0.09283455072283908,-0.473484797565928
-1.2679192412989364,0.3007667823338884,-0.22473081953343382,1.7169228994302794,0.07888059018217343,0.05982055001772073,-0.4962275189675843
-1.3037999467010049,0.29415609714320046,-0.22157972346464205,1.7780195181770955,0.06401634043800197,0.23358690992210107,-0.6190581406658027
-1.3383230819565486,0.30588801713760877,-0.2267632073286133,1.8325442815385387,0.06825317773138259,0.21819777349825786,-0.6497985929632409
-1.3692235508863104,0.31697007762157037,-0.23111952804712138,1.8830400344627503,0.07033478607638516,0.1986133477739863,-0.6690603537489961
-1.3968927763764973,0.32838868715692515,-0.2349678703614729,1.929465620563412,0.0732106173054147,0.17173958041078408,-0.6875000228320362
-1.422445217877851,0.3379178980388166,-0.23982857979081493,1.9738663068858155,0.07391261006252126,0.1473052796175603,-0.700818331522421
-1.4452759354223772,0.34789617941442696,-0.24387576303849245,2.0150987420217956,0.07356543012308991,0.11459362374718149,-0.7040639136614706
-1.465443331206489,0.3569848196978126,-0.2467194167349328,2.052732873357737,0.0746745880443904,0.09007683738645014,-0.7226002112236815
-1.4832045876816702,0.3662564799314987,-0.24808769219096516,2.0872725090341,0.07260074636948766,0.0614742881833074,-0.7248615948765521
-1.4989301834073618,0.3749793697361936,-0.24780465223600862,2.119651230195772,0.062226293954898926,0.025333395269435316,-0.6707991752933457
-1.5135410931376385,0.383358666924378,-0.24905038926530215,2.150310166274136,0.058033030661622076,-0.005757161231744301,-0.6665146140260981
-1.5258365485271106,0.3920382208550471,-0.24794585625395935,2.1768594336373215,0.05622121219301421,-0.0341612577483699,-0.6586841393549403
-1.536641099136862,0.39998617231020456,-0.24598737404395837,2.2009833683378144,0.05454680502150158,-0.05564474790836848,-0.6589562639053269
-1.5469358774986621,0.40581391341255385,-0.24488083620578027,2.2246771638862683,0.050231800604123106,-0.07018697477604455,-0.6539153734083517
-1.5554499095310765,0.4118239548234876,-0.24194233967581177,2.2448556656357175,0.050516917253348434,-0.07948139735495882,-0.6590645357009227
-1.5635509761234268,0.4162160391035015,-0.23968733360828892,2.2646567616516773,0.04958357101644423,-0.08463771214115537,-0.65682950369104
-1.570352291185644,0.4208038103096128,-0.2361915271873797,2.282023240561224,0.05151807023556172,-0.08659083198857101,-0.6645205062158597
-1.576504864287254,0.42478448644975303,-0.2325513119268644,2.2985339426944096,0.0533202264745956,-0.08657634436479325,-0.6707849698026955
-1.5823538785135076,0.42776180664879776,-0.22941889844334806,2.3149102399844987,0.05543169405397372,-0.08473905830239359,-0.6750524917093331
-1.5875117306407063,0.43014569905910505,-0.22643299463867989,2.3302837199668613,0.06786874861028928,-0.08384698402108581,-0.6900369351141742
-1.5922032581022885,0.43530923787032855,-0.2224059264391106,2.343941700168346,0.06606033290271479,-0.08800079914435072,-0.7077185455245558
-1.5966446658970193,0.4395239232995632,-0.21810820247163024,2.3578240017805907,0.058283809026212025,-0.08946860067339332,-0.708575493850054
-1.600576620846196,0.44460492851113087,-0.21385632996165815,2.3706808597842373,0.05662931272250174,-0.10021881734242016,-0.7044965394156983
-1.6040944173335194,0.4470863412231713,-0.20929873867257973,2.3832184846954254,0.060640727183874185,-0.0929420734072964,-0.7172156769712188
-1.607513373925804,0.4492337254925824,-0.2048150160273201,2.395823113391101,0.06264782887798913,-0.0854452673098687,-0.7278172368538194
-1.6109200623483704,0.45082781582245735,-0.2000019743267985,2.4091443193304047,0.06249523544141189,-0.076586475916703,-0.7334936441360497
-1.6139875895213986,0.4529582489482664,-0.1954152104630155,2.4212389605102294,0.06549185319450927,-0.07141388194884678,-0.7428488765879362
-1.617013991057378,0.45481094745593553,-0.1908547662041522,2.433430256972375,0.06719081483388632,-0.06576063116522349,-0.7503615982142751
-1.6199194129628531,0.4569848164213184,-0.18627503194845796,2.445554301897137,0.06999223508716013,-0.06426033051871131,-0.7559968611778939
-1.6228892799532104,0.45895073110099305,-0.18172672483796581,2.457585603486335,0.07182415378538833,-0.06060851410367578,-0.762934534141902
-1.6259223180347957,0.46079059288407254,-0.17751342648970955,2.469846835245123,0.07677651078602808,-0.06073751422047853,-0.7616103818054039
-1.6274371036567872,0.471852966131903,-0.17049320101723575,2.4762668854026826,0.07726187595567667,-0.09430637777873435,-0.7529617521097688
-1.6306933030634427,0.4722869284847854,-0.16605050669335586,2.489049426447973,0.07488638073381959,-0.08005501640459753,-0.7737241900942431
-1.6340216305298583,0.4730426957308926,-0.16177033372602914,2.5018561909334673,0.07404121931997984,-0.07048369351555799,-0.7887833275659186
-1.6373704257914052,0.4740906450537161,-0.1574986921880379,2.5145055778723804,0.07490662347763508,-0.06335954143815781,-0.8014019685633104
-1.6407966587901852,0.4753714272337086,-0.15324331480305775,2.527134903179125,0.07596695739751781,-0.057699024561560876,-0.8129332631010737
-1.6443009525273855,0.4768575542555724,-0.14898626324131425,2.5397438416590514,0.07769619978460635,-0.053278361705679234,-0.8234892554317053
-1.6483065142898439,0.4769042970575238,-0.14681932769668818,2.552879343196116,0.09723430437662141,-0.04008201110225405,-0.8647705687011018
-1.6518949285189175,0.4790680892571095,-0.14221032322925287,2.5650070597087926,0.09945301218002832,-0.035455425125048394,-0.8752997852181389
-1.6552327760490786,0.4817612847633336,-0.13654657700398318,2.5776999775219407,0.099075071005663,-0.04079850058146232,-0.8689259461803035
-1.6598393721933653,0.48022187015531187,-0.13248862837810904,2.593205092046384,0.09042144363929505,-0.04245160861680857,-0.8431653654140925
-1.495201127413904,0.42941898457940786,-0.12144707289707729,2.335502286435481,0.06834622693528092,-0.026417138914239212,-0.7467199589275187
-1.3455920484621262,0.38608493580572567,-0.1099139467761851,2.101939513029338,0.07098030057967994,-0.014688267999157914,-0.6962162352254364
-1.2113618291034292,0.3466538187209246,-0.09929946110939382,1.8924057006771056,0.05784816704020759,-0.01736742956828239,-0.6075021887079979
-1.0895500136018303,0.31380743631912666,-0.08779097031953942,1.7028225472353855,0.05258917536754909,-0.03390764194446371,-0.5311456497971598
-0.9806903934086767,0.2818918401794927,-0.07942581122905362,1.5325809867642148,0.05073790803065682,-0.024485892504550355,-0.4859529665875176
-0.8825136875076646,0.25363909260095874,-0.07131721259908648,1.3791593930978836,0.048538625851773806,-0.024323291945396196,-0.4336792620671889
-0.795386760533617,0.22531992354837896,-0.06724547321529635,1.2427300294908388,0.04514262149173641,0.002765231412486649,-0.41720738359877385
-0.7161718558008918,0.20208648889812086,-0.0609308659860849,1.1193637248030812,0.034417441652069086,-0.004004238242965322,-0.3572567577296426
-0.643088787893457,0.1847073592212713,-0.05193490501190455,1.0054672259506465,0.040984619119249666,-0.013158885916211824,-0.3253827763591358
-0.5786286459255623,0.16646739797810317,-0.04643850641583805,0.9045308759682927,0.03914334850086078,-0.012770402068718587,-0.2939801999569408
-0.520676019695228,0.1500124730181709,-0.041575779829183986,0.8138531830320065,0.03637999653082809,-0.012777234744682918,-0.2641243804291714
-0.46848396246618035,0.1352894005772548,-0.037123146507522284,0.7321593727838037,0.03420173050977185,-0.013256583152387688,-0.23698121642312048
-0.42151269817142367,0.12207280684937656,-0.033107672039878897,0.658647570766978,0.03194784672550838,-0.013932183021470076,-0.21206074073821501
-0.37894242402076955,0.11086259405675201,-0.028833100168198428,0.5918357453765469,0.03198951131860912,-0.017463008325491067,-0.18930695557634153
-0.3411244785129913,0.09976004505669694,-0.02602767960527215,0.5327982962772881,0.027624726681633488,-0.016796972370764163,-0.1670989019100957
-0.3069106631945386,0.08997810226508614,-0.02332777453843888,0.4793268356249303,0.026956249017736245,-0.01388828776668212,-0.15329554191340056
-0.27624711561975446,0.08085151549149032,-0.021143371982058363,0.43143269246516097,0.02527231799158082,-0.010575119918557203,-0.14020432364162666
-0.2486603307049262,0.07243122217016067,-0.019331877624723534,0.38838722474252496,0.025906189995381607,-0.009063270503362482,-0.13049183587256385
-0.22370728095908532,0.06525525261258625,-0.017276471983359104,0.3494064645657564,0.024485805423447485,-0.0079611517297844,-0.11853518341325914
-0.20124787359830315,0.059046520558779736,-0.015147538941570098,0.3142631454968562,0.019689668599113933,-0.00878235690623242,-0.10193162939053947
-0.1812166758021131,0.05294481165371048,-0.013757967364714659,0.2829624516438029,0.015105296106574018,-0.003204867126606878,-0.09538123192363351
-0.16325801381712557,0.04708213768543676,-0.01289673336514469,0.2548803210218726,0.013574472262449969,0.004941216047089955,-0.0964208250045505
-0.14740054614860149,0.041177670093965835,-0.01271314873664945,0.2301636001414121,0.010537845988043346,0.013698382631745755,-0.0880808030721984
-0.13246604245025942,0.03717780027754651,-0.011088661255805432,0.20655628184646432,0.010233152551330005,0.017327325229681508,-0.0885761785846335
-0.11888952950166083,0.034445167408698685,-0.00871624341890747,0.18565989766508276,0.003956200912891561,-0.0007244526676427748,-0.06244952898110541
-0.10724718369499167,0.030628775080132037,-0.008444125053509815,0.16747686554877486,0.00031709677796827596,0.01056966129721527,-0.06946957273891577
-0.09708549897322716,0.025976627176035882,-0.009092959363061138,0.15114121782704606,-0.003971606137568667,0.04015224607109226,-0.09501213823724665
-0.08703346393238762,0.02363371539102753,-0.007777790109457271,0.13578374680414484,0.013983477918932175,-0.002703704166092405,-0.04470872741062791
-0.07823971572523818,0.021119823823418607,-0.006801003325293898,0.12213543576971747,0.013860387162331192,-0.002042236576808125,-0.03935917694840403
-0.07059197250814964,0.01800378206952602,-0.0064718743050719285,0.11014423940019391,0.009066662678874085,0.012095637614568895,-0.047381223584669674
-0.06351107881460187,0.015494417596026239,-0.005637588486174664,0.09941129539151755,0.0074659102351117695,0.014451082507717518,-0.04184134694997404
-0.057213332767094845,0.013234556219404586,-0.005056432934388245,0.0895901423073948,0.003366549722678705,0.024275118327102205,-0.04604402823032633
-0.05157627244821922,0.011191170460259345,-0.004551787242245104,0.08079342357297696,-0.00208844121284002,0.036019121536553754,-0.05295070271573339
-0.04676590250377152,0.009970867964480698,-0.004972925519338093,0.07359771192025805,-0.015303954777009396,0.06412138949306058,-0.09059380987939414
-0.041801838903676745,0.010959695638592545,-0.0032473804927916974,0.06505464252094881,-0.015401417224658223,0.028194252953257254,-0.04932360050324364
-0.03748388779232896,0.010877364413389976,-0.0024206178947712882,0.05835118547679839,-0.015182469741168547,0.017980185521699485,-0.04405332452530504
-0.03408685584213208,0.0031129622208526664,-0.002738268381298049,0.05364791030140574,-0.007345978203388587,0.05993437206906881,-0.059956225332045504
-0.030911312567780513,0.003074795164777072,-0.0038434178634649697,0.04799014051104324,-0.0035607004829045497,0.07242265562917956,-0.09595131576812344
-0.026342877058430178,0.011824835350053325,0.0008981027050848928,0.03968510307194231,-0.006645947130666616,-0.021086144973417972,-0.0014711283806421033
-0.02419349819088279,0.009829050310015505,-0.0004926072720737307,0.037101014429184995,-0.009135993433534856,-0.007748713912775821,-0.01673520217573534
-0.021987975339505826,0.0056313926865731445,-0.0018772860870723534,0.034052433574854185,0.003122739772330435,0.03114268682610741,-0.05636042911992369
-0.020482960684468338,-0.0006510170081172328,-0.003173236116438674,0.029861851560998437,0.002926037404311882,0.09391619639031007,-0.1083632239876457
-0.017491802129923902,0.007111346649607331,-0.00021825641944329954,0.025413088974213245,0.0003578336786161096,0.0024443841997216498,-0.032991092508549605
-0.015438277320562833,0.007727179668153034,0.000550480970771013,0.022609442868604102,0.0018446800210856484,-0.009344848562064023,-0.02208867678846243
-0.014784605587250185,0.002712406916066723,-0.0024257817923387937,0.021850751922391016,0.004803071471347342,0.056508405983662295,-0.1037716942443545
-0.013460558583511861,0.0015388395766563479,-0.0026644394273604693,0.0184009993092474,0.009176115596368786,0.06133613279281726,-0.11281446502703855
-0.009810807848514323,0.005717807576013367,0.002232546836953871,0.014336301651719542,0.03926262621177018,-0.03458572674331922,0.0439885507296046
-0.008749907037088125,0.006650986736723374,0.002011311151547934,0.012603788901277169,0.03711393426443273,-0.029611868497366023,0.03603352124421205
-0.010232908748735402,-0.004372992802254533,-0.006824144307634287,0.013536155217908907,0.0716863693881781,0.057780537439223005,-0.05761923927723804
-0.008994214669656511,-0.006983388086138548,-0.006271975702703729,0.01159376479797674,0.07749161986033365,0.07441991990789364,-0.0678163437946762
-0.006202831543547126,0.000678148683507962,0.0017665706643490708,0.006376499808261136,0.04141209176745067,0.023286896630110923,-0.006259092841182513
-0.007552708073273068,-0.008450981786693124,-0.005520015795635158,0.00825271678875467,0.066452040358214,0.09362408448210364,-0.08497894361457053
-0.006191676866212351,-0.008910797303990567,-0.0032926976186046005,0.004525910135938321,0.06933875636290188,0.0975075949527453,-0.06873632345309756
-0.00550221495870516,-0.010967088921392143,-0.002815829684520734,0.0014782990331630268,0.07551375369685209,0.11720857333821215,-0.07136393568125171
-0.005192036734630779,-0.015062514878485714,-0.0031447548627143006,-0.0017983753185272823,0.08563960212504218,0.1515857370828298,-0.08669494404462755
-0.0032962029764495695,-0.0027763229514132515,0.006748467991508121,-0.011230571614819319,0.024261559225442375,0.1015363427159404,-0.08514997763625337
-0.004712619695637126,-0.011821049605880637,0.0027898224642361677,-0.012885212739650865,0.0341573927151802,0.17375092599134045,-0.18795107022764845
-0.004088490959070643,-0.01560313919935749,0.004262304874238235,-0.018998396366675337,0.048764791729347,0.19779650023604872,-0.16806242092158297
-0.0023764359746940387,-0.019682135933036568,0.010171871392324613,-0.02798985843969893,0.0648132046603476,0.2304307157615077,-0.11898025247061719
-0.00023322798764508477,-0.018128905810710888,0.013346141376097482,-0.03523178308783227,0.1026118469805929,0.2079160284412187,0.07993091781054293
-0.0013680795261760954,-0.028422379388552868,0.0120748035768064,-0.03767906104746678,0.10733995134655969,0.28630846309455804,-0.006616571538253513
-0.0012914364624279058,-0.03188643113789787,0.012713787359682236,-0.042786916372586366,0.11575695011738779,0.3088007930181761,0.012228009198992014
-0.0010876396188484831,-0.04006051132183358,0.015141997464725419,-0.05130762906294273,0.13361601755502722,0.3664539600148397,0.03646280862506084
0.003698966661006993,-0.011395811195469147,0.030347890962922376,-0.04948461247639086,0.06427445674506133,0.16683900974130728,0.25767235960873464
0.0003726955559116944,-0.022526458893621593,0.020592559473487704,-0.04561514985729917,0.0804350437792564,0.2560139597572467,0.11444020233892924
0.0004168634561690051,-0.01651700003170381,0.0184887587595108,-0.038493610877979915,0.06470713134374198,0.20971826620540646,0.11009033344964275
-0.005403828827928052,-0.026837712001815506,-0.003633500322552788,-0.03106621068369042,0.09767331756894528,0.2914793078837444,-0.12018292995497996
0.00048739109193199045,-0.0031388762539117654,0.01410817089483338,-0.02957752784852167,0.03530503734236112,0.09726710075117295,0.13650297131155373
0.0005927333108808337,-0.021739221310184437,0.017387807537365227,-0.03164210550071786,0.05649992737447106,0.19321429559439568,0.14955702578136076
0.0008795224729369591,-0.023007836426604908,0.01739893972139763,-0.031676977078412494,0.05763520119188166,0.19363394356639815,0.14022012407306828
0.0008907857656398383,-0.021653744869215313,0.015515875603644893,-0.030860532645186414,0.06152476573832065,0.18366272606275916,0.14580077383146384
0.0010928909219238858,-0.0173971658508357,0.014909587868134427,-0.02777839204798436,0.048848337007271425,0.1516857312387162,0.12855471647607092
0.000966433335932312,-0.0148174961903704,0.014343356653348151,-0.02197830441449823,0.029159335935988323,0.1300898258858035,0.06915978237730769
-0.0003006054955886151,-0.013812318981322458,0.007795603309261597,-0.01718865976315858,0.035882898201395716,0.12793167976910644,0.045266626909275035
0.00029117003113573667,-0.010573713777799587,0.0085748092671562,-0.015802750986787857,0.029476622051648693,0.10016680257513128,0.06700846398141089
0.00045693628654016444,-0.008440015282415336,0.008953673727215854,-0.01241466053301788,0.015053071159044917,0.08060475631926577,0.03541874279401142
6.705832918501827e-05,-0.008875198241600352,0.006390339283227232,-0.011371197865105761,0.024112555058332624,0.08737495801999981,0.04447415082345828
0.0006753790628543721,-0.003189731937629753,0.007499671889109497,-0.008713619029516083,0.006436547587854252,0.04099478277886778,0.04552558895169724
-0.00016549621702442036,-0.004168380899480448,0.0034215275321589217,-0.006973742449033253,0.017218501291444463,0.053965651758596134,0.03914965064687781
0.0001459231403181107,-0.0025861381824947016,0.004634273617206405,-0.004514517290326814,0.0021096296975636197,0.03426713349387837,0.010715539324243278
-8.002032171010873e-05,-0.0016088284065607084,0.0024498828732046306,-0.005428043906362777,0.012178496270806305,0.02927653371213238,0.04643448023373389
-3.977667617527164e-05,-0.001519136198928489,0.0023283545473706292,-0.005201171276176714,0.011349566264842154,0.02581608403958465,0.04646206373718262
0.00013375038700794433,-0.003359608064882433,0.00338787851718419,-0.005233169086616023,0.010393570838590924,0.03706003691457416,0.02971056912781107
0.0002068362775863922,-0.0018961289397922965,0.003817862739096494,-0.0029243863966937067,-0.001769780130990703,0.022760987716477422,-0.0013945220198064504
-0.0001836169356238134,-0.0019241554115681236,0.001518076849596598,-0.0031888568042676806,0.0075116167546916135,0.026032300222592418,0.01729113212183489
-0.000105818401265694,-4.734398808919904e-05,0.0009166837468355324,-0.0026944750751118386,0.007167595689907311,0.012229310201309837,0.032834632588016555
-4.5947735942058554e-05,-0.0007024520614592328,0.0012161159776646648,-0.002849603520802692,0.007014997761605649,0.015642700755682415,0.026454904575142928
9.41462368041076e-05,-0.0016036958556227,0.0019565932184529636,-0.0027144500242759634,0.005618421819504921,0.020573414862148365,0.01759439105689785
0.00023277307415496876,-0.00022824618797118168,0.002607617397176165,-0.0008622097114720437,-0.005018774586796171,0.005977370032009342,-0.0016054118007504913
6.284761390234865e-05,-0.001979678183817793,0.0017467705697736882,-0.0032201365575657385,0.00974039128883293,0.02925044642029848,0.01838727642683697
0.00034328014955954927,0.0015964330132460791,0.0025174107428415637,-0.0005379478623282405,-0.007928608874866322,-0.006835729649557101,0.004929505497151794
-3.1755966736940564e-05,-0.001173111663308135,0.0011205472595140487,-0.0023897955631727273,0.008491387888939508,0.02571188683746268,0.011463314278522575
0.00026059601238746354,0.005668890723166536,0.0006807961000488069,-0.0007766197735397523,-0.005455918886231453,-0.03293114861303406,0.04566818604813757
-0.000576118564898761,-0.00038198757896694413,-0.0013632193500458176,0.0008339591791768249,0.0027886420525062294,0.015055997721052884,-0.023056120729208485
0.00027683300204545797,0.0022663063220725033,0.0011478603125984494,-0.0009395755939832148,0.0032244953298721513,0.000872078413849689,0.0282382196802399
-0.0002216268413616513,0.002087608412232461,-0.00015369852183529792,0.0022074052043072265,-0.009535728632990015,-0.012047423258831201,-0.018527408540819232
-0.0003724452895875097,0.0009853562958602735,-0.0012594998298345109,0.0006898993961861472,0.0006546587473807569,0.0010515619256568944,-0.011356741744461066
-0.0003111271481846781,0.00048116373604860374,-0.0009650067921255067,0.0003172820953395751,0.0013717960015703357,0.0029351612467539284,-0.007499796617516596
0.00018089000556741346,0.000755165771745045,0.0005565477669628952,-0.0009476806883544388,0.004102233636699454,-0.0004037462121037824,0.03045525866644717
-0.00018150013883046212,0.0005593474029213369,-0.000585518141164313,-0.00024146834724145944,0.0010066276047459993,-0.0007930792911820805,2.8170044774053493e-05
0.00031243002530095864,-0.00029755901122786865,0.0014867558991850365,-0.001850694596438971,0.004605201349791629,0.009097062606836875,0.020900653062553592
-0.00019969220209486516,0.000575480205868284,-0.0006527446392034231,-0.0001474816142392546,0.0005013600788212197,-0.001444346524746995,-0.001644437392991329
0.00012365838145160794,-0.0004901639030867183,0.00069767177595274,-0.0009315538556102197,0.0030203106675003727,0.006294501171550955,0.012254475205521854
0.00037896002278970786,0.004460237034022263,0.0005864996977675389,-0.00020772668585599882,-0.004901892217558754,-0.03310096972927136,0.043634278271487
-0.0002630228435643936,0.00027322878272190154,-0.0008326680574247056,0.0016885071041841636,-0.001346082384075381,-0.0005769521970489869,-0.009875246877331774
-0.00021280348191043486,-0.0009811322566333491,0.0002785110254238301,0.002795762708747134,-0.010208753325390993,0.004196604910028635,-0.04965430575476606
-0.00013364488343208642,-0.0011437985947219953,0.00039836696150902066,0.0019043967215171959,-0.007399734403216979,0.005098064310809336,-0.037652798701367986
-0.00022589463197038415,-0.0005528348339226552,-0.0008208181556357622,-8.668125811389649e-05,0.0028413618847493716,0.006014512900128451,-0.006855614561723986
-0.00019939638917910985,-0.0004517385418213171,-0.0007286924523245957,-0.00015505005563109728,0.0026597834418048694,0.005092246976762881,-0.004771417205714392
-8.170806419980432e-05,0.0003682266549764057,-0.0006615632761654763,-0.0003960863388660918,0.0033911717872079777,-0.002809632758269634,0.017218931062233815
0.00041683340818388917,-0.0007905881209140514,0.0017365733532841675,-0.002300559505328443,0.005766890633465166,0.01067184307781209,0.02440905276754584
5.6062871044281794e-05,-0.00035920461615196464,0.0009737475832619254,0.0006447991036017259,-0.007030772072948166,-0.00010731212335107071,-0.022849610461278057
-0.00011302278134754954,-0.0005656838227021121,-0.00037364602887825574,-0.00016624507385486556,0.0022605074039998008,0.0036772366685645028,0.0033948165587801456
0.00035352982074949137,-8.411079431672186e-05,0.00126857474378397,-0.0016614189108818747,0.004632737235550702,0.006019681232697645,0.022385377501108673
-3.844284289040902e-06,-0.00016844079558581138,0.0006861411401075448,0.0008254468864581227,-0.007135324868066159,-0.001066352221518678,-0.02459569296196197
-0.00014520207590597452,-0.0002649250064428177,-0.0006105076118876826,0.00010299122169979066,0.0019146861736878545,0.0016639723541418266,0.0028516684774531863
0.0003203697289164175,-3.124902705209376e-05,0.0011017922993960174,-0.0015713155698214507,0.004673432070036898,0.005543812349408803,0.021763614902576247
-3.2841431339217415e-05,-0.0001268282560314138,0.0005440312038725546,0.000875452491223859,-0.007042838710911936,-0.0014132349997916169,-0.024961333390315164
-0.0001615984493138021,-0.00018028805319711405,-0.0007265586163199521,0.0001837755464815828,0.0019084595888185646,0.0008890942195969032,0.0030367209630971503
0.0003058796411627134,-4.079088638175854e-05,0.001022485905511114,-0.0015679245614123247,0.0048226180408450225,0.005400905655783501,0.02191660533906594
-0.00025839000591370035,0.0006045199112374167,-0.0012201159246611748,0.00015574326658967033,0.00098089273818866,-0.0032369164225925784,-0.0034812352079376906
0.0002731328513455322,-0.00023078247787612638,0.0010132459287269784,-0.0015886908655946101,0.004600259799195455,0.00642854170212637,0.01956663150999771
-0.0002172391985166863,0.0007800754811182198,-0.00104590221004092,0.00014391057255214168,0.00020425821818340073,-0.0049895437842714455,-0.0017934208288732205
9.28393957000226e-05,-0.0004486062737784624,0.0003357644338363025,-0.000722639912038317,0.0030116394488754333,0.004389355337283126,0.010912788301973026
0.0003019142917342699,0.004252302377166839,0.00015973423372648773,-3.637785623093401e-05,-0.004731654326283544,-0.03297022691799008,0.03928362852125747
-0.00032983588502196815,-5.9182497529161604e-05,-0.001271600156103933,0.001757711784716058,-0.0006957573876671952,-3.8478602725870725e-05,-0.011633431816006005
-0.000357051041522953,0.000123125153569964,-0.0014733860462782834,0.0016616284450498599,-0.0008081600590372079,0.002303490449276774,-0.025767720675002055
-0.00018341762597251596,-0.000761568344188196,0.00017556781056702296,0.0025834277697487674,-0.010007157515854778,0.0010942724544635365,-0.045182758250022714
-0.0002498982300441269,2.5694987383334533e-05,-0.0011354099650879648,0.0006957021087167364,0.0009823224378823214,0.0015878815891437748,-0.01204124414954888
-0.00021212888377953156,5.1131415235661226e-05,-0.0009867638775045914,0.0004995598656321112,0.0010238274752266407,0.0009328237473931675,-0.008825007768870775
-0.0001749358312720076,-0.00021787313113480478,-0.0007583896884756688,0.00012229269710888405,0.0015283186816761052,0.0021098691866298716,-0.005551566482853184
-5.098597043756161e-05,0.0003495468161923143,-0.0005978593964698006,-0.00031621588499861075,0.002687685603918785,-0.004348686012979393,0.01707755294885263
0.00045219535744939047,-0.0009446349375116653,0.0018582168885221718,-0.0023750316521311404,0.005445326209361459,0.010174864213935302,0.02474092678988447
-0.00012319512154113045,0.00019902429979171132,-0.0005905364255066013,-0.00020945999894936979,0.0006957753617791995,-0.0019574914986618397,-0.0008876862459639631
0.0003774903592048285,-0.0005727267767338395,0.0015296843985486922,-0.0018922569048868097,0.004330974340540597,0.007845761700136969,0.02080742507072634
-0.0001466261886355455,0.0003311321492871777,-0.0006350920696861877,-0.00015144014199390543,0.00019813688383488182,-0.0026378307984796373,-0.0020176547272775618
0.0001696768494934926,-0.0007049239542966934,0.0007134864596457843,-0.0009462990910060129,0.00276066040466566,0.005319404569570897,0.011771917918322076
0.0004189097033265041,0.004269834656971172,0.0005757699782865978,-0.00019291559338937073,-0.005051855625354484,-0.03406525884496889,0.04344194697061442
-0.00023910254444606304,7.387785433608796e-05,-0.0008570847662125493,0.0016988709577212407,-0.0015532200089595077,-0.0010987904969362201,-0.011062857364593531
-0.00018248974756340623,-0.0011353655170912857,0.0002831923416139852,0.002775373117083736,-0.01039842409553747,0.0035200801465321285,-0.05013791574081869
-0.00010702384408558586,-0.001286212399134956,0.000402366229432927,0.001886455653070298,-0.007568295619228005,0.0045334505818616505,-0.03815468737124292
-0.00020188024898607567,-0.0006674194110704856,-0.0008219034090372369,-8.768065780309295e-05,0.002661549057036458,0.005415826179697769,-0.007333976836053174
-0.0001776879677904998,-0.0005565423395871572,-0.0007290175442227365,-0.00015776909833195574,0.0025013657113673593,0.004562676504019932,-0.005200014862701947
-6.204301603181359e-05,0.0002707140291742516,-0.0006606205088470606,-0.00040051659658446245,0.0032514223842944334,-0.0032707887417418244,0.016831871292779178
0.0004356598262776426,-0.0008721645069609263,0.0017415403762906494,-0.00230864768831714,0.005631018813092789,0.010215802429882282,0.024117601269389364
6.633906520375288e-05,-0.00047537986545387323,0.0009625123066586069,0.0006323843133351284,-0.0070775717507904345,-0.0002089570179462305,-0.023432759519025043
-9.672493622710568e-05,-0.0006413806516074871,-0.0003653674494422422,-0.00018719911475650192,0.0021805017295023904,0.0033284453182804777,0.003318967692728693
0.0003683135875861582,-0.000178959203823853,0.0012839802962236642,-0.001699036261562651,0.004607907947347792,0.005889822453585165,0.022296306246901657
1.0977635317423358e-05,-0.0002461225478998519,0.0007043108817172093,0.0007923001155843434,-0.007175109873111457,-0.0012487202631957725,-0.02459280640793621
-0.000133613870464762,-0.0003421158104801314,-0.0005995073855245073,7.813665248449647e-05,0.0018863781359160642,0.0015544349862027726,0.0027485457253124575
0.0003311208558904059,-9.871555109072783e-05,0.0011125409278141003,-0.001595175287986847,0.00464863760799529,0.005442432665238438,0.02167103875951388
-2.3073925666121202e-05,-0.0001861176343086468,0.0005531898568117144,0.0008566828426928227,-0.007071500444321838,-0.0015272718955374326,-0.025033792635316257
-0.0001530259747570858,-0.00023560834390382035,-0.0007187462987440531,0.0001663213506627667,0.0018854303284383533,0.0007967325213582288,0.002966648262203213
0.0003139212254023808,-9.012595083671138e-05,0.001030732072740629,-0.0015853586556390138,0.0048046186637784455,0.005324799026019927,0.021853269657788457
-0.00025046832819170493,0.0005650825958600503,-0.0012115680758717946,0.00014262114019586436,0.0009522629589150539,-0.0033532614559390744,-0.0034911791368682082
0.00027937539729974096,-0.00026878995478413215,0.0010186846345515508,-0.001599331723957962,0.004579037706480674,0.006360016074319311,0.019482135823860745
-0.00021203303131839529,0.0007453827927555445,-0.0010431945049285372,0.00013737906195825794,0.00018282802883391736,-0.005059011785468144,-0.0018799859305569135
9.791846541282677e-05,-0.00047912747539190226,0.0003396111144541615,-0.0007307773209617174,0.002993753273720437,0.004323988295119721,0.010852321924074787
0.0003074112185762008,0.004230330078816319,0.00016497895238971882,-4.239199360644291e-05,-0.004756632260942584,-0.033077037288603416,0.039293166615438635
-0.000326161015279108,-8.487781238888936e-05,-0.001269326972358039,0.001753073913384303,-0.0007132193856620173,-7.92113339655072e-05,-0.011725408879942868
-0.0003538695257293018,0.0001037174422412468,-0.0014732651770526725,0.001661376847078476,-0.0008305906764572296,0.0022430907065330297,-0.02586474123481802
-0.00018054010011120587,-0.0007778163486930473,0.00017542210766526706,0.0025832422992365066,-0.010028594038987274,0.001032320159216546,-0.04526995532127502
-0.0002472646441015083,1.2870116644803087e-05,-0.0011360638052873955,0.0006971460855203226,0.0009595717039713458,0.0015188885324228033,-0.012118496427722295
-0.00020971677963501668,3.907255153051681e-05,-0.0009871119059668594,0.0005003281816226453,0.0010042825923304993,0.0008728667544609381,-0.008891863975962564
-0.00017272773490479144,-0.0002293617645375834,-0.0007584342218823013,0.00012239547888303823,0.0015118374690856334,0.0020589538384789413,-0.005609253479468623
-4.896506970667705e-05,0.00033855002164426273,-0.0005976331180979726,-0.00031667988715153306,0.0026739085150391806,-0.004391209044424478,0.017027566063816592
0.000454027358240991,-0.000955294350731592,0.0018587688765417144,-0.002376403979902561,0.0054346683242808835,0.010143182926702025,0.024694056047758033
-0.0001215801841518544,0.00018910509039241075,-0.0005901325900054995,-0.00021063466322140262,0.0006863029443107127,-0.0019855694455704134,-0.0009288991718020903
0.00037899633506111464,-0.0005818052418669478,0.0015302982884903976,-0.0018937533713980909,0.004323169486787154,0.00782254916688226,0.020770330293340654
-0.0001452326173103577,0.0003232455294652492,-0.0006344997588268869,-0.00015257227582528982,0.00019021488710106726,-0.002662409403450805,-0.0020466217117528357
0.00017090712678482687,-0.000712300261284507,0.0007139911642303053,-0.0009473913312577006,0.0027541303869355743,0.005300049956285101,0.011742266247256876
0.00042004032435951776,0.004263448243065737,0.000576374000859331,-0.00019381658435145901,-0.0050595504737622615,-0.03408570669751426,0.04341583577643037
-0.00023808469324011153,6.745845479663726e-05,-0.0008565766113775124,0.0016977487207407854,-0.001557698507945099,-0.0011130437423547438,-0.011084153424783819
-0.00018153947019352418,-0.0011409930834493653,0.00028367097582732495,0.002774538241682334,-0.010402913326719318,0.0035049322664588503,-0.050155773729413704
-0.00010613583194545376,-0.0012914404902419907,0.0004029052423647518,0.0018855497160008249,-0.0075720342208940306,0.004519959944462207,-0.03816847818131813
-0.0002010767019672479,-0.0006729508405833862,-0.0008211307601031365,-8.929790538787091e-05,0.0026595821334497033,0.005408693909751322,-0.007344276074239223
-0.00017695566442019173,-0.0005618386972995049,-0.0007282054415743994,-0.00015946562440366518,0.0025001071016590853,0.004558028492155981,-0.0052084661767851335
-6.13748411335182e-05,0.0002658386331033935,-0.0006598476127996789,-0.0004022341153657495,0.003250792033867217,-0.0032742039351702987,0.016825547203879895
0.00043606820184068345,-0.0008783036127983646,0.0017419139421358861,-0.0023106940630212257,0.005633887766696419,0.01022672697474546,0.02409915447964739
6.749285779557865e-05,-0.00047628659058965295,0.0009647347031475871,0.0006308813826127468,-0.007083151611733396,-0.00023483042332776705,-0.023407803275988355
-9.63786722235219e-05,-0.0006451523599694808,-0.000365213131045275,-0.00018742198631633775,0.0021791402094609447,0.0033301929619904413,0.003297974167718893
0.00036865981082515975,-0.00018020523415032685,0.0012836889254133257,-0.001698139176635284,0.004603513815499699,0.005878546759044166,0.022278254713075023
1.116029586188498e-05,-0.00024769757354436983,0.0007035560554795942,0.000793486064681527,-0.0071785423046877295,-0.0012567845553223128,-0.024614788415461233
-0.00013332031741521448,-0.00034321536900855376,-0.0005997476463408709,7.865432875787254e-05,0.0018830702782647313,0.0015440053421436131,0.0027377345539996156
0.0003314100067116235,-9.986069098302797e-05,0.0011124720822569094,-0.0015949233691528591,0.004646176717339759,0.005435003993271334,0.021660928884229685
-2.2779756883660462e-05,-0.00018686465976716637,0.000553169049022216,0.0008571303051358864,-0.007074580915377993,-0.0015369288153704239,-0.025041031305115417
-0.00015283330698936124,-0.0002367160492346143,-0.0007189130684756434,0.0001666752028090454,0.0018833056555499494,0.0007914338726023804,0.0029561137790345623
0.00031411525833474336,-9.078242090113098e-05,0.0010305771270637948,-0.0015849407090714716,0.0048023612484413974,0.005318536889072391,0.021843767878243204
-0.0002502836818124312,0.0005646610163690113,-0.0012117376871330562,0.00014318610141159094,0.0009496832453472354,-0.003360880253547971,-0.0034985024979056235
