0.0,0.0,0.0,0.0,0.0,0.0,0.0
35.49970247266548,-9.431713465047263,-41.70668731617479,-22.12155963956566,-38.39078913813367,43.57260380085049,-50.61609301214426
31.949885456132556,-15.119769058008885,-37.53416208094807,-42.43668848302247,-34.55171022432031,39.21529757034793,-45.55583178098414
28.75593092059221,-17.616056162054356,-33.790653446193886,-53.472347002473704,-31.096539201888277,35.29368196866315,-40.99803422515775
25.87878013749949,-14.511338038361156,-30.406692948298023,-48.757550173624786,-27.98688528169945,31.76417827661211,-36.898606756876156
23.290857788679723,-11.712182339142743,-27.376921836485693,-43.88070223776506,-25.188196753529507,28.58761643306468,-33.20360836247721
20.962779604064448,-9.192414041773636,-24.64593524178098,-39.492180378452716,-22.66937707817656,25.729015124321123,-29.88114623731624
18.867088839332276,-6.663396973267549,-22.183028870976827,-35.5429556410646,-20.402439370358895,23.156232875269993,-26.892836106304614
16.98033251604806,-3.8611138875548177,-19.964071476591542,-31.988737034586826,-18.362195433323002,20.84060692117182,-24.203863909118404
15.280741926885872,-0.5516234122589281,-17.9637752099896,-28.78994493523929,-16.5260189848728,18.756546688179846,-21.783966697529433
13.752017481122177,3.470174219879714,-16.167303614746885,-25.910950441715375,-14.873494228621166,16.8811666831131,-19.605414538320694
12.374608430169744,8.368349355978749,-14.550383411225962,-23.319855397543833,-13.386330399849175,15.193826997856936,-17.64443982238038
11.127383679709997,14.261619100552908,-13.094903977781577,-20.98786985778945,-12.048198802594653,13.677208839616334,-15.878620105924346
9.964381576412004,21.22695776577919,-11.784998319292301,-18.889082872010505,-10.844349954805791,12.319944049155046,-14.286600374577766
8.747666849357241,29.349043965716433,-10.610751720852988,-17.00017458480945,-9.758815977366737,11.110517899354203,-12.850348000131964
7.42774816078583,38.58265515099035,-9.559619687724311,-15.300157126328507,-8.774428329437125,9.931177578995136,-11.561249338973193
3.294745067303001,39.489209576648534,-9.07263575774429,-13.766688899109267,-7.584905839247745,8.046601243769267,-10.367812930064972
7.003356528786185,35.47454990171368,-7.689254906481879,-12.39347252378473,-7.143150339240371,8.109084617632165,-9.383743313575977
6.493078094738741,31.925335780435628,-6.907383128483496,-11.154125271406262,-6.443051728196763,7.471890649819171,-8.451286168262044
5.750231894796577,28.73375678300438,-6.222985904848085,-10.038712744265636,-5.790799324142621,6.629830894979185,-7.602981796380404
5.161297857189725,25.860518590397536,-5.601376274626366,-9.034841469839067,-5.209174373496827,5.946763799669055,-6.842434796358716
4.643662563571588,23.274476251394407,-5.041277941948111,-8.13135732285516,-4.687792018992536,5.349295109155891,-6.15821587726656
4.179134203487131,20.947028575893903,-4.53715042476159,-7.318221590569639,-4.218938291839087,4.814000418619601,-5.542405365802245
3.7612027396499976,18.852325548313125,-4.083435022723522,-6.586399431512679,-3.7970331174258622,4.3325529129739735,-4.988167283100583
3.3850803133466463,16.967092949750953,-3.675091441833104,-5.9277594883614135,-3.417328062637435,3.8992912001442237,-4.4893510214880505
3.0465719993700775,15.270383645625968,-3.307582284364675,-5.334983539525275,-3.0755949743047246,3.5093611448074054,-4.040416006490823
2.7419147578956093,13.74334527919128,-2.9768240538054913,-4.801485185572748,-2.7680354274792465,3.1584248805183446,-3.6363744227948764
2.4677232752179528,12.369010750872615,-2.6791416480864214,-4.321336667015477,-2.4912318752249796,2.8425823657658706,-3.2727369840545975
2.2209509464046677,11.132109675693858,-2.411227483223061,-3.889203000313924,-2.242108685678277,2.558324123858888,-2.945463286452197
1.9988558514918422,10.018898708101828,-2.170104734890636,-3.5002827002825256,-2.017897816635756,2.3024917102665268,-2.650916958002791
1.7989702662800158,9.017008837285779,-1.9530942613970688,-3.1502544302542757,-1.816108034854722,2.0722425389099732,-2.38582526224847
1.6190732396389205,8.115307953555924,-1.7577848352518304,-2.8352289872288488,-1.634497231345606,1.865018284883876,-2.1472427360260653
1.4571659156763168,7.303777158200575,-1.5820063517188374,-2.551706088505963,-1.4710475082173813,1.6785164562951125,-1.932518462409116
1.3114493241158778,6.573399442381433,-1.4238057165366549,-2.296535479655372,-1.3239427574148397,1.5106648105586222,-1.7392666161445376
1.1803043917150717,5.916059498144611,-1.281425144870339,-2.066881931689832,-1.1915484816999515,1.3595983293790832,-1.565339954499846
1.0622739525570373,5.324453548331744,-1.1532826303686816,-1.8601937385208451,-1.0723936335614197,1.2236384963008422,-1.4088059590148487
0.9560465573168533,4.792008193500348,-1.0379543673157816,-1.674174364668762,-0.9651542702397395,1.1012746465179541,-1.2679253630752696
0.8604419016020558,4.312807374152184,-0.9341589305674364,-1.5067569282018842,-0.8686388432515015,0.9911471817069145,-1.1411328267283494
0.7743977114593774,3.8815266367388412,-0.8407430374939048,-1.3560812353817013,-0.781774958961737,0.8920324633771455,-1.0270195440165657
0.6969579403308743,3.4933739730667597,-0.756668733728375,-1.2204731118435355,-0.7035974630991546,0.8028292168868334,-0.9243175895779706
0.6272621463144565,3.1440365757617474,-0.6810018603406243,-1.098425800659179,-0.6332377168198433,0.7225462950574766,-0.8318858305865386
0.5645359316983416,2.829632918187043,-0.6129016742933293,-0.9885832205932632,-0.5699139451645928,0.650291665427197,-0.7486972474985203
0.5080823385420579,2.5466696263695834,-0.5516115068527567,-0.8897248985339345,-0.512922550670432,0.5852624987789631,-0.6738275227241937
0.45727410469933105,2.292002663733623,-0.49645035615840405,-0.8007524086805411,-0.46163029562098434,0.5267362488161271,-0.6064447704324831
0.4115466942386422,2.06280239736101,-0.44680532053569477,-0.720677167812486,-0.4154672660717643,0.4740626238705183,-0.5458002933751341
0.3703920248217619,1.8565221576254205,-0.40212478847740746,-0.648609451031234,-0.37392053947294374,0.426656361439822,-0.49122026402849756
0.33335282234437424,1.6708699418631663,-0.36191230962696597,-0.5837485059281065,-0.3365284855298334,0.3839907252712158,-0.44209823762111805
0.30001754011267445,1.5037829476769355,-0.32572107866338973,-0.5253736553352937,-0.30287563697730674,0.3455916527366491,-0.39788841385857127
0.27001578610229565,1.3534046529091488,-0.29314897079777635,-0.4728362898017622,-0.2725880732767999,0.3110324874705761,-0.35809957247581886
0.24301420749133287,1.2180641876179927,-0.2638340737200856,-0.4255526608215838,-0.24532926594363647,0.2799292387438721,-0.3222896152343127
0.21871278674009373,1.09625776885583,-0.23745066635128068,-0.3829973947394265,-0.22079633934159637,0.2519363149003233,-0.2900606537193705
0.1968415080628466,0.9866319919697839,-0.21370559972025213,-0.3446976552654882,-0.19871670539803896,0.22674268344944215,-0.2610545883578014
0.1771573572524218,0.8879687927722686,-0.19233503975300462,-0.31022788973893617,-0.1788450348475623,0.2040684151499524,-0.23494912953379676
0.15944162152235838,0.7991719134944545,-0.1731015357829697,-0.2792051007650435,-0.1609605313512423,0.18366157368492053,-0.21145421659316133
0.14349745936481184,0.7192547221443875,-0.15579138221025718,-0.2512845906885382,-0.1448644782040049,0.16529541636933875,-0.1903087949471894
0.1291477134226974,0.6473292499293104,-0.1402122439949949,-0.2261561316196854,-0.1303780303712248,0.14876587478692027,-0.17127791546610496
0.11623294207461583,0.5825963249357373,-0.1261910196013184,-0.20354051845771792,-0.11734022732168958,0.13388928736323624,-0.15415012393315652
0.10460964786128418,0.5243366924415236,-0.11357191764696782,-0.1831864666119429,-0.105606204577266,0.12050035868150374,-0.13873511155333346
0.09414868306932195,0.4719030231967466,-0.10221472588793863,-0.16486781995074654,-0.09504558410758672,0.10845032286681447,-0.12486160041115588
0.08473381475667693,0.42471272087647,-0.09199325330463899,-0.14838103795567292,-0.08554102568529384,0.09760529063191305,-0.11237544038273067
0.07626043327547297,0.38224144878824456,-0.08279392797944743,-0.13354293416010773,-0.0769869231057284,0.08784476161840461,-0.10113789635659029
0.06863438994260622,0.3440173039088661,-0.07451453518652403,-0.12018864074410021,-0.06928823078467976,0.07906028550386524,-0.09102410673245669
0.061770950943279404,0.3096155735174565,-0.06706308167262529,-0.10816977666968697,-0.06235940769632549,0.07115425699821472,-0.08192169607008513
0.05559385584415827,0.2786540161652199,-0.060356773509834066,-0.09735279900271722,-0.05612346691741492,0.06403883134045382,-0.07372952647327588
0.05003447025523765,0.2507886145482382,-0.05432109616303307,-0.08761751910244442,-0.05051112021700717,0.05763494824576183,-0.06635657383547945
0.04503102322549582,0.22570975309298513,-0.048888986550628705,-0.07885576719220211,-0.04546000818724981,0.051871453457841804,-0.05972091646079143
0.04052792089901803,0.2031387777832892,-0.04400008789918616,-0.07097019047298403,-0.04091400736105931,0.04668430814606779,-0.05374882482292567
0.03647512880547178,0.18282490000459697,-0.03960007911261282,-0.06387317142568348,-0.0368226066180561,0.04201587736291519,-0.04837394234821918
0.03282761592154865,0.16454241000380054,-0.03564007120443938,-0.05748585428311516,-0.03314034594989694,0.037814289655629635,-0.04353654812038117
0.02954485432628217,0.14808816900311023,-0.03207606408683336,-0.051737268854807894,-0.029826311349070253,0.03403286071673926,-0.039182893314755954
0.02659036889079023,0.1332793521025161,-0.028868457680757895,-0.046563541969327105,-0.02684368020881152,0.030629574669543413,-0.03526460398915933
0.02393133199908406,0.11995141689200464,-0.025981611915066344,-0.04190718777239866,-0.02415931218303334,0.027566617225000256,-0.031738143595626434
0.02153819879677287,0.10795627520256684,-0.023383450725738997,-0.03771646899515346,-0.021743380960257366,0.02480995552298343,-0.028564329240984003
0.019384378914895438,0.0971606476820917,-0.021045105655155008,-0.033944822095641314,-0.01956904286015075,0.022328959989380323,-0.025707896321367017
0.01744594102140122,0.08744458291368246,-0.018940595091453266,-0.03055033988607292,-0.017612138570421224,0.020096064007478,-0.023137106693313304
0.015701346917430362,0.07870012462213301,-0.017046535583956718,-0.027495305897470956,-0.01585092470999809,0.018086457622230823,-0.020823396027701366
0.014131212224024563,0.0708301121597544,-0.015341882027062853,-0.02474577530772493,-0.014265832235924383,0.01627781187409793,-0.018741056428311743
0.012718091000111027,0.0637471009436321,-0.013807693825718212,-0.02227119777695563,-0.012839249009541712,0.014650030699485193,-0.016866950788541838
0.011446281898724127,0.0573723908491343,-0.012426924444385798,-0.020044077999259006,-0.011555324106056072,0.013185027641145479,-0.015180255712471743
0.010301653707603905,0.0516351517641003,-0.01118423200106633,-0.01803967019932884,-0.010399791693159036,0.011866524887553458,-0.01366223014373926
0.009271488335711158,0.04647163658758181,-0.010065808801976175,-0.016235703179393823,-0.009359812521768554,0.010679872408329558,-0.012296007131651063
0.008344339501118812,0.041824472928723655,-0.009059227922696492,-0.01461213286145124,-0.008423831267711915,0.009611885176129,-0.011066406420551855
0.007509905550079417,0.03764202563575987,-0.008153305131257962,-0.01315091957530612,-0.007581448139239458,0.008650696666325654,-0.00995976578036188
0.006758914994233889,0.03387782307210278,-0.007337974618884802,-0.011835827617776573,-0.00682330332377791,0.007785627006754461,-0.008963789204017289
0.006083023494050871,0.0304900407648159,-0.0066041771576777625,-0.01065224485599359,-0.006140972990010374,0.007007064312457345,-0.008067410285140608
0.0054747211439615945,0.027441036688268625,-0.005943759442524496,-0.009587020370393162,-0.005526875689755212,0.006306357886975374,-0.007260669257998833
0.004927249028947627,0.02469693301938014,-0.005349383498824481,-0.008628318333350649,-0.004974188119648171,0.005675722103481752,-0.006534602333438878
0.004434524125493888,0.022227239717385675,-0.004814445149442195,-0.007765486500019847,-0.004476769306662354,0.005108149897830587,-0.005881142101213474
0.0039910717124383415,0.02000451574559904,-0.004333000634951414,-0.006988937850017862,-0.004029092375072901,0.004597334912287143,-0.005293027892105633
0.003591964540740367,0.018004064170993123,-0.003899700571866005,-0.006290044065018208,-0.003626183136731548,0.0041376014248854995,-0.00476372510380523
0.0032327680862554026,0.016203657753854586,-0.003509730515048895,-0.005661039658516387,-0.0032635648223063585,0.0037238412858474554,-0.004287352594252409
0.002909491277260737,0.014583291978432528,-0.0031587574638736737,-0.005094935692667946,-0.002937208339401809,0.003351457160376256,-0.003858617335573175
0.002618542149202702,0.013124962780556346,-0.002842881717786655,-0.004585442123403283,-0.0026434875048543527,0.003016311447144336,-0.0034727556026809235
0.0023566879339818984,0.011812466502471475,-0.0025585935462794918,-0.00412689791106402,-0.0023791387538204534,0.002714680304962122,-0.0031254800430191593
0.002121019140312576,0.010631219852195561,-0.0023027341918967353,-0.0037142081199554866,-0.0021412248779404397,0.0024432122767445164,-0.0028129320392646495
0.0019089172260354018,0.009568097866953076,-0.002072460772924306,-0.0033427873079610038,-0.0019271023897000639,0.0021988910511233223,-0.0025316388358254532
0.0017180255032096334,0.008611288080234827,-0.001865214695830189,-0.0030085085771638376,-0.0017343921503259474,0.0019790019478639342,-0.00227847495268272
0.0015462229526912556,0.007750159272189444,-0.0016786932264264837,-0.0027076577194442564,-0.0015609529349309148,0.001781101754745766,-0.002050627457809878
0.0013916006572405187,0.006975143344950696,-0.0015108239039414162,-0.0024368919474966333,-0.001404857641113505,0.0016029915807760642,-0.0018455647123873532
0.0012524405913576092,0.006277629010441169,-0.0013597415136900742,-0.0021932027527427067,-0.0012643718767095524,0.0014426924240542455,-0.001661008241474313
0.0011271965320777816,0.005649866109383603,-0.0012237673624522494,-0.001973882477468436,-0.001137934688775627,0.0012984231828702883,-0.001494907417619748
0.001014476878740768,0.005084879498435044,-0.0011013906263260403,-0.0017764942297269215,-0.0010241412196600186,0.0011685808656790656,-0.0013454166761231005
0.0009130291907512144,0.0045763915485813045,-0.000991251563798673,-0.0015988448067574268,-0.0009217270974781755,0.0010517227801005447,-0.001210875008749614
0.000821726271569085,0.004118752393711331,-0.0008921264075118368,-0.0014389603260838157,-0.0008295543875373457,0.0009465505029791349,-0.0010897875080826645
0.000739553644317369,0.003706877154331545,-0.0008029137668451591,-0.001295064293479694,-0.0007465989486102609,0.0008518954534817713,-0.000980808757461227
0.0006655982798014371,0.0033361894388881236,-0.0007226223902388335,-0.0011655578641338593,-0.0006719390535949721,0.0007667059088550948,-0.0008827278818923714
0.0005990384517439891,0.0030025704949912108,-0.0006503601512835716,-0.0010490020777247366,-0.0006047451480966082,0.0006900353186210031,-0.0007944550938538391
0.000539134606499193,0.0027023134454834258,-0.0005853241362179795,-0.0009441018699511972,-0.0005442706331603153,0.0006210317873417484,-0.0007150095846117609
0.00048522114578576983,0.002432082100928032,-0.0005267917226541852,-0.0008496916829550082,-0.0004898435697309189,0.0005589286091357976,-0.0006435086262715373
0.00043669903115220975,0.0021888738908287103,-0.00047411255043772194,-0.000764722514656313,-0.00044085921265721306,0.0005030357486944942,-0.0005791577637621666
0.00039302912798358167,0.0019699865017403645,-0.0004267012954386473,-0.0006882502631917475,-0.00039677329129889083,0.0004527321742532897,-0.0005212419874867109
0.00035372621514139814,0.0017729878515592573,-0.00038403116593788145,-0.0006194252368736386,-0.00035709596208646777,0.0004074589572119966,-0.0004691177888292066
0.0003183535935855526,0.0015956890663978845,-0.0003456280493786962,-0.0005574827131873406,-0.0003213863658032834,0.00036671306183929525,-0.00042220601002365167
0.00028651823419167423,0.0014361201597568735,-0.00031106524447382933,-0.000501734441865409,-0.00028924772915692176,0.00033004175596712537,-0.0003799854090986432
0.00025786641073771363,0.0012925081437783897,-0.00027995872005412425,-0.0004515609976820656,-0.0002603229561778386,0.0002970375806523734,-0.00034198686825442394
0.00023207976963447383,0.0011632573293988008,-0.00025196284807639524,-0.00040640489791599066,-0.00023429066050786873,0.0002673338228382782,-0.0003077881814882513
0.0002088717926431536,0.0010469315964566767,-0.00022676656329273515,-0.0003657644081265232,-0.00021086159440594776,0.00024060044078423604,-0.00027700936339231097
0.0001879846133525584,0.0009422384368087261,-0.0002040899069858243,-0.00032918796731706834,-0.00018977543491899285,0.0002165403969090346,-0.000249308427101691
0.00016918615199368672,0.0008480145931245159,-0.00018368091630534267,-0.0002962691705832299,-0.00017079789138502166,0.00019488635740105148,-0.00022437758443269104
0.00015226753677709433,0.0007632131338119186,-0.0001653128246939528,-0.0002666422535249069,-0.00015371810220865534,0.00017539772182683516,-0.00020193982602633755
0.0001370407830826887,0.0006868918204289975,-0.00014878154223893492,-0.00023997802816921876,-0.0001383462919569145,0.00015785794979199935,-0.0001817458434584633
0.00012333670475719524,0.0006182026383838302,-0.0001339033880299323,-0.00021598022535229688,-0.000124511662730864,0.00014207215494568826,-0.00016357125914632717
0.00011100303426851178,0.0005563823745463742,-0.00012051304924239059,-0.00019438220281386975,-0.00011206049643058824,0.00012786493957177292,-0.00014721413326009188
9.990273082709049e-05,0.0005007441370878662,-0.00010846174432933842,-0.00017494398253248278,-0.00010085444676141697,0.00011507844572091613,-0.00013249271996033408
8.991245773194885e-05,0.00045066972337788613,-9.761556990650622e-05,-0.00015744958428243194,-9.076900206342331e-05,0.00010357060124813883,-0.00011924344798947516
8.092121194685012e-05,0.0004056027510415394,-8.785401292384087e-05,-0.0001417046258573862,-8.169210183683884e-05,9.321354120940539e-05,-0.00010731910321361282
7.282909074025727e-05,0.00036504247593405204,-7.906861164053147e-05,-0.00012753416327271339,-7.352289163661818e-05,8.389218716814417e-05,-9.658719290678991e-05
6.554618165592781e-05,0.0003285382283404886,-7.116175048230144e-05,-0.00011478074694437623,-6.617060245964201e-05,7.550296852240623e-05,-8.692847363809056e-05
5.899156348270103e-05,0.0002956844055041763,-6.404557544258116e-05,-0.00010330267225100789,-5.9553542201967735e-05,6.795267173489994e-05,-7.82356262941427e-05
5.309240712838767e-05,0.0002661159649541417,-5.7641017903120595e-05,-9.297240502803561e-05,-5.3598187968961764e-05,6.115740461708208e-05,-7.04120636782074e-05
4.7783166411102806e-05,0.0002395043684591397,-5.187691612081047e-05,-8.367516452523205e-05,-4.823836916087454e-05,5.504166420572387e-05,-6.337085732065553e-05
4.300484976181573e-05,0.00021555393161415415,-4.66892245161582e-05,-7.5307648074837e-05,-4.341453223677405e-05,4.953749783394995e-05,-5.703377159567945e-05
3.8704364780657585e-05,0.00019399853845258885,-4.202030206665319e-05,-6.77768832630897e-05,-3.907307900402612e-05,4.458374809233889e-05,-5.133039444319212e-05
3.4833928298149894e-05,0.0001745986846061337,-3.7818271864234476e-05,-6.0999194932520595e-05,-3.5165771094580744e-05,4.012537331957167e-05,-4.6197355008058966e-05
3.135053546655768e-05,0.0001571388161426962,-3.4036444680488054e-05,-5.489927544033435e-05,-3.1649193977634216e-05,3.6112836021937045e-05,-4.1577619520755116e-05
2.8215481918118096e-05,0.0001414249345277896,-3.063280021348147e-05,-4.9409347898429073e-05,-2.8484274572443402e-05,3.250155244990255e-05,-3.7419857574673074e-05
2.5393933725057632e-05,0.00012728244107378106,-2.7569520197459618e-05,-4.446841311178673e-05,-2.5635847109850562e-05,2.9251397233955034e-05,-3.367787182003562e-05
2.2854540349177832e-05,0.00011455419696679292,-2.481256817876698e-05,-4.002157179527899e-05,-2.3072262394591148e-05,2.632625753373058e-05,-3.031008464616375e-05
2.0569086312477794e-05,0.00010309877727106287,-2.2331311365170192e-05,-3.601941461894853e-05,-2.0765036150338645e-05,2.3693631801442738e-05,-2.7279076183293893e-05
1.8512177677320815e-05,9.278889954592029e-05,-2.00981802312844e-05,-3.2417473153856236e-05,-1.868853253156333e-05,2.1324268641230437e-05,-2.4551168570995097e-05
1.6660959909401904e-05,8.351000959067045e-05,-1.8088362209220388e-05,-2.917572583527317e-05,-1.6819679274110433e-05,1.919184179502431e-05,-2.2096051718829834e-05
1.4994863915615206e-05,7.51590086330578e-05,-1.6279525988829868e-05,-2.6258153251742383e-05,-1.5137711345647453e-05,1.7272657634355426e-05,-1.988644655188422e-05
1.3495377522810409e-05,6.764310777121474e-05,-1.4651573391005757e-05,-2.3632337931900338e-05,-1.3623940207346807e-05,1.5545391883975412e-05,-1.7897801903773644e-05
1.2145839770341671e-05,6.087879699553933e-05,-1.318641605296822e-05,-2.1269104141907746e-05,-1.2261546182890104e-05,1.3990852706598222e-05,-1.610802172153855e-05
1.093125579420054e-05,5.479091729639063e-05,-1.1867774447643642e-05,-1.9142193728782786e-05,-1.103539156244171e-05,1.2591767449401936e-05,-1.4497219555407309e-05
9.83813021353079e-06,4.93118255666114e-05,-1.0680997004464121e-05,-1.722797435377288e-05,-9.931852401418029e-06,1.1332590713314383e-05,-1.3047497604817132e-05
8.854317191994004e-06,4.438064301086342e-05,-9.612897306138235e-06,-1.550517691839559e-05,-8.938667158592262e-06,1.0199331652381571e-05,-1.1742747848196913e-05
7.968885473677578e-06,3.994257871069162e-05,-8.651607576584674e-06,-1.3954659230819288e-05,-8.044800442724709e-06,9.179398493805446e-06,-1.0568473060886333e-05
7.171996922929885e-06,3.594832084216626e-05,-7.786446818383586e-06,-1.2559193312000616e-05,-7.240320395784927e-06,8.261458654852671e-06,-9.511625759737671e-06
6.45479723045822e-06,3.2353488756742266e-05,-7.007802139746833e-06,-1.1303273975471484e-05,-6.516288354629918e-06,7.435312795449345e-06,-8.560463188695203e-06
5.809317506698733e-06,2.911813988251688e-05,-6.307021927887124e-06,-1.0172946581121778e-05,-5.864659517018644e-06,6.691781522551177e-06,-7.704416873708167e-06
-5.798489098784087,-2.0898731340879917,-1.3913885972099906,10.120231432187229,0.7877291019386021,0.0004531021422439774,-7.733917688548405
0.5800495514986155,0.20891333778824617,0.13936427893226178,-0.47968803098763146,-0.0769832876616523,0.00810162790256723,0.7553693531778443
0.4531525115989233,0.16465377002830037,0.09375347588871223,-0.775643918783402,-0.06419920502812558,0.004219065440718865,0.5762323844383865
0.3379162792035298,0.12426808016883001,0.05337220832140352,-0.5085948474955836,-0.050503828685946855,0.008662834759599364,0.3972233773777448
0.23415743972686556,0.08742109519691177,0.018275186835747845,-0.2683260322496663,-0.03740190500735152,0.014961031729455579,0.2288030295120012
0.1379400565718084,0.053034153620119096,-0.011930751701395431,-0.052083554496516665,-0.021278442588979013,0.03874963068371013,0.07476748464966324
0.05106406969942033,0.021668383930052465,-0.03934273674641593,0.14299459348839863,0.001228472196217148,0.03606499531212633,-0.030253506680070652
-0.02784379351143368,-0.006941696772091138,-0.06373689496881854,0.3192549798074509,0.023532234759744072,0.028701284372610658,-0.12201127159084335
-0.0996738966788776,-0.03298142427987935,-0.08551903271850371,0.4786696653293865,0.043322101976348254,0.02351309912275651,-0.20889445238546417
-0.1649796993272305,-0.05675860445339538,-0.10466729320205931,0.6227681805301232,0.06176045508212054,0.01772027786959153,-0.28300008897844986
-0.2244770619779785,-0.07840856610066087,-0.12185186930219946,0.753331735708207,0.07835871463789955,0.011977340007460341,-0.35276072550414583
-0.27860421507393973,-0.09816133342830335,-0.13689674152160705,0.8716203505556879,0.09228207777677858,0.006517743699423789,-0.4146040493985292
-0.33363053612586774,-0.1147860846006679,-0.15617612505070325,0.9807890139589996,0.0871415304699781,0.09873867805204783,-0.5927529561446871
-0.37886470552592655,-0.13145523569513268,-0.16692431659809126,1.0777310360854409,0.09663177798682536,0.10303873434086067,-0.645116101003634
-0.420339813588012,-0.14678886182621745,-0.17676734521933163,1.1658245878116251,0.10651379272607145,0.1031866282613418,-0.6956871355469026
-0.45821950499870107,-0.16084186575022272,-0.18531973957115405,1.2459842426997751,0.11446144716945994,0.10279049924428617,-0.7440672735986401
-0.4969452372018421,-0.17761537269259536,-0.18812029262834645,1.3114032798552397,0.1697436704041308,0.1180573391620173,-0.7456272733140012
-0.5258293315537614,-0.19044718614798212,-0.19372345005204988,1.378193781476877,0.20004376636440263,0.014924562762569316,-0.6734670806711714
-0.5492267376490773,-0.20123027299713048,-0.18955925140613122,1.43968400593647,0.17449817340786264,-0.010567124810943879,-0.6783351113701738
-0.5789727000639174,-0.21076824483257678,-0.18967164575673184,1.49334323137081,0.1373518831478064,0.1415895216479861,-0.8406746750864653
-0.6082249834974972,-0.2213242774091797,-0.19768613859229264,1.5465880427415892,0.1487789606687016,0.1115702609556997,-0.8385134515428178
-0.618059468488566,-0.22279828512526953,-0.21492317598651972,1.603340066486022,0.14001920335377985,-0.04335274264798866,-0.9321080410124025
-0.6493547331358784,-0.23409679356490593,-0.22188727818591947,1.637970435083841,0.1907595831458353,0.023047544127775987,-1.06045306973168
-0.6707436701576528,-0.24576791536941628,-0.20765881948872783,1.6727689999492914,0.1815611864493906,0.03195179648780068,-0.9744002292146877
-0.6884249260572142,-0.25107525904272476,-0.2096190803569425,1.7127681310116947,0.15526193090616466,0.042546917915847124,-0.9941818358827347
-0.6993528135748317,-0.25586426824035535,-0.20819698788054478,1.7472117863492422,0.1353890939199394,0.021518409701247035,-1.0096210472736034
-0.713963011544557,-0.26033438211059934,-0.2127448497456615,1.7807089928558189,0.1266979376104303,0.012790574702986876,-1.0492973854110716
-0.7301272893835515,-0.2644391124261384,-0.2194258392206023,1.8139660402578448,0.11379707550746024,0.010906800919513703,-1.1045133605374355
-0.7456467286483442,-0.2691610085379209,-0.22073875386727698,1.8423956689878034,0.09382391506000684,0.07340917391228295,-1.2211994583223325
-0.7585763078182749,-0.27480203823341914,-0.2210288294458359,1.8667114218294056,0.10254546545964233,0.07225296795195423,-1.3391748897973434
-0.7726730426433595,-0.27925097948208394,-0.22663778033339388,1.8898373878801562,0.12036707024400363,0.08392233741241376,-1.4192737857312268
-0.7861516868884582,-0.28250005571123465,-0.23397623075703555,1.9140057063906093,0.13091780341800402,0.03705530721613083,-1.3433434642027882
-0.7991145917791171,-0.2863759103584107,-0.24220412800409521,1.9381361753681814,0.13723632045871664,-0.027225507909757515,-1.2948370139917338
-0.8126274376260036,-0.28850992535760045,-0.24752012110762428,1.959719893429907,0.1382534806590719,0.0028491134112066108,-1.3338592657715447
-0.8368230590526735,-0.2912680235155557,-0.2558585392020001,1.9856763459312825,0.0906282455403391,0.22598985268467364,-1.650135213733835
-0.843010104577648,-0.29528765219515374,-0.2569794877435623,2.000840614833157,0.11825279316779881,0.11489439214894473,-1.48472939161553
-0.8527712775235212,-0.3023522344470379,-0.24645161373483965,2.016832392536597,0.10643128367226282,0.054580928861660424,-1.4183101171168286
-0.860292661710501,-0.3050479663076,-0.24281817641126252,2.0360324953260585,0.09146407715235524,-0.028990588937543763,-1.1772635615020182
-0.8602160709063523,-0.30858034792529127,-0.23503649250277875,2.043772045679749,0.11844749789465052,-0.10735105501895637,-1.220860854937429
-0.8665577038856511,-0.3113653304866626,-0.22995437762288462,2.0594156443390106,0.10514009314179676,-0.12422539679178601,-1.1585594505937427
-0.8758012100055288,-0.3156014452176996,-0.22664226575804167,2.071498945687409,0.11450097589073374,-0.09386324733076093,-1.2417938836606532
-0.8922867806882611,-0.32013965070033745,-0.22624489887911509,2.091050581611477,0.0982329292982097,-0.08494844785348768,-1.1221415616680106
-0.8982618396368428,-0.3230346862370487,-0.2225310281021407,2.104134029263051,0.09042659289409496,-0.06902995408263657,-1.1887850708561256
-0.9066335995268053,-0.32692326889929985,-0.21792203161439375,2.116474531486494,0.0886563131764122,-0.061650977433352475,-1.1860985437035758
-0.921381123293505,-0.3305799827485627,-0.21918006294710707,2.131771212274138,0.08387914567913943,-0.006638743517066353,-1.156294634303197
-0.9530321548458844,-0.3404801464450325,-0.24700879432324585,2.1325322420041006,0.29408987070665904,-0.052681239167308165,-1.6456523603367397
-0.9537830725397703,-0.34210718821757563,-0.23934614478263744,2.137585069959164,0.3358793066721153,-0.06436080173848004,-1.8579772570223074
-0.9332875482255116,-0.34299663837488015,-0.19640172739201145,2.1627305487927946,0.09525842639067955,-0.06618237249602377,-1.2446857436291083
-0.9449545234193595,-0.34150272714337715,-0.20587072429697695,2.1811374631099585,0.058505436242959535,0.0029600429657453565,-1.158335900414706
-0.9456841233305768,-0.34860313437639695,-0.18436119644611262,2.1827649128439868,0.13919304028378493,-0.1712704055427288,-1.4308138986942813
-0.9510664897258849,-0.35056063681376637,-0.17455008524932675,2.199981288457538,0.07379580536898458,-0.09240538529078002,-1.168125952023618
-0.958820942095662,-0.35329080705064964,-0.17117166919026472,2.208709358163678,0.09111125346709063,-0.05052992804628944,-1.2474021966614957
-0.9659184920210551,-0.3548483152868462,-0.16845967361601094,2.220958235563442,0.07782456092891113,-0.007207197357837463,-1.2278691943830213
-0.9775748443390374,-0.35684863504488246,-0.17191144088755697,2.232754770040594,0.09910912449940873,0.03898772184304935,-1.2608924386010363
-0.9895465823674432,-0.361009380599306,-0.16574617202825126,2.2504524745633203,0.05112450815562811,0.021161134234080323,-1.0279078653352576
-0.9948895964333824,-0.36502395392843073,-0.15599600608363207,2.25923181586841,0.06738083443022737,-0.0337555800024177,-1.0799884153664248
-0.9847529002959189,-0.36971271720287135,-0.1243003069957836,2.266883370065182,0.03572430859729714,-0.17475075954185887,-1.022757029988135
-0.9942669112386995,-0.37766470898509297,-0.11711969612460255,2.2724125986403028,0.08043569605071035,-0.18112625599900098,-1.0820934516726692
-0.9794222505614758,-0.37389322724582263,-0.08439223336263992,2.289955191098557,0.015728621369051593,-0.215016879679653,-1.097863186415999
-0.9848122550134767,-0.37381810924132775,-0.07914071480285267,2.3106513560613724,-0.06194011144657158,-0.23011331214355574,-1.143100233514882
-0.9926835014605583,-0.38053847307855837,-0.06888246149366012,2.312111674357815,0.028927979434167583,-0.14811825289195918,-1.1413363485165402
-1.0086595940701693,-0.3824604835512627,-0.08981836600037632,2.3280006360237153,0.007704441700647741,-0.20114939739661555,-1.0280358935782663
-1.0494164512838777,-0.3903390121899552,-0.12336879296328684,2.336731915066146,0.14595969666454273,0.03625481707944622,-1.2935048981634316
-1.058870812516924,-0.3940662668661996,-0.11663211294793879,2.353883037793815,0.1118368499919907,-0.024249676251994978,-1.3821604253417725
-1.0761257017901105,-0.3926749349824856,-0.1413038748798844,2.3707400993955,0.10039859236225862,0.023416987758116105,-1.2081738182953927
-0.9771774429456626,-0.3506778728670681,-0.15214280838053607,2.1362710950246644,0.08829774066190371,0.058332461460262434,-0.9794092951831843
-0.8849987185290435,-0.3130406425413517,-0.1544127210948781,1.9245060177498636,0.08002691645312304,0.0741786783334556,-0.9039459374649763
-0.8115104161418409,-0.2829291022776912,-0.16671276262407106,1.7300900846735079,0.10286343651857667,0.07106296108890896,-0.7943056548850516
-0.7325639822055718,-0.2549192148133462,-0.1535081139782706,1.5566798262557984,0.10025370633158619,0.0670929154737257,-0.7247981575592282
-0.6644517572311492,-0.2302613680416878,-0.14579814463604748,1.3995278717264528,0.10861744840977701,0.06208166758014415,-0.6630731362504981
-0.5981749311295032,-0.20709592708434799,-0.13174674290728297,1.2595771856429534,0.09979133187961597,0.0605405491030482,-0.5982668159413506
-0.53830096491742,-0.18643099616183184,-0.11829621506039295,1.1336146110844378,0.08959920749089884,0.052863589124903014,-0.533982089607208
-0.4841987292363314,-0.16798843262451524,-0.10541197682902105,1.020487625168803,0.0766979688036652,0.043827891305527465,-0.4763784279670841
-0.43575926395505077,-0.15116562141487894,-0.09478116438838655,0.9184089708254957,0.06903658413337414,0.04192177946406913,-0.42913610664038354
-0.39214484366520164,-0.13606287116023175,-0.08514704802344188,0.8265961228612082,0.06172164484865432,0.037231372323164535,-0.38454596078864417
-0.35309005930991044,-0.12237541201560395,-0.07707664628491458,0.7439086223295488,0.05756573664335027,0.03439309187928462,-0.3446938214935107
-0.3180215293974292,-0.11006331683545871,-0.06990232414866111,0.6694950171148136,0.05392322610622566,0.03181284637136739,-0.3092457045455788
-0.28566407473648026,-0.0990553093199167,-0.06194101366535061,0.6026090129119364,0.04489827169153701,0.034810909659422296,-0.28175248247540685
-0.2566003848542165,-0.0892242740110575,-0.05476780253911748,0.5424126279548874,0.03771750924282119,0.03145320333123661,-0.2504544981860176
-0.23091745590071772,-0.08033591941326682,-0.04928465914156149,0.4883103182139116,0.03220272729168194,0.022461154105518445,-0.2252977495524243
-0.20762872090315257,-0.07233499647483067,-0.04390374305800742,0.43948099262803964,0.02802638718561469,0.021248862115941278,-0.20172011172568327
-0.18727209211696977,-0.06511913147846113,-0.04019430939452967,0.3955663070066206,0.026794831268768665,0.010868999867930218,-0.17840538764371397
-0.16812158222043813,-0.058703187480114646,-0.03508979108235445,0.3561027687862673,0.020250770577395952,0.014911222551794681,-0.1635169491409512
-0.15132995415345468,-0.052817771081799525,-0.0316239283325181,0.3204980567392916,0.018378362328138706,0.01375945139236568,-0.14670563466429057
-0.1371017902110567,-0.04751202837609243,-0.029759076335915173,0.2888345803357612,0.0173842531764124,0.013627777415896845,-0.13178481459030827
-0.123188901607838,-0.042764270206824204,-0.026403351788679592,0.260035065203679,0.014028071050069521,0.014942408887234158,-0.118950452407556
-0.1120811252536455,-0.0385133480402822,-0.02491214299790446,0.23542925449857424,0.004222213782281464,0.03327369631350121,-0.11864516144700973
-0.09895757351574336,-0.03501042089294035,-0.019374108608847432,0.2104012715307342,0.0077798997258391595,-0.0076042449196630085,-0.0894017235207282
-0.09136456181567357,-0.031027965679809075,-0.02134540513875483,0.19097046519989275,0.004315712707688907,0.0370953852940062,-0.09943380123083957
-0.08179832226752656,-0.02796539043143062,-0.018737468586244407,0.17153569288953235,0.005164648306665548,0.022378039023311452,-0.08468957405390684
-0.07196285717208634,-0.02568204719419956,-0.013465298128993131,0.1533004565603677,0.0047883406883171,-0.014312776397764015,-0.06119808148708808
-0.06642121829250311,-0.022929978218483762,-0.01423382896580047,0.13922446799695304,-0.00016367060931252175,0.017126642041436987,-0.06933378105732022
-0.058318580293052105,-0.021007421405667637,-0.009987744646685705,0.12431591547765505,0.0007304745544379487,-0.009022105579579498,-0.0508208592104743
-0.05490664500248618,-0.018527731127738048,-0.012604753601449931,0.11365986701052903,-0.004061079511200272,0.032993637723186954,-0.06458700862375995
-0.049536436006463194,-0.016528349232194123,-0.012120979132986459,0.10215698885810187,-0.0006798632211584277,0.030989953389647218,-0.05776879845131859
-0.0446060100982742,-0.014879016068215595,-0.010918460043902244,0.09206942878661838,-0.001704605392847447,0.0282159364342811,-0.052363312422958205
-0.039736519679082746,-0.013502534981869763,-0.008998206962804504,0.0827932367732445,-0.0027428583927411043,0.02005705791602168,-0.04344012950782248
-0.035774912430522436,-0.012195352506483695,-0.008070583242003139,0.07450848212395772,-0.0025570617832414294,0.013549138043660189,-0.03766768432066757
-0.03250028092622401,-0.010955358133899348,-0.007636070433053567,0.06732291002610599,-0.0034159787414169834,0.016738145896228455,-0.035968064432368635
-0.02947715620316272,-0.009724685023586865,-0.007485177865161761,0.06077889895435557,-0.003254754702363416,0.023383282538330594,-0.035718733500278585
-0.02737871835555265,-0.008672637633957841,-0.007925175589675041,0.055335727735044936,-0.005146904756708079,0.030991035403352137,-0.03807825513325798
-0.02429846681539789,-0.007831968181831933,-0.006692818723747206,0.04953487502856643,-0.0034213011769074625,0.023485451797639112,-0.030572350309965267
-0.022204415246438604,-0.0070432682806871455,-0.006299454387043947,0.04503991850807185,-0.005956797106157763,0.028097855734714197,-0.030809722709581697
-0.0191330491540582,-0.006398060141075815,-0.004662611633568695,0.039666626262089215,-0.001201180269029628,0.008517410451919713,-0.01939949791371546
-0.018495024461603015,-0.005635915636629005,-0.005794571560719261,0.03674370157032769,-0.005065667725730985,0.029542230643383634,-0.027256865844953064
-0.016591167134432653,-0.00507023214133491,-0.0051811014858481955,0.03301334459794717,-0.004194279091039449,0.02517334846912854,-0.02352683770300043
-0.015096766721746705,-0.004533254932998859,-0.0049242435119903755,0.029824668311071202,-0.0039060282931507873,0.025076392715367213,-0.021281119963508927
-0.013744791974126832,-0.004051287378358581,-0.004683550795348785,0.02695118862903531,-0.0036869067921335152,0.024764939845034105,-0.019505587551185036
-0.012531725346325642,-0.0036653615898756264,-0.004520232467321337,0.024139465510155344,-0.0014336936927006327,0.018419686336443433,-0.015586774125346183
-0.011228453638257162,-0.003283311962033311,-0.004052265763740858,0.021602897677294623,-0.0003070102525805918,0.015290828519003645,-0.012256894864829407
-0.010615132869447558,-0.00281663742020849,-0.004426846572484051,0.01995470824360571,-0.0023522139144367404,0.027983010436036952,-0.015985111213841517
-0.009077532792414536,-0.0026490907906334404,-0.003351986711590659,0.017398401417861878,0.0006724272849525231,0.011176765731675989,-0.00937119058187854
-0.008476352062015748,-0.0023473573677652987,-0.003432757087382922,0.015851124880973597,0.0001948056004595633,0.014891330275235502,-0.010613670407199821
-0.007717223585484973,-0.0020960816878953376,-0.003237381525287804,0.014297595729413814,0.0003079314256423382,0.014518231196671165,-0.009927825259914721
-0.006996845990268154,-0.001877982980906412,-0.0029902622307583226,0.012880732877473652,0.0003688710035843201,0.013461230411557848,-0.009051166148489288
-0.006106902769229872,-0.0017270288368758102,-0.0023342773689782673,0.01143964852059461,0.0006850880582161961,0.008245106314396393,-0.00569963886583872
-0.005865191991734379,-0.0015072175760053735,-0.002603851579804684,0.010522360085412387,0.000250027603737879,0.01329259972182461,-0.007147942323986623
-0.004745024980927654,-0.002512575574598039,0.001015220065871467,0.009775420093832133,-0.009913047037930153,-0.015054496213405141,-0.007484085031347697
-0.003966300189117002,-0.002443772530883348,0.0021557266301965167,0.008405363093867291,-0.008276368483820754,-0.017566528127544362,-0.0034299074631926364
-0.00366212434177155,-0.0021448683344663655,0.0024489053627958675,0.007589898077914162,-0.008376169235846179,-0.009869525150238638,-0.0033197183655482767
-0.0036919856504047713,-0.0018555249572488053,0.0018579968459401484,0.006891244336417905,-0.007063936896817724,-0.002116550314050815,-0.006524466630308005
-0.0034128747536766512,-0.0016836707477010243,0.001943920823829215,0.006211758869048786,-0.006709519625394247,0.0013020884415680944,-0.005171620130311201
-0.0031741872036303988,-0.0015274926664841232,0.0018869715419931078,0.005626406431049988,-0.006475903224001919,0.003978414519452592,-0.0058678900215816815
-0.007202292189413601,-0.00019491767456869535,-0.007318705747957229,0.006931440644539481,0.002793713856406685,0.0797543505870402,-0.027692492589479867
-0.003508577408825643,-5.406138439256747e-05,-0.00403350999918382,0.0044826337337839535,0.007944049588469115,0.02891401512238928,-0.004877305731106847
-0.0028005358563125667,-2.4929469076312438e-05,-0.003408003879135934,0.004029207718236224,0.006157401714545471,0.019633098262140464,-0.0021563529444730114
-0.0023509308702688602,-1.8383688872469772e-05,-0.00295012258559273,0.0036474078754600535,0.004867633972590518,0.014220107289337869,-0.0006702254802237358
-0.0009298544836858565,-0.00018130566617827193,-0.000809663789397742,0.0024611361695489158,0.006242730013720735,-0.008485099450933897,0.012466874491787485
-0.0017893996886737392,-0.00010485402124722765,-0.0018079710806336215,0.002875806653933461,0.003533766644052652,0.00660393919021527,0.004613450735930703
-0.003099480143091546,0.0001263330849685801,-0.003880653986163886,0.003716569489449352,-0.0001517022740403634,0.030276878895029162,-0.01096234467334209
-0.0016338763140900494,7.517690445132952e-05,-0.0023032479006777525,0.0023950269125151483,0.0038831497575463197,0.008580865165427123,0.0010287297663489695
-0.0009006439452759352,-1.6966486154817995e-05,-0.001379949018278993,0.001458515478688048,0.0076738398669645436,-0.004873526472175725,0.012982501349017718
-0.001634521489415246,5.3640873141122536e-05,-0.0022328493095408273,0.0019239122432005776,0.004804737654484956,0.008316660382981546,0.004882181161818202
-0.0014505036688908378,5.6826958279687645e-05,-0.0020355292730250777,0.001679875644218249,0.004772988269933165,0.006713002088013141,0.005285980347474769
-0.0010157246178848518,-7.015560140988253e-06,-0.0011924527073876295,0.001385162724085117,0.003428763267449536,0.0008862238147564136,0.004802385135667464
-0.001589591737708795,3.654821390255969e-05,-0.0018641775966123115,0.0017031678300325308,0.0016911591213406435,0.011482495650215425,-0.002577052461497155
-0.0012772634860153003,1.1466302709511877e-05,-0.0014817138989719428,0.0013697799773986392,0.002453537335347339,0.0074821779985361145,0.0014143987070267938
-0.0012258749627261957,7.2102886092551e-05,-0.0016863344674893973,0.0011189500169156777,0.003932640066808796,0.007655606254119693,0.0025282566023249117
0.0012659839925362685,-0.0004912476731825932,0.003304817214664727,4.850569988638573e-05,-0.001061995148573025,-0.02268978729560423,0.012293844612280747
-0.0008452386429596346,-0.0002448805788059921,0.00037536519309046973,0.001281016034868316,-0.0035687708562532894,0.005799152777557579,-0.004250666105625193
-0.0005106337282826958,-0.00030903183629744924,0.0009155644164388389,0.0009584618504400108,-0.0029680263610821905,0.0003376848326447912,-0.001114965533199102
-0.000538175465754606,-0.0002760421201936508,0.0007536300995343997,0.000827238001474738,-0.002043262100663981,0.0015315173180132091,-0.00016219133405164562
-0.0005604359131582705,-0.00024840487435666414,0.0006111763556798551,0.0007323334869742612,-0.0014227654067284212,0.002380971423102514,0.0004783309985950594
0.0036417296564429332,-0.0017048703421177341,0.009167974701830001,-0.0015516012330887494,-0.0035569287709121544,-0.0767117668805476,0.029991709766146533
-0.0025251377241870326,0.00034291255035463764,-0.003853680138524048,0.0011619142176698544,0.00543338729180437,0.02667024829183408,-0.0011660451204376157
-0.002172794160226331,0.0002064476986387842,-0.0027544655955344943,0.0016015666286134309,-0.0016918701878878284,0.025984494406116776,-0.013388310359263406
0.003646068506872928,-0.0017875124965354983,0.009453145859156749,-0.0011956751343851768,-0.008977745728912356,-0.08049799050777436,0.021936035595641574
0.0027252106208135412,-0.0018537197258597093,0.008551752124762294,-0.0002906627068761346,-0.013394672471464308,-0.07320310677437152,0.010226659310005767
0.003068034670363039,-0.001553620017968188,0.00782687397137959,-0.0006627841112653715,-0.010016425293827722,-0.07382885301566655,0.015278550826811545
0.003127956651113042,-0.001347273577425659,0.007481400983629885,-0.0005986862312463946,-0.010706033520934286,-0.0688591420109215,0.013221681836116422
0.0028495280182710124,-0.00132089828903377,0.006981184305432084,-0.0005175721058676593,-0.010003857252400827,-0.06554898715683734,0.012153821457415963
0.002791826394659018,-0.0011081405358776691,0.0061488183931367076,-0.0006893305445437939,-0.007365172307837439,-0.06200247828411832,0.014232263418080997
0.0022503704878745036,-0.0009495036619197594,0.00544982155948355,-0.00015414065412821046,-0.009918275656091963,-0.04919876726263632,0.006396159446247171
0.0018622142482984131,-0.0008273249946482986,0.004519770485920553,-0.00010229208243838633,-0.008708880043958686,-0.040917457697076484,0.004309652524433362
0.001506982353354782,-0.0005798476181950729,0.003536344582481931,1.2381544640446135e-05,-0.0075832933751495,-0.0304485258963374,0.002202193343098057
0.0016738092985052557,-0.0006615255868946124,0.003313311862832024,-0.0007971007024215222,-4.787537385141094e-05,-0.04069938364835332,0.014984591626586193
0.0012600383324588554,-0.000470928451594424,0.002404283624139445,-0.0005689494726167053,-8.132055686869977e-05,-0.030674109687884657,0.011138076787502116
0.001409722514191429,-0.0005208884086242566,0.002720401838607372,-0.0005821295067624105,-0.0008089130776548215,-0.03379483464330344,0.011203663277161222
0.0012340761843592325,-0.00045894955246739144,0.0023082553706442813,-0.0005445972568192473,-0.00031313323404810744,-0.028893174066949925,0.010069149017731188
-0.0034319047830485743,0.0016044470344157014,-0.008654464714223618,0.001355887725182213,0.009652965089631121,0.06990923381613803,-0.015025825642941661
0.0008889390785189809,-0.000747529684613446,0.003070559192437202,-3.0007972623629503e-05,-0.005785808217436697,-0.026145346089977733,0.0017242636585563936
0.0014109225671242592,-0.0004765835555801401,0.0026318927622471615,-0.0007539938940144784,0.00040004267654873693,-0.03134610429389027,0.012268457759030812
0.000882958155880229,-0.0002834748158997563,0.001512057174818223,-0.0005243834393242087,0.0011458881800684578,-0.019828891277148916,0.008863156410791249
0.0008125931852551371,-0.00030363795119399406,0.00155190535033959,-0.0004414876752272881,0.0004259024287729535,-0.018621419378989583,0.007386279332726902
-0.002131107075444638,0.0008473053617534115,-0.005906169180485737,0.0010173663352800143,0.008203202089373834,0.04239565480630271,-0.007721202859877152
-0.0043230398696323296,0.0013630661505710517,-0.00787662530128587,0.0023488669856184217,0.0007096000677351277,0.08801012311752884,-0.033476749879546304
0.0014266997808534691,-0.0006159520048310274,0.003811945289566533,-0.0006498111253178916,-0.002576706648744556,-0.021310041231631577,0.007796581390855956
0.001415092682907224,-0.0010376585733098687,0.005126145881342612,-0.0003393326493538913,-0.00889094939763134,-0.0330754582413001,0.00227055688100403
0.00043099651305862066,4.074376458076956e-05,0.00025498333808537943,0.00013503553182028089,-0.0003063834786777436,-0.004283119516192608,0.0006266858023410999
0.0010623945243337448,-0.0003644024035933946,0.002107807175465796,-0.0005757563955210987,-0.0005340486771276964,-0.022607623274971636,0.008125763897171533
0.0015847130134734916,-0.0005706734353079224,0.003859905894048202,-0.00021856360084212753,-0.007786429497103911,-0.027664178204541583,0.0018598586559328521
0.0013812064319101,-0.0005784837610254556,0.0036892844234196996,5.986477926572809e-08,-0.008961637540260053,-0.025854818332999775,-0.0007690500463670086
0.0010203197959374284,-0.0004002570468316785,0.0020074020999908404,-0.0005254519291694286,-0.000472310215084662,-0.025626836489436783,0.008393204092811649
0.0009307553667108493,-0.00034299402931704803,0.001805638093485426,-0.00038248137165045396,-0.0012540472047903733,-0.023087040526949314,0.0064041460283150555
0.000861392717158013,-0.00021418509401745223,0.0012903437123983896,-0.0004818109229382875,0.0004639404457001811,-0.019557440835444043,0.007475650971411852
-0.004343954852136256,0.001880060451153756,-0.010175855093625844,0.002113437114985281,0.006368665380544078,0.09011598536764634,-0.02806594630354275
0.0010863362490423746,-0.000450503651236972,0.002234340523730974,-0.0006470491651489919,2.125685615510242e-05,-0.026896470553433027,0.009896464402763296
0.0010090216077994637,-0.0004502919734462596,0.002260808984480514,-0.00044077046343262566,-0.0015990612966509388,-0.024948627425433037,0.007047262039266701
0.0009647330976665725,-0.0003879917196661087,0.0020670331159062076,-0.00034943569047424933,-0.002042262235423531,-0.022996660300112853,0.005731979067626855
0.0008763884721252504,-0.00033066305342993596,0.0018129373883516015,-0.00026228887582486343,-0.002282574810692689,-0.020872832122509066,0.004540455884214343
0.0006707473769345207,-9.943148585070394e-05,0.0014573797059389479,0.00018092600431659361,-0.0056962805822933366,-0.006005165713648099,-0.003726546401741025
0.0004865766102642192,-6.787701392080292e-05,0.00042736669814207387,-0.000604558652390539,0.003723735487420901,-0.010226102100405692,0.008682987617563167
0.0006727237275145422,-0.0003005621207768372,0.00147167840013499,-0.0004084438299869035,6.840144671560466e-06,-0.016104660947666993,0.0058482836441847924
-0.002584302910937936,0.0014516457773589286,-0.007045824304034904,0.0009527855726356831,0.0074554839720787636,0.06151274820255076,-0.01542411246963195
-0.002873021345139128,0.0019290736418001303,-0.007791363267556178,0.0013762192076211752,0.006790656009513063,0.07878097652388356,-0.020874139680406308
0.0011878190637923257,-0.0006207933267151078,0.0033328958956866,-0.0007431723912658776,-0.0014140261465957898,-0.020348851738427445,0.00857470375312631
-0.00031502009261171046,-0.0011471703728825056,0.002935078276090304,0.0003434776888679991,-0.009310768542176398,-0.01780263308917484,-0.006651356908825669
-0.0018268081104612795,0.0015367011739240294,-0.007015211217930764,-0.0002434861943132402,0.017039206849979532,0.047377223427675155,0.004681976564750931
0.0005416788103642924,-0.0006185673719385221,0.002429568603899951,0.0001070387173852487,-0.005610245912409023,-0.01750222498510909,-0.0010684407229943705
0.0014663245061410754,-0.000614159459773278,0.003828998954053706,-0.0001316128394994731,-0.008052178910020538,-0.025550774045432663,0.0008132853072450584
0.0010171868571406625,-0.0004962233816446227,0.002299962801574868,-0.0005089182262810049,-0.0009044946635581724,-0.025781421543300202,0.008169627364870972
0.0009358234936989794,-0.0004415693585093361,0.0021277790501451656,-0.0003471919068683618,-0.0019158271108172809,-0.02344464075367738,0.005928451871672149
0.0008653011999392966,-0.000352581831011764,0.0017729717993601804,-0.00032538286562756175,-0.0015326832879729996,-0.02101059755272998,0.005504452783671612
0.00040238357939981597,3.307331359531096e-06,8.939154019711043e-05,-0.00040333831708492737,0.002733199435378808,-0.0071705087396490945,0.006187050915885266
-0.004650219283031932,0.001875931713684456,-0.010435136977502098,0.0022654054864174426,0.006168833380976943,0.09546158177330295,-0.030287443254855717
0.0012515653091402256,-0.0006473881527182257,0.0032214860446920096,-0.00048444766307164863,-0.003331254092470523,-0.028843827446420223,0.006879292427985052
0.0010697925390141692,-0.0004699899517067452,0.002351655677472076,-0.0005279842413417127,-0.001067491829589956,-0.025297235710271024,0.00808263138375647
0.0009208887135250358,-0.0004259256681516943,0.002147940288746354,-0.00032649983574663255,-0.0021900054669457825,-0.022347612834096052,0.005403847166567468
0.0008293294764271349,-0.0003681466417246593,0.0019163408446931963,-0.00020851202904665495,-0.002708817527635632,-0.020250361939413576,0.0038504327675866483
0.0009012192944696925,-0.00039461326576248346,0.002803797254783245,0.00046878833141660026,-0.010719488390133897,-0.015869945228063648,-0.0069072702893904735
0.0007495836581934518,-0.00040458356434702747,0.0019257376592815185,-0.00010504085601794472,-0.0015390458460372014,-0.009590416970373473,0.004553607712463638
0.00030826699922682863,-0.000312647882485681,0.0018744266424100507,0.00040227606765634236,-0.007547065628166677,-0.0036459586407220287,-0.007419770684335282
0.0008102989832028877,-0.0003275075306635872,0.00230354074810208,-6.617591902724831e-05,-0.005116237654203673,-0.011539494582291247,-0.0009093691611699872
5.141383259732414e-05,-0.00013084518106294685,0.0002826007055159556,-9.574001472935356e-05,0.0002473451701554691,-0.004405661256842483,0.0012247308328662463
0.0003474644713215569,-2.3693008075129085e-05,0.00019674984128356318,-0.00045255351973896504,0.002854154940055642,-0.006996352034817396,0.00598090918954896
-0.004597939583316505,0.0020481085221080997,-0.011241583238263825,0.0016225962587661617,0.012980086494523216,0.09485129152033282,-0.02060215425635389
0.0009939517129615048,-0.0004198385456053999,0.002107061507774014,-0.0007117986740458951,0.0007976436873117498,-0.022746109318854846,0.009591433749459293
0.0009922554617364794,-0.00041036019431317516,0.0021512874038032564,-0.000562121048955512,-0.0005310891516491778,-0.02200558176457444,0.007558617353172213
0.0005827213341771937,-0.00014823834963384463,0.0009073984850103654,-0.00042465586002564393,0.0010275541040571795,-0.011693084298927486,0.0055996727325850594
-0.004324361616201194,0.0019254651241925325,-0.010545494413705996,0.0015784080475014124,0.011674722285000674,0.08975181497354567,-0.020845237108674402
0.0012706060448066134,-0.0004916794669430624,0.003263836279841931,-0.00028028238317079346,-0.005713237772092372,-0.020869282799260952,0.002173760808248916
0.000588419025403871,-0.0004649132263879474,0.0019948863179764277,-0.00010806036003214309,-0.003391056450317273,-0.01599234095133794,0.0013949084194126576
0.0009277533993399326,-0.00033537439161054894,0.0017459907615637246,-0.0006286256248595676,0.000968172397470074,-0.021614292090780966,0.00923032525221951
0.0007898026891229688,-0.00032990672585053726,0.0016695135662902968,-0.00040981607280458215,-0.0005220085819387793,-0.01927986009475157,0.0062906591638262985
0.0007338588001790285,-0.00029320413231448406,0.0015472758397118702,-0.0002948606332649588,-0.0012531790890598082,-0.017727275342387286,0.0047108476670868135
0.0005822706869730238,-6.149236931640711e-05,0.0005286702892721915,-0.0005607985440587993,0.0028718064605371962,-0.011443858925444098,0.008026617037727196
0.0004877132772999112,-0.0001321322361692856,0.0006854692945064203,-0.00043927124806014684,0.0017753963359531527,-0.010500393738088878,0.006137585539976344
-0.002371267777427417,0.0017762127506317643,-0.007165768904509016,0.0010441113504544124,0.006540222746840019,0.06706581575006584,-0.01794307287018089
7.038301247187464e-05,-0.0016407981977470953,0.0043270132779135795,6.665948959989551e-05,-0.009916172134785378,-0.036738162001344776,-0.0011475643344540584
-0.0023362570705938663,0.0016208218986272227,-0.007471936110744457,0.00036795555599812915,0.013494010078454077,0.059541384193966346,-0.003582699911341381
-0.0002824299694734482,0.00185551802771651,-0.004207603694276248,0.0006854162258867688,0.004741145271059274,0.0494069074954293,-0.008931527116052017
0.0003221227670725051,-0.0007427145462645113,0.0024927039855098254,-0.00012016891195753415,-0.0036029694515234134,-0.016191316204980252,0.0011252832054875657
0.001139679903007397,-0.0006249633509054636,0.0028710113339650706,-0.0007535903545870005,-0.00035239802433530143,-0.02679896655584943,0.009937207380711301
-0.003828771191258001,0.00161149819151446,-0.008977541447495692,0.0013970120854176066,0.009544341228229059,0.07978032984362687,-0.01939001223744262
0.0013656950052056685,-0.0007633012897931557,0.003578058481593601,-0.0007854135325983808,-0.0016571608479360594,-0.031264777851567366,0.010368801538880396
0.0014130411066677153,-0.0006471952931611652,0.0038812866831985163,-0.00024171684404915295,-0.007291804748572481,-0.02442521085544709,0.0015911528702386869
0.0012374317183295328,-0.0006221524527659089,0.0036182826752543563,-8.301623143202111e-05,-0.007851971991487905,-0.02242877839364031,-0.00025025031307789134
-0.004829825453848018,0.001815867463435289,-0.010761715424807815,0.002084713784952879,0.008691596722316494,0.09481850131771118,-0.027681246963074717
0.0015200791534573299,-0.0006283566686632602,0.003664829511508463,-0.0005233341278238976,-0.004570846840896231,-0.02883225067582182,0.006531577436612562
0.0014093077296523145,-0.0006530981486380927,0.003673167327664085,-0.00038884508854903493,-0.005398077880345464,-0.02678954856128201,0.004550320832655859
0.0012788278451706,-0.0006007711358701207,0.003399178019807079,-0.00028921316631126334,-0.005560113970670438,-0.024701964772494527,0.0032833671949165956
-0.004169265585059673,0.0019500579094872267,-0.01017998825531977,0.0019110341327945625,0.008575427966926397,0.08889322308387232,-0.025196282857324975
0.0014897723912416228,-0.0006527286294316925,0.003644809213415211,-0.0006097119738343176,-0.003655552709727561,-0.029614928258972856,0.007978364676208816
0.0013485534788435062,-0.0006883055443551445,0.0036713410292212104,-0.0004006204036387448,-0.005127074703290296,-0.028038324200310397,0.005074600781929015
0.0012611948288588385,-0.000614532173099952,0.0033616836288040304,-0.00033894495184041973,-0.004998677433793647,-0.025603522372113628,0.0042025216931497085
0.0011503726901971665,-0.0005349767540999834,0.002991297639781683,-0.00028885071009976046,-0.004649088064114293,-0.02295969395268524,0.003528938157413835
0.0010415835032221918,-0.00046989064940915204,0.002667718297058714,-0.00024022680186941425,-0.004362675026509902,-0.020565600364116386,0.002871533066928654
0.0007213456996043753,-0.00033825477376009383,0.0013514668933209857,-0.0006079430499021619,0.0019507907546641862,-0.020887520314890995,0.00964563487720112
0.0004458012967693851,-0.00011257506098620584,0.00036055229225302743,-0.000584361673630563,0.0037941311178752296,-0.012713035186798782,0.009130125355511448
0.0006256871753001691,-0.00027587046511763635,0.0011677233113683624,-0.00046536770672272673,0.0011036371937181017,-0.017238342401136766,0.00722978408087003
0.0005439218314927112,-0.000248592700347508,0.0010742375113420542,-0.00029253024261645735,-0.00014456556731648473,-0.015894557454715,0.0049482725043441065
0.00046148044854976917,-0.00021876890068169008,0.0009498932334603,-0.00014244910376504105,-0.0011380161505794295,-0.01438186048644468,0.0030032737276852635
-0.0009638553326028212,-0.0008721631994630247,0.0022341153987246627,0.0013193053928751489,-0.020772355238193124,-0.013699765618047852,-0.02737738107467269
-0.0023278845920829305,0.002095644018302756,-0.009912059327071263,0.00017250523547879607,0.019727567661299183,0.05680660860583149,0.0015189010080945246
0.0015659172659817173,0.00012542164247658638,0.0017026958669884304,-0.0005336696897826829,-0.0019334751387760085,-0.008333928904173254,0.00357619977430218
0.0005571124927153757,-0.00032098021928061993,0.001361828360408445,-0.0002134169802739394,-0.000618073679373124,-0.016243995273340736,0.004960960133534985
0.0006835824262651836,-0.00036744100954760883,0.002432225434899956,0.000492834978923766,-0.00932791962282184,-0.012154762594780717,-0.006337006198701093
0.0006273472255831102,-0.00032723287787686517,0.002088748394191188,0.0003720690915588916,-0.00783218045222056,-0.011931184328032703,-0.004817872521845806
0.00043303678029149584,-0.0003004065584970017,0.0015786896841436943,0.00032490356668929757,-0.006698627097539919,-0.010694462632645008,-0.00446656673235364
