0.0,0.0,0.0,0.0,0.0,0.0,0.0
-37.153241572048245,-28.438089703224136,30.840724818995245,-57.73158613170882,-41.14798354218402,44.75646962974939,-52.954268296210905
-33.43797142298115,-29.47348885587327,27.739946807589998,-54.93948682850565,-37.03318518796563,40.28049434958986,-47.65207955980897
-30.094132775440038,-30.069757608729066,24.96637282541299,-49.44547552734197,-33.3301168616061,36.252427631278124,-42.887355296970995
-27.08469035117664,-31.612482288597135,22.46973554287169,-44.50090316125663,-29.997139618183517,32.62714302764305,-38.59861229376707
-24.37619351488131,-30.143194967862517,20.222761988584516,-40.050807516295286,-26.99741568509282,29.36439170801688,-34.738738307803054
-21.938554889209655,-29.15580222055671,18.20048578972607,-36.045718313948974,-24.29768577598642,26.427902641281552,-31.264856250952676
-19.74467496480015,-28.423384668227033,16.380437210753456,-32.44112454709598,-21.86798427752724,23.78501632734637,-28.1383630051848
-17.770209254065517,-27.756991384243975,14.742393489678117,-29.197041566839584,-19.681101447059124,21.406528377964747,-25.32451342184493
-15.993151716080227,-26.99779298876875,13.268154140710301,-26.277307092407796,-17.713114909832246,19.265695134921536,-22.792046507180707
-14.393855344341063,-26.011613952970574,11.941338726639271,-23.64961781588911,-15.941682663089239,17.339204510732685,-20.51283664852124
-12.954440102319163,-24.685051066188407,10.747204853975346,-21.284645743200542,-14.347592031751136,15.605119971396627,-18.46153493349444
-11.659021580942285,-22.924075612010164,9.67248436857781,-19.156215359474896,-12.912717915973035,14.044727671838492,-16.61538737745768
-10.493096311548129,-20.65315057465819,8.705235931720031,-17.240593875401043,-11.62149227687767,12.640121391820854,-14.953834963843411
-9.44381892362701,-17.81562158647102,7.834712338548028,-15.51655898210301,-10.45923239859592,11.376277180151265,-13.45846655845996
-8.499424970714871,-14.373548041254793,7.051241104693226,-13.96490741701154,-9.413324184278048,10.238576344667548,-12.112614057436142
-7.649458395137854,-10.30774805636743,6.3461169942239,-12.568420004954914,-8.472031599628176,9.214572632019195,-10.90134158681426
-6.8846831045288415,-5.616988030605512,5.711505294801509,-11.311598676196594,-7.624455152549446,8.294100695011705,-9.811290314999823
-6.196272043116566,-1.0596762013299497,5.140354765321359,-10.180480234091993,-6.861907719916108,7.465061412856669,-8.830193194708956
-5.576651460517202,-0.9537219823324383,4.6263192887892215,-9.162430761594527,-6.175711582533781,6.718649665799075,-7.9471759358252685
-5.018974920923298,-0.8583402587330315,4.1636873599103,-8.246180124945948,-5.558168585163264,6.046758450796406,-7.152451635480237
-4.517074886388376,-0.7725072175443846,3.7473186239192717,-7.421557744019921,-5.002362364824182,5.4421112563522165,-6.437204612985654
-4.065246937537507,-0.6950836625579088,3.372712057667699,-6.679588396648654,-4.502258078452554,4.897734644792999,-5.79343337886553
-3.658722243783756,-0.6256008310756651,3.0353995566808805,-6.011557720567892,-4.0520397346445725,4.407853496824367,-5.214095752189243
-3.292850019405381,-0.5630535009837356,2.7318333436089803,-5.410355190243008,-3.646845760338294,3.9669796807828455,-4.692689007084995
-2.9635650174648394,-0.5067757622721233,2.4586776843782623,-4.869367909837989,-3.2821184469320914,3.570641566717665,-4.223435950029268
-2.667208515718354,-0.4561024765394516,2.2127872268789868,-4.382389537484322,-2.9539236358470404,3.2134620385280903,-3.8010930143812685
-2.400487664146518,-0.41049247932340804,1.9914927894842216,-3.9441215237336573,-2.6585459670680835,2.8920197521240487,-3.420983374670715
-2.1604388977318667,-0.3694860203836574,1.792375307148578,-3.5497624504223455,-2.392641019723204,2.6033219749759637,-3.078911248058617
-1.9443950079586823,-0.3325336273927072,1.6131209891782055,-3.1947548269772765,-2.1533962153126502,2.3428605972557723,-2.771018492737793
-1.7499555071628163,-0.29927529346181103,1.451796407952975,-2.8752560392533852,-1.9380726533956303,2.108464784331725,-2.4939146274394677
-1.5749599564465357,-0.2693424178057279,1.306607354816755,-2.58771293019879,-1.744278655008146,1.8975251898088317,-2.24452100212144
-1.4174639608018837,-0.24240285316509969,1.1759394189358319,-2.3289283380454058,-1.5698617496467675,1.7076933180294072,-2.02006670774764
-1.2757175647216974,-0.2181574864035896,1.058339893972257,-2.096025290782814,-1.4128846432526971,1.5368560744812105,-1.8180578842779418
-1.1481458082495293,-0.1963370071319088,0.9525015207553106,-1.8864148372522018,-1.2716037017483917,1.38311211206422,-1.6362500297640759
-1.0333312274245754,-0.17669897150056038,0.8572478860245952,-1.6977671451693235,-1.1444495923835574,1.2447505668290078,-1.4726230737264872
-0.9299981046821202,-0.1590834215325887,0.7715421376484882,-1.528014314318358,-1.0299683102126203,1.1207947832539698,-1.325399465443442
-0.836998294213906,-0.14316908337860468,0.6943827495741365,-1.3752035358064651,-0.9269800020635139,1.0086411113172018,-1.1928568309684136
-0.7532984647925165,-0.1288466002754654,0.6249401980487066,-1.2376755782667535,-0.8342892767834619,0.9077112302176962,-1.0735685434221094
-0.6779686183132655,-0.11595690875279896,0.5624426270208918,-1.113901784675974,-0.7508665177986626,0.8168825153949584,-0.9662092775676838
-0.6101717564819378,-0.10435669054550234,0.506195394108117,-1.002506457457105,-0.6757851163667279,0.7351437103193263,-0.869586127726491
-0.5491545808337436,-0.09391695605066994,0.4555733539428154,-0.9022515331018822,-0.6082110900570369,0.6615848631181216,-0.7826254752110837
-0.4942391227503702,-0.08452161464665289,0.4100139002267868,-0.8120228027237947,-0.5473938266801982,0.5953871658833458,-0.7043610611007595
-0.44481521047533157,-0.07606618645971218,0.36901070582197737,-0.7308175148730481,-0.49265775267626266,0.5358138143367341,-0.6339232511640763
-0.4003336894278,-0.06845664218085251,0.3321080904298356,-0.6577332211293386,-0.4433948335964561,0.4822017865090781,-0.5705293740244203
-0.36030032048502214,-0.061608358419682624,0.2988959526446769,-0.591957739345518,-0.3990578236734726,0.43395444750469164,-0.5134750253168989
-0.32427028843651945,-0.05544517722862902,0.2690052096257985,-0.5327601221766539,-0.3591541897420535,0.39053489693702104,-0.4621262412898549
-0.2918432595928664,-0.049898559500165,0.24210369340258003,-0.4794825299378831,-0.32324064221395565,0.35145998413701723,-0.41591245494484336
-0.2626589336335776,-0.044906822925920936,0.21789245799001494,-0.43153291705048574,-0.29091821251426864,0.31629492386029373,-0.3743201564894108
-0.2363930402702188,-0.04041445610954558,0.1961024561195262,-0.3883784504944926,-0.26182782242261843,0.2846484520510178,-0.3368871876918904
-0.21275373624319904,-0.0363715012477934,0.176491548540778,-0.3495395869045979,-0.23564629620033722,0.2561684673460987,-0.3031976067632372
-0.19147836261888074,-0.03273299854106182,0.15884181257714,-0.3145847423254169,-0.212082771281702,0.23053810949834483,-0.27287706672422685
-0.17233052635699053,-0.02945848617107158,0.14295711996502083,-0.28312549527168945,-0.19087546771777958,0.20747223082937194,-0.24558865591765283
-0.15509747372128935,-0.026511550294641542,0.12866095701581087,-0.2548122696969467,-0.17178878053335825,0.18671422125109882,-0.22102915445699764
-0.13958772634916095,-0.023859420054746838,0.11579446284355718,-0.22933044983041292,-0.15461066273382368,0.1680331513718005,-0.1989256650222494
-0.12562895371424432,-0.021472603107992413,0.10421466383336808,-0.20639688365787245,-0.13915026991948193,0.1512212017756065,-0.17903258057124635
-0.11306605834282202,-0.019324557616577837,0.09379288471240174,-0.1857567361538146,-0.12523584036445018,0.136091349774957,-0.16112885527733217
-0.10175945250854035,-0.01739139705747947,0.08441331855256752,-0.16718065726809034,-0.11271278702783101,0.12247528782110474,-0.14501554837223835
-0.09158350725768473,-0.015651624565877403,0.07597173980352512,-0.15046223317494328,-0.10144198031533005,0.11022155035174996,-0.13051361360477132
-0.08242515653191518,-0.014155298793087454,0.06838070435072174,-0.1354064435229388,-0.09127272824604124,0.0997348392365641,-0.1175208084617117
-0.07418264087872473,-0.012739066346613634,0.061542173946436365,-0.12186498807160323,-0.08214612965048873,0.0897529370775685,-0.10576840106835819
-0.06676437679085012,-0.011464320348214443,0.055387531151370364,-0.10967780302026392,-0.07393219274768523,0.08076851093241988,-0.09519108904368236
-0.06008793911176724,-0.010317132967296694,0.04984839799747523,-0.09870941131425202,-0.06653957752124072,0.07268345627222751,-0.08567155403469047
-0.05407914520059265,-0.00928474047851495,0.0448632184723307,-0.08883792482815775,-0.05988615965717389,0.06540774419344082,-0.0771040144869054
-0.04867123068053125,-0.008355655669786605,0.040376592733914696,-0.07995364548317073,-0.05389802655434596,0.05886035355570822,-0.0693932667859111
-0.04380410761247865,-0.007519540839189459,0.03633866145985684,-0.07195784595038737,-0.048508656020516405,0.05296837461272039,-0.062453628059156926
-0.03942369685123027,-0.0067670927641326345,0.032704551724687544,-0.064761672444499,-0.04365817734259142,0.04766619684452783,-0.056207984070381516
-0.035481327166108294,-0.006089939179914447,0.029433878299826813,-0.05828515725897159,-0.03929270623426216,0.042894778115727714,-0.0505869323249926
-0.03193319444949694,-0.005480545618148633,0.026490294832358194,-0.0524563300646093,-0.035363746275161714,0.03860098702777169,-0.04552801086715131
-0.028739875004545116,-0.004932131568284287,0.023841089913306593,-0.047210418092336226,-0.03182765019453472,0.03473701113154974,-0.04097500419950324
-0.02586588750409113,-0.004438595029134948,0.021456823545249887,-0.04248912630934336,-0.028645135016823517,0.03125982440185715,-0.03687731861301977
-0.02327929875368362,-0.0039944446108154535,0.019310999968387005,-0.03823998958736568,-0.025780845684437975,0.02813070803698274,-0.03318941998590951
-0.020951368878314724,-0.0035947384313931574,0.017379773208394886,-0.034415789662399936,-0.023202962311286518,0.025314819241802566,-0.02987032780456744
-0.018856231990483252,-0.003235029128295694,0.015641682073248467,-0.030974030405242298,-0.020882846704985705,0.02278080318824252,-0.026883159784177935
-0.01697060879143386,-0.0029113143725104512,0.014077411653526495,-0.027876465570888763,-0.018794724231774015,0.020500443828568693,-0.02419472202896608
-0.015273547912292075,-0.0026199923348814436,0.012669578675430462,-0.025088673777909166,-0.016915397490592746,0.018448349670415948,-0.02177514017786466
-0.013746193121063397,-0.002357821608915317,0.011402538320832378,-0.022579675994063117,-0.015223988616008363,0.016601671012297328,-0.01959752743710143
-0.012371573808957594,-0.002121885144126215,0.010262210367306498,-0.02032159127701278,-0.01370170734764184,0.014939845489073234,-0.017637685810798515
-0.011134416428060234,-0.001909557788550481,0.00923592271594953,-0.01828932694395337,-0.012331642289841904,0.013444369092595485,-0.01587383720966627
-0.010020974785254213,-0.0017184770792777748,0.008312270567864627,-0.016460299727042126,-0.011098573043016882,0.012098590116572952,-0.014286381449914875
-0.009018877306726123,-0.0015465169559124442,0.007480989684353068,-0.014814184815439356,-0.009988801119699964,0.010887523730306173,-0.012857678453325036
-0.008116989576052447,-0.001391764104530624,0.006732842322192567,-0.013332689995248073,-0.00898999776721611,0.009797685115783869,-0.011571852228107074
-0.007305290618447202,-0.001252496668821615,0.006059514576413488,-0.011999352377045358,-0.008091067006465474,0.008816939309533298,-0.010414614452582585
-0.006574761556601416,-0.0011271650915821302,0.005453523989633044,-0.010799355452257832,-0.0072820223654553595,0.007934366076720989,-0.009373105701187507
-0.005917285400943939,-0.001014374873357704,0.004908136401254176,-0.009719364445118193,-0.006553875938228648,0.007140138312469152,-0.008435752548549641
-0.005325556860851677,-0.0009128710563670039,0.004417291112397137,-0.008747378130612243,-0.00589853853685679,0.0064254126161400055,-0.007592138963813284
-0.004793001174768108,-0.0008215242611200324,0.003975533534935752,-0.00787259547159258,-0.005308729827250974,0.005782230819836198,-0.006832890566035105
-0.004313701057290231,-0.0007393181202537541,0.0035779545761540077,-0.007085295593072756,-0.004777897450592844,0.0052034313744885735,-0.006149570454566654
-0.0038823309515585436,-0.0006653379698671608,0.0032201360854000327,-0.006376729759847544,-0.0043001442318616745,0.004682569606661038,-0.005534585456837321
-0.003494097856403755,-0.0005987606724718875,0.0028981017564652517,-0.005739024157039294,-0.003870162666862048,0.004213845957998119,-0.004981101751799586
-0.003144688070765511,-0.0005388454583135915,0.0026082729401269433,-0.005165092393149946,-0.0034831759599657924,0.0037920414082333737,-0.004482968931358138
-0.0028302192636910917,-0.0004849256831613441,0.0023474288757129452,-0.004648556753399327,-0.003134884957583281,0.0034124593625385197,-0.004034651656016439
-0.0025471973373214496,-0.00043640141090198203,0.002112670899840907,-0.004183677328149421,-0.002821420387808818,0.0030708733561729817,-0.0036311681452622464
-0.0022924776035893046,-0.00039273273833109745,0.0019013902345013378,-0.0037652882289064826,-0.0025392998757057528,0.0027634799940156746,-0.003268034819167136
-0.002063229843230374,-0.0003534337879157051,0.0017112389965778796,-0.003388740183119826,-0.002285389256706391,0.002486856600974474,-0.002941216476102623
-0.001856906858906271,-0.0003180673016890956,0.001540104106616147,-0.003049848869793731,-0.0020568677583337747,0.0022379231116669146,-0.0026470814528793637
-0.0016712161730172426,-0.0002862397760941271,0.0013860838069024162,-0.0027448484218289965,-0.0018511966634850302,0.0020139077750224305,-0.002382361269083986
-0.0015040945557149854,-0.0002575970836804914,0.001247466527873331,-0.0024703495784301546,-0.001666091107117032,0.0018123162919117947,-0.002144114307163172
-0.0013536851001418881,-0.00023182053291601057,0.001122711868051296,-0.0022233020224716113,-0.0014994946930274866,0.0016309040421116777,-0.0019296931246662206
-0.001218316590129831,-0.00020862332226213864,0.0010104334761184136,-0.0020009604843382045,-0.001349556648763392,0.0014676510914227447,-0.0017367150353798586
-0.0010964849311179137,-0.0001877473490947551,0.0009093836448722248,-0.0018008542355695267,-0.0012146112648647595,0.0013207397005609023,-0.0015630356325407276
-0.0009868364380061223,-0.00016896033792859755,0.000818439445919722,-0.0016207596333068092,-0.0010931593899956293,0.001188534085451845,-0.00140672495978756
-0.0008881527942055101,-0.00015205325601408415,0.0007365902509651329,-0.001458675410435227,-0.0009838517764208798,0.001069562203507679,-0.0012660460651682062
-0.0007993375147865578,-0.00013683798754732246,0.000662926501078881,-0.0013128004368527374,-0.0008854740908241093,0.0009624993631335982,-0.0011394356997996213
-0.0007194037633073691,-0.00012314524059867105,0.0005966295991051002,-0.00118151370473156,-0.000796933423898985,0.0008661534739056453,-0.0010254869468046606
-0.0006474633869792967,-0.00011082266349927983,0.0005369628128742698,-0.0010633563153676223,-0.0007172461488993837,0.0007794517732289397,-0.0009229335873802793
-0.0005827170482834987,-9.973314971206682e-05,0.00048326308819610087,-0.0009570152673936336,-0.0006455269942112624,0.0007014288816406256,-0.0008306360303471836
-0.0005244453434567475,-8.975331230495764e-05,0.00043493368056846116,-0.0008613088663191812,-0.0005809792086022142,0.0006312160537844946,-0.0007475686488297504
-0.00047200080910947406,-8.077211110582572e-05,0.00039143752378550944,-0.0007751735931508866,-0.0005228857098743961,0.0005680315053794988,-0.0006728083833081951
-0.00042480072819905956,-7.268961722445288e-05,0.0003522912617224677,-0.0006976522862603141,-0.0004706011185592468,0.0005111717084268358,-0.0006055244843974545
-0.0003823206553796865,-6.541590118275264e-05,0.0003170598769728916,-0.0006278835050667342,-0.00042354458820928476,0.000460003557802971,-0.0005449692814332354
-0.00034408858983958623,-5.887003233046029e-05,0.0002853518566696134,-0.0005650919574471114,-0.00038119335258068876,0.0004139573219368725,-0.0004904698742230415
-0.0003096797308561605,-5.2979178374143454e-05,0.00025681484175331393,-0.0005085798844672584,-0.00034307691806317875,0.0003725202991537724,-0.0004414206556474388
-0.00027871175776894574,-4.767779500483571e-05,0.00023113171132936594,-0.00045771930664467025,-0.00030877183681124465,0.00033523110899549846,-0.0003972765820491543
-0.00025084058199098536,-4.2906896634303804e-05,0.00020801705864074982,-0.0004119450456524787,-0.0002778970025422989,0.0003016745549953709,-0.00035754711661847806
-0.00022575652378975693,-3.861340008019798e-05,0.0001872140194325439,-0.000370748443879812,-0.0002501094166849904,0.0002714770016830348,-0.00032179077846552747
-0.0002031808714129113,-3.474953395402047e-05,0.0001684914175233837,-0.00033367171207696056,-0.00022510037791091675,0.0002443022143361756,-0.0002896102367855131
-0.00018286278426948854,-3.127230712789142e-05,0.00015164119584158697,-0.0003003028422520204,-0.00020259205267615654,0.00021984761518639706,-0.0002606478956614219
-0.00016457650584200678,-2.8143030394237045e-05,0.00013647610434974755,-0.0002702710293282992,-0.00018233438866782636,0.00019784091437786977,-0.00023458192040068512
-0.00014811885525567448,-2.5326885995269333e-05,0.00012282761922874363,-0.00024324255060284572,-0.0001641023369023109,0.00017803707815748637,-0.00021112266124644237
-0.00013330696972957412,-2.2792540229063518e-05,0.00011054407011117096,-0.00021891705736593742,-0.00014769335157499563,0.00016021560054488293,-0.0001900094347283862
-0.00011997627275661671,-2.0511794801891803e-05,9.94889546439004e-05,-0.00019702423729359847,-0.0001329251399200676,0.0001441780481221816,-0.00017100762690412143
-0.00010797864548095504,-1.845927309822304e-05,8.953942158793082e-05,-0.0001773208106914878,-0.00011963363706234131,0.00012974585057262678,-0.00015390608630197825
-9.718078093179372e-05,-1.6612137827262674e-05,8.058490560935994e-05,-0.0001595878270474957,-0.00010767118335849868,0.00011675831239862933,-0.0001385147775629994
-8.746270284021307e-05,-1.4949836910901904e-05,7.25258986205568e-05,-0.00014362823204817216,-9.690488401040143e-05,0.00010507082366531528,-0.00012466266971146662
-7.871643255619176e-05,-1.3453874834382096e-05,6.527284398562261e-05,-0.00012926467778406198,-8.721513268940273e-05,9.455324983018154e-05,-0.00011219583565796236
-7.084478929897386e-05,-1.2107606831318618e-05,5.8745141300692305e-05,-0.00011633755206542223,-7.84942827805335e-05,8.508848277170855e-05,-0.00010097574172441464
-6.376031037014403e-05,-1.0896053705244935e-05,5.287025072199525e-05,-0.00010470320472122374,-7.064545151848345e-05,7.657113684352013e-05,-9.087770822934806e-05
-5.738427933366097e-05,-9.805735155299367e-06,4.7582886849778516e-05,-9.423235133331626e-05,-6.358144367717145e-05,6.890637546645706e-05,-8.178952401587591e-05
-5.1645851398163245e-05,-8.824519798417141e-06,4.282429325122572e-05,-8.480863658424237e-05,-5.722378288249008e-05,6.200885516735588e-05,-7.361019956292477e-05
-4.648126625994564e-05,-7.941490180796151e-06,3.8541589511595364e-05,-7.632734127367702e-05,-5.150183980558165e-05,5.5801775328684355e-05,-6.624884477041734e-05
-4.1833139635018626e-05,-7.146821302553286e-06,3.468718359185552e-05,-6.869421866714798e-05,-4.635204751143873e-05,5.02160230462928e-05,-5.9623658937459686e-05
-3.764982567311219e-05,-6.431671310855314e-06,3.1218242964453635e-05,-6.182444717383467e-05,-4.171719527257256e-05,4.5189403590661925e-05,-5.366102182647464e-05
-3.388484310740125e-05,-5.788083119795395e-06,2.809621862749634e-05,-5.5641687788467176e-05,-3.754579300287164e-05,4.066594790454181e-05,-4.829467554983823e-05
-3.0496358798259848e-05,-5.208895863167973e-06,2.528641673198162e-05,-5.00772358198176e-05,-3.3791499236449085e-05,3.659528941843404e-05,-4.34649883145591e-05
-2.7446722921096664e-05,-4.687665237007588e-06,2.275761303076329e-05,-4.506925736680323e-05,-3.0412606287624766e-05,3.29321032379315e-05,-3.911829177561917e-05
-2.4702050628986824e-05,-4.218591787105708e-06,2.0481705907099412e-05,-4.0562102248870024e-05,-2.7371576934609454e-05,2.963560147824229e-05,-3.5206284664354454e-05
-2.2231845564490982e-05,-3.796456385415925e-06,1.8433404076589888e-05,-3.650568557849593e-05,-2.4634627387123964e-05,2.6669079106630966e-05,-3.168549605225184e-05
-2.000866101070642e-05,-3.416562152983027e-06,1.6589945556366725e-05,-3.285493121814309e-05,-2.2171351978253484e-05,2.399950525942829e-05,-2.8516802323180247e-05
-1.8007794908571698e-05,-3.0746822117094785e-06,1.4930844699515e-05,-2.956927087536393e-05,-1.9954385380091533e-05,2.1597155447000693e-05,-2.566499237608268e-05
-1.620701541504843e-05,-2.767012640375599e-06,1.3437664559648455e-05,-2.6612193293695796e-05,-1.795909857685296e-05,1.943528059794586e-05,-2.309837640019274e-05
-1.4586313874076495e-05,-2.4901301664409514e-06,1.2093812001748305e-05,-2.3950838519283535e-05,-1.6163325280676988e-05,1.7489809209209062e-05,-2.0788433692653287e-05
-1.312768248773466e-05,-2.2409540646611825e-06,1.0884353315171458e-05,-2.155563276637351e-05,-1.4547115656543541e-05,1.5739079330279182e-05,-1.870949576688024e-05
-1.1814914241625729e-05,-2.0167118849612198e-06,9.79584824511992e-06,-1.9399959778065856e-05,-1.3092514703147429e-05,1.4163597374688974e-05,-1.683846108522678e-05
-1.063342281959305e-05,-1.8149086087326793e-06,8.81620065705524e-06,-1.7459865058515323e-05,-1.1783362785122709e-05,1.2745821047557837e-05,-1.5154538388415743e-05
-9.570080536036585e-06,-1.6332988717754349e-06,7.934524102526375e-06,-1.5713789693644342e-05,-1.0605116104719925e-05,1.1469964044150127e-05,-1.3639015616728582e-05
-8.613072484564555e-06,-1.4698619971026394e-06,7.141020857220903e-06,-1.4142330743920073e-05,-9.544685131632202e-06,1.0321820259215353e-05,-1.227505202404779e-05
-7.751765235042285e-06,-1.3227795130354991e-06,6.426873019924062e-06,-1.2728025693818645e-05,-8.59028918880067e-06,9.2886056133612e-06,-1.1047490991118129e-05
-6.976588709408163e-06,-1.1904149052888169e-06,5.784144541914893e-06,-1.1455158346516947e-05,-7.73132558598566e-06,8.358815714440415e-06,-9.942691640481196e-06
-6.278929840064507e-06,-1.0712954278818687e-06,5.205693030502223e-06,-1.0309584213295808e-05,-6.958251808075744e-06,7.522097758644319e-06,-8.948377249678053e-06
-5.651036854459335e-06,-9.640956998568928e-07,4.685090372782974e-06,-9.278573319421168e-06,-6.262479533461485e-06,6.769135253409386e-06,-8.053498820657576e-06
-5.997723046942561,1.4527389506304405,1.661012074596858,10.025411279699206,3.3026621645502896,-1.3479142927249332,-6.355960708629912
0.5997672187610883,-0.14524185245270527,-0.16609534514417734,-0.46737344883841025,-0.3302688987437552,0.13453612139061888,0.6356483441894056
0.4539572721577342,-0.10301927646306516,-0.10749040466590921,-0.7662036313436826,-0.2224139843245747,0.1007380019693412,0.4628393222671221
0.32187660274379404,-0.06527622827948892,-0.055547311487443955,-0.499283904601352,-0.1257469589306386,0.071221293492616,0.3073150146955106
0.20234820442527912,-0.03142408370519387,-0.00930438016649631,-0.2583526960202357,-0.03965925956767675,0.04465661288506083,0.16738375231792305
0.09405928405278982,-0.0010691714620192638,0.03166603269372656,-0.04070302952330487,0.0370472207360531,0.02017017962684567,0.041481494054916884
-0.004108733089012162,0.02614147772942539,0.0679456570371905,0.1559040487584936,0.10533876603024096,-0.0020465128432296392,-0.07179173988276968
-0.09316290140387729,0.05058156171765624,0.09998391821195754,0.3336258129753936,0.16603124367254224,-0.022891352594502146,-0.17366693604259054
-0.17400990457820772,0.0724266400420497,0.128280654548599,0.4942479077212933,0.21996474928408868,-0.04119754546768773,-0.2653621993545449
-0.24746607946101307,0.09198300250260695,0.15318748347634742,0.639542733840849,0.2677935891213003,-0.05783001379534658,-0.3478742196464024
-0.3142664533594992,0.10948208595480263,0.17505415046687067,0.7710472276333928,0.31013842088759,-0.07295566423164028,-0.42212868747230425
-0.3750728638972732,0.1251319227525094,0.19419524866806231,0.8901448522571875,0.34755777144551253,-0.08672263724124743,-0.48895888882781396
-0.4298882629596551,0.14015324554264247,0.21171736058929075,0.9945132345024738,0.3849586920160497,-0.1032517133322696,-0.5726016287033616
-0.47859978850145907,0.15543493238854555,0.22903594863883694,1.0803088986799254,0.429374003711121,-0.1182426519678906,-0.7232170499643173
-0.5245209534023806,0.1652205182763552,0.2421102678691938,1.1698198310989518,0.45260612887199675,-0.11547977797178532,-0.7744697344929636
-0.5665409196157069,0.17529327902966813,0.2532478447205311,1.2494002475784824,0.4763408145447974,-0.12311793859011214,-0.8325887431291314
-0.605786175767325,0.18601531364916138,0.26131075881619337,1.3230740155878193,0.49869369183699874,-0.1507604795758471,-0.8767165971902013
-0.6403563146085375,0.19259517153708816,0.27048809921917527,1.389268389803845,0.5143060985928167,-0.14919021859514656,-0.8981321089712523
-0.6737018379089064,0.19967515695679722,0.2756907992855679,1.4539038585387882,0.5255438216506121,-0.16546591008929123,-0.9061727319756923
-0.7028698571499223,0.20396808069904493,0.28262789775352043,1.509280388790053,0.5352800904443293,-0.15381128668132324,-0.9273715274979183
-0.730607422455174,0.2104102878330838,0.2868982150923007,1.5588860731838265,0.5490213585952685,-0.16478032779789453,-0.9816747122385705
-0.7561399886692634,0.21337694622276926,0.29092449272325444,1.6072911763865856,0.5533163701917307,-0.15228249526018658,-0.9932383547474645
-0.7795851536895964,0.21642060137941693,0.29390025157324107,1.653082486185934,0.5552253185977037,-0.15663168453282164,-0.9601959986252668
-0.8016675270320702,0.22082256239684211,0.29548878959864167,1.6931760476378888,0.5612394987710886,-0.17204476481744502,-0.9680702624437271
-0.8219449812246137,0.22382838685930045,0.29737330156505204,1.7288566264297045,0.5666237139712579,-0.17061019193348897,-0.9940436501994594
-0.8412898828150905,0.22636217417823035,0.29756362635272327,1.7662708449925661,0.5646587885629732,-0.18416340176942336,-0.9476486812819356
-0.8587997547666013,0.22929273007236878,0.2984410191759488,1.7959773491508193,0.5698418751702151,-0.19059296151770494,-0.9698268804183396
-0.8758900442974975,0.23132864182367124,0.2976439207725476,1.8282192418577885,0.5671058603437485,-0.2031648881427982,-0.9326427338720625
-0.8915268240784849,0.2330051764640496,0.29720257496983266,1.8562993511372,0.5664429984755953,-0.2099039127192021,-0.92224963345072
-0.9062805337513788,0.23491285811462434,0.29653070536958354,1.8809001265813299,0.5683033548213099,-0.2152485996320842,-0.9403742873692702
-0.9202431640456323,0.236770304187018,0.2955732235735675,1.903850479305794,0.5695530366392912,-0.22225867112763514,-0.955041624164592
-0.9341378016390691,0.23827166113506326,0.2931838461475322,1.9287180065691394,0.565404288364222,-0.23487851288972567,-0.9331499304856617
-0.9468168141824429,0.23946676300995526,0.29144534709226533,1.9507381090421128,0.5627276327328461,-0.24486960482253514,-0.9238867827381363
-0.9588932338511389,0.24066790538877092,0.28969203220019524,1.9701447590652783,0.5620585209480071,-0.25061319875272786,-0.9397984923384041
-0.9704827619874657,0.2417881741972824,0.2877320778890865,1.9890144325102608,0.5600434582971554,-0.25852736703218776,-0.9461659082633562
-0.9819235336898947,0.24282606682348445,0.2851890634130163,2.0077872492652,0.5564517911211593,-0.2669008113148116,-0.9471898178537025
-0.9928087271643101,0.24289374940500963,0.2827312174966694,2.0257043381122775,0.5532981050030094,-0.27503115657430033,-0.9387267356766359
-1.0035018198659118,0.2433997258974661,0.27974369270117716,2.042811893079561,0.549188190317737,-0.27666217527168174,-0.9537844372498393
-1.013105146258037,0.24382999062607702,0.27783350215767844,2.0570223406675687,0.5487244416104089,-0.2781899285155832,-0.9895386629357575
-1.022960426837455,0.24437544508365439,0.27502486380789476,2.072050144590392,0.5457291608972408,-0.2813093698690997,-1.0126849137350447
-1.0322168882710097,0.24470191625744686,0.2727074971239661,2.0856215362699175,0.5441407696186265,-0.28230760244380343,-1.0448474723451342
-1.0414454158813713,0.2450478994359655,0.27004026323724595,2.0991945533103302,0.5414371816574937,-0.28364519861947174,-1.0702395015387283
-1.0503845203813627,0.24529925420273999,0.26747579589583104,2.1122282301675828,0.5389622455423175,-0.2846083887678143,-1.0976054158145543
-1.059165099712768,0.24550190141863681,0.2648582941350137,2.125015080639763,0.5362296662377662,-0.28546335041070636,-1.123507791785331
-1.0677203480475093,0.24596145759643248,0.2624783550346999,2.1375747989724436,0.5324880725102721,-0.29183836402127294,-1.1397893210990722
-1.0763369957798665,0.24598751041803935,0.259655171909003,2.1503218787556433,0.5289543533091119,-0.29163321150970783,-1.1620271806495999
-1.0844999015796748,0.24656390263849537,0.2576281333438489,2.1623384555097647,0.5250114418156345,-0.30237616353796004,-1.1810230277529432
-1.0929845073599722,0.24645088034662233,0.25469296051715495,2.1748844138452057,0.5205975888643875,-0.30101972645272107,-1.1961187905391786
-1.1012235558513819,0.24649771774014384,0.2520204418772995,2.186871312342971,0.5168838323671676,-0.30237442027953776,-1.2174733556333914
-1.1094775400956893,0.2461757939421657,0.24922043707111058,2.199089714891837,0.5130775955929161,-0.2987437259704992,-1.234126192610285
-1.1175571928237675,0.24557784859830517,0.24658327719198944,2.211052446380897,0.5103892174937826,-0.2920766922508146,-1.2547666641170867
-1.1258663570719267,0.24410991166914753,0.2431144278758291,2.223107929730922,0.5098494914938643,-0.2697781995092555,-1.2757323267491127
-1.13348588481443,0.2450314646736742,0.24165470509029055,2.2346752809464623,0.5045544696117906,-0.2885462771889048,-1.2948653242187922
-1.141721156947967,0.24519835125366718,0.23882889831620774,2.2466906765333556,0.49968353424795436,-0.2908010383944552,-1.3052497103603578
-1.1498511661284543,0.2435102681465239,0.23608438075461113,2.259478303121655,0.497703483134655,-0.2714296334594251,-1.305914963982331
-1.1579435672719516,0.24395537428456326,0.23334972494435574,2.271192218547453,0.49247885346279574,-0.2783368295677965,-1.315621846189036
-1.1667221033991497,0.2408281448326206,0.2291980949338063,2.2850810979442553,0.49309676597215724,-0.22222644705334785,-1.2596583752176014
-1.1749540966569978,0.23820716328993835,0.2265690820502813,2.2990969695666115,0.48824446052699955,-0.20075893263523917,-1.2202430463557588
-1.1832593699009983,0.23645672172008977,0.22384153185207928,2.312644444572216,0.4842887519406888,-0.18753795360269707,-1.1963141999361053
-1.0657324687282748,0.21042989891187247,0.20021853143644647,2.0836637786880283,0.4344740585139677,-0.14376569855808047,-1.0239326899301153
-0.9589277383061274,0.187976268607438,0.18058123903576218,1.8762065105699595,0.39401796652569265,-0.12353591749251924,-0.9442658053673907
-0.862884061894789,0.16846417378529738,0.1628127620151161,1.689079119963798,0.3573152001704382,-0.11019111088007308,-0.877740101716915
-0.7765680880130663,0.1511204742025148,0.14660261695752624,1.520533783193436,0.323866316898649,-0.09826448035997479,-0.8122318964108854
-0.700766290401431,0.13504307998222448,0.12898662802763547,1.3714895014520638,0.28504812624794024,-0.07144255043054047,-0.6391204604150389
-0.6308210757860055,0.11918722173310008,0.11567680628698424,1.2363354587978692,0.2580624660698503,-0.051204764235415236,-0.5607685729936082
-0.5678923796444918,0.10526286710564833,0.10357733084264317,1.1142153798576862,0.23482463928293953,-0.03496061877753641,-0.49939834596917476
-0.5114445004594677,0.09459514914168043,0.09265486367291519,1.0034365830075627,0.21102546519056858,-0.03191332447343872,-0.44740231514717865
-0.4630530051115513,0.09049998158183653,0.07933582725323449,0.9009570636299141,0.18040418372498418,-0.04080154176448553,-0.32887265876051897
-0.4154771257037503,0.07529522164414561,0.07311656077490347,0.8149996992090749,0.1695049811142971,-0.01664107325515842,-0.3292302684632673
-0.3747625732078113,0.06975216269420395,0.0646053444259887,0.732969763623071,0.14920754632101815,-0.023439312080682,-0.28627931751167435
-0.3413545813590866,0.07998896522156095,0.05272022435563211,0.6459734750995797,0.12068209687169842,-0.06899876904043105,-0.17808644448120145
-0.3076059860027715,0.07407726501217066,0.047012004657841035,0.5790885338712473,0.10823204770557837,-0.06735577871247651,-0.15662657911374717
-0.2768453874024939,0.0666726898900163,0.042310963748763,0.5211786937018608,0.09740573564392296,-0.06063377625896792,-0.14096220622426345
-0.24916084866224603,0.060003369072213916,0.0380799558048495,0.46906066223143,0.08766802375234675,-0.05456295987224387,-0.12686648147335855
-0.22424476379602254,0.05400116408180351,0.03427204182186226,0.4221544439281231,0.07890382996061954,-0.04909989187520741,-0.11418028262315809
-0.20182028741641922,0.04859935890454861,0.030844912633935975,0.3799388567076464,0.0710158099501636,-0.044183786255078954,-0.1027626572535225
-0.1816382586747789,0.0437378970850654,0.02776049014091903,0.3419448376008953,0.063916368000067,-0.03975988543700235,-0.09248675289693502
-0.16347443280729837,0.03936272915593193,0.024984504064366326,0.30775022973896465,0.05752666637062978,-0.035778912825725664,-0.08323840181734574
-0.14712698952656741,0.035425211889085206,0.02248611115558779,0.2769750917908029,0.051775749526567896,-0.032196524466633264,-0.07491485258141445
-0.13241429057391232,0.031881567585181556,0.020237552485457368,0.24927747645034998,0.04659975599161652,-0.028972815404849285,-0.0674236284801095
-0.11917286151652107,0.028692397434313163,0.018213845007119554,0.22434963106681377,0.04194120902554667,-0.026071875422102694,-0.06068150010260942
-0.10725557536486895,0.025822243542657136,0.01639250396390111,0.20191457820514694,0.03774837823764157,-0.02346138921740986,-0.05461356064764418
-0.09653001782838368,0.023239194759566012,0.014753293057648276,0.1817230381448588,0.033974705040231035,-0.021112276589139972,-0.04915239369911313
-0.08687701604554475,0.02091453192582944,0.013277999601191443,0.16355065912431588,0.03057828555621503,-0.018998368619369994,-0.044237324219994836
-0.07818931444099242,0.018822408601386065,0.011950232156303135,0.1471955245568467,0.027521405233775942,-0.017096116260621012,-0.03981374444321074
-0.07037038299689159,0.01693956372481059,0.010755238408473634,0.13247590952225125,0.024770119996459852,-0.01538432808451691,-0.03583250717012465
-0.0633333446972024,0.0152450630114815,0.009679741254618093,0.11922826160664086,0.02229387927440174,-0.013843934275665465,-0.03224937973632177
-0.05700001022748325,0.013720066216506371,0.0087117912823601,0.10730538365642396,0.02006518672818336,-0.012457774245400705,-0.029024552578238626
-0.05130000920473599,0.012347617675858152,0.007840634001636773,0.09657479825532973,0.018059294895744288,-0.011210405502474922,-0.026122196940851026
-0.04617000828426398,0.011112457797678374,0.007056590353284896,0.08691727575254736,0.016253930370020042,-0.010087931653995588,-0.023510066812662028
-0.04155300745583545,0.010000853408555915,0.006350949166903097,0.07822550948715469,0.014629046454177883,-0.009077847622412573,-0.02115914066540354
-0.03739770671024978,0.009000445069074686,0.0057158703729757905,0.07040292348933255,0.013166600546863541,-0.008168900355935607,-0.01904329901819249
-0.0336579360392264,0.00810010966141761,0.0051442978938178,0.06336259941103711,0.011850353784551862,-0.007350963481903096,-0.017139034243907243
-0.03029214243530376,0.007289836721613721,0.004629881245431601,0.05702631076313658,0.010665690715521828,-0.006614924507748254,-0.015425189393748876
-0.02726292819177445,0.006560617141697103,0.004166904979156963,0.05132365372861426,0.009599457002499118,-0.0059525833138055,-0.01388272313820244
-0.024536635372594873,0.00590434300457815,0.0037502251791339536,0.046191264894242585,0.008639813351333833,-0.00535656080776864,-0.012494498213009853
-0.022082971835333254,0.005313717438092183,0.0033752123099629362,0.041572117209007955,0.007776104043370091,-0.004820216723771295,-0.011245091019673092
-0.019874674651802593,0.004782173486122546,0.003037699779575031,0.037414886346561496,0.00699873861133142,-0.004337575650734032,-0.010120620265154857
-0.017887207186623396,0.00430380109487126,0.0027339376457392733,0.03367338043151137,0.00629908534467194,-0.0039032604662684323,-0.00910859273693254
-0.016098486467960527,0.003873281402557993,0.002460550951874651,0.03030602679298064,0.0056693754416269615,-0.003512432434810503,-0.008197764499991617
-0.014488637821166606,0.0034858276020616474,0.002214502229246098,0.02727541004293101,0.0051026167435342384,-0.003160737302936492,-0.00737801597354747
-0.01303977403904888,0.0031371317189962944,0.0019930577488542905,0.024547856346616836,0.004592516093387372,-0.002844256791460442,-0.00664023949965069
-0.011735796635143458,0.0028233167135783693,0.001793757148109882,0.022093059266143678,0.00413340945641269,-0.0025594649440505435,-0.0059762381544964
-0.010562216971630178,0.002540893373687861,0.0016143860947776048,0.019883743019632152,0.0037201990266466922,-0.0023031888462342193,-0.005378634678262195
-0.009505995274469825,0.00228672151996899,0.0014529516844780654,0.017895359414599594,0.0033482966210757054,-0.002072573277187441,-0.0048407895115670715
-0.008555395747023908,0.002057975091551534,0.0013076602984113325,0.016105815088078592,0.0030135727327438994,-0.0018650489006753895,-0.004356727028040332
-0.007699856172319386,0.00185211072430079,0.0011768976752404847,0.01449522602272374,0.00271231067708301,-0.0016783036407213847,-0.003921069143346799
-0.006929870555085316,0.0016668394721861823,0.0010592109757631037,0.013045696611454386,0.002441165322264724,-0.0015102569232621627,-0.003528975563067457
-0.006236883499575185,0.0015001013573888028,0.0009532926410873929,0.011741120815624975,0.002197125945305217,-0.00135903649678433,-0.003176090005576128
-0.005613195149617667,0.0013500424662040295,0.0008579658649340745,0.010567003207489403,0.0019774828014667567,-0.0012229575737706527,-0.0028584918024599543
-0.005051875634658032,0.001214994336039818,0.0007721715186915605,0.009510297908477894,0.001779797035704564,-0.001100504060586635,-0.0025726523386943143
-0.00454668807119063,0.0010934554043934286,0.0006949563839298949,0.00855926363366357,0.001601873602077128,-0.0009903116667207904,-0.002315395848667151
-0.004092019264069435,0.0009840743134876956,0.0006254625616484051,0.007703333231853016,0.0014417368904018346,-0.0008911527052056431,-0.0020838641324497933
-0.0036828173376619584,0.0008856348849944767,0.0005629179405613922,0.006932996271726041,0.001297608789484192,-0.0008019224149007492,-0.0018754848003320035
-0.0033145356038968288,0.0007970425977390089,0.00050662761854069,0.006239693369411322,0.0011678889433744816,-0.000721626652285326,-0.0016879426927753271
-0.002983082043506613,0.0007173124180741147,0.00045596618190128085,0.005615721083287388,0.00105113698138673,-0.0006493708155921735,-0.0015191541582793462
-0.002684773839154886,0.0006455578476041168,0.0004103707567123284,0.005054146319442714,0.0009460565245663077,-0.0005843498779434311,-0.0013672439033942363
-0.0024162964552409956,0.0005809810664783449,0.00036933475498642995,0.004548729296499399,0.0008514807910305761,-0.0005258394184220749,-0.0012305241576118114
-0.0021746668097168964,0.0005228640626908088,0.0003324022462414984,0.004093854214119466,0.0007663596403152256,-0.00047318755118739425,-0.0011074759217019775
-0.001957200128744674,0.0004705606486982844,0.00029916289185729847,0.0036844668545649543,0.0006897479128913364,-0.0004258076626917351,-0.0009967320911989245
-0.0017614801158707394,0.00042348927667999747,0.00026924738602246076,0.00331601842422068,0.0006207949353734254,-0.0003831718760975572,-0.000897062267417815
-0.001585332104285797,0.00038112657245034653,0.00024232335254009002,0.0029844150109476254,0.0005587350748604974,-0.00034480517008780853,-0.0008073590873429373
-0.001426798893859882,0.0003430015162250166,0.0002180916519829712,0.002685972095719101,0.0005028792375759567,-0.0003102800865470087,-0.0007266259205032195
-0.0012841190044738933,0.0003086902054878077,0.00019628305808019886,0.002417373613117984,0.00045260721736181675,-0.00027921196813602417,-0.000653965796063991
-0.0011557071040275702,0.00027781114172963084,0.0001766552664961736,0.0021756351058358735,0.00040736080908167216,-0.00025125467272838625,-0.0005885714372298508
-0.0010401363936232149,0.0002500209886905913,0.00015899020269085837,0.0019580705636652873,0.00036663761047839305,-0.0002260967169572109,-0.0005297162921386492
-0.0009361227542630246,0.00022501075487456335,0.00014309159901910312,0.0017622625787018786,0.0003299854436451949,-0.00020345780587800733,-0.0004767464616394078
-0.0008425104788383209,0.00020250235798273397,0.00012878281408877298,0.0015860354849569248,0.00029699733416409246,-0.00018308571012997515,-0.00042907343427961995
-0.0007582594309560875,0.0001822455329756889,0.00011590487017880055,0.001427431184067851,0.0002673069922067006,-0.00016475345575989175,-0.0003861675477371336
-0.0006824334878583467,0.0001640150494491427,0.0001043146869272385,0.0012846873884141373,0.0002405847453294252,-0.0001482567954448899,-0.0003475521041280626
-0.0006141901390730453,0.00014760820735783275,9.388349164152557e-05,0.0011562180399745346,0.00021653387791888135,-0.00013341193291985937,-0.00031279807374109524
-0.0005527711251662733,0.00013284258324849918,8.449538855481026e-05,0.001040595687275249,0.00019488733653884316,-0.00012005347521493875,-0.000281519328367666
-0.0004974940126523109,0.00011955400194925414,7.60460711801414e-05,0.0009365356246588893,0.00017540476464282528,-0.0001080325899797327,-0.000253368351311554
-0.00044774461138707977,0.00010759471113250263,6.84416634010275e-05,0.0008428816176521241,0.00015786983374548036,-9.721534728513587e-05,-0.00022803237637425292
-0.0004029701502510359,9.683173851655902e-05,6.159767647693007e-05,0.0007585930557634721,0.00014208784135759378,-8.748122745765724e-05,-0.00020522991289699186
-0.0003626731352248669,8.714541336242443e-05,5.543807030931186e-05,0.0006827333900406504,0.00012788354908516153,-7.872177834027799e-05,-0.0001847076183421727
-0.0003264058217045118,7.842803590576986e-05,4.989440861418934e-05,0.0006144597268816707,0.00011509923682297141,-7.083940697114044e-05,-0.00016623748355271487
-0.0002937652395367252,7.058267985061983e-05,4.4905098558152556e-05,0.0005530134624371595,0.00010359295149436898,-6.374629227469397e-05,-0.0001496142995366578
-0.00026438871558198684,6.352211468908797e-05,4.041470642771397e-05,0.0004977118535905364,9.323693083229667e-05,-5.736340661666173e-05,-0.00013465337748056003
-0.0002379498440259198,5.7167835799371014e-05,3.637334174337939e-05,0.000447940431873,8.391618476061291e-05,-5.161963532701597e-05,-0.00012118849682858732
-0.0002141548596217291,5.144919157966388e-05,3.273610293354906e-05,0.00040314617595425123,7.552721856421418e-05,-4.645098437112277e-05,-0.00010907005853468552
-0.0001927393736611549,4.6302597880076846e-05,2.9462578466622757e-05,0.00036283136688598783,6.79768837344441e-05,-4.1799867383798817e-05,-9.816342291795723e-05
-0.00017346543629770438,4.167083103678859e-05,2.6516397867267644e-05,0.0003265480578648963,6.118134365773464e-05,-3.76144640701348e-05,-8.834741384341604e-05
-0.0001561188926668673,3.750239160854596e-05,2.386482760219008e-05,0.00029389309697448046,5.5065142735136186e-05,-3.3848142856438e-05,-7.951297234612929e-05
-0.0001405070034028455,3.375093178450972e-05,2.1478407412626327e-05,0.000264503647675135,4.95603685389534e-05,-3.0458941346137025e-05,-7.156194501226152e-05
-0.00012645630306096223,3.0374740028857317e-05,1.933062298471039e-05,0.00023805315725795514,4.460589773258583e-05,-2.7409098799807685e-05,-6.440599341117452e-05
-0.00011381067275273438,2.733627733286781e-05,1.7397611371532118e-05,0.00021424772844463522,4.0146717382699704e-05,-2.4664635433831184e-05,-5.796561268454773e-05
-0.00010242960548012547,2.4601759791506583e-05,1.5657895852113496e-05,0.0001928228538135568,3.613331411106424e-05,-2.219497382387886e-05,-5.216924816563509e-05
-9.218664493104711e-05,2.214078300580291e-05,1.4092147323282317e-05,0.00017354047682475657,3.252112430290888e-05,-1.9972598253148455e-05,-4.695250042631438e-05
-8.29679804379424e-05,1.992598399269685e-05,1.2682969538335004e-05,0.00015618634669132062,2.927003929957539e-05,-1.797274811939087e-05,-4.225740974561805e-05
-7.467118239468063e-05,1.793273696641673e-05,1.1414705837445305e-05,0.0001405676378083351,2.6343960039990066e-05,-1.617314208213899e-05,-3.8031812198879335e-05
-6.720406415361424e-05,1.6138879522065164e-05,1.027326518465363e-05,0.00012651080723255492,2.3710396228046604e-05,-1.4553729824021144e-05,-3.422876006621686e-05
-6.048365774091735e-05,1.4524466208212794e-05,9.245965603935091e-06,0.00011385966639176903,2.1340105567549394e-05,-1.309646863962427e-05,-3.080600023028452e-05
-5.4435291964693554e-05,1.3071546771201148e-05,8.321393287540058e-06,0.00010247364564338474,1.920676906363994e-05,-1.1785122435589712e-05,-2.772550476501422e-05
-4.899176276929084e-05,1.176396656937806e-05,7.489275778146259e-06,9.222623238048372e-05,1.7286698794291566e-05,-1.0605080825780433e-05,-2.4953048386656095e-05
-4.4092586493960084e-05,1.0587186951904748e-05,6.740367839090655e-06,8.300356531218758e-05,1.5558574881377463e-05,-9.543196347383542e-06,-2.2457828237492945e-05
-3.968332784509698e-05,9.528123596835858e-06,6.066348728624854e-06,7.47031693364153e-05,1.4003208757690233e-05,-8.587637983822893e-06,-2.0212121632605818e-05
-3.571499506271891e-05,8.575001049226927e-06,5.459729764262233e-06,6.723281690386787e-05,1.2603330098309717e-05,-7.727759360913466e-06,-1.8190978060705302e-05
-3.2143495555914114e-05,7.717221786093797e-06,4.913771100827774e-06,6.050950326492652e-05,1.1343395077287322e-05,-6.953980107457514e-06,-1.6371941985915753e-05
-2.8929146001388517e-05,6.945248368347978e-06,4.422406875044527e-06,5.4458524184362866e-05,1.0209413755013497e-05,-6.257679131108085e-06,-1.473480334923975e-05
-2.6036231400184285e-05,6.250497421630974e-06,3.980177783816097e-06,4.901264588135987e-05,9.18879474248735e-06,-5.631098570310633e-06,-1.3261373019757099e-05
-2.3432608259099652e-05,5.6252441883175575e-06,3.5821704410556043e-06,4.411135799686772e-05,8.270205389279695e-06,-5.067257347286802e-06,-1.1935280723127713e-05
-2.108934743105806e-05,5.0625366322526455e-06,3.223962788082013e-06,3.9700201232246296e-05,7.44344595614288e-06,-4.5598734012067266e-06,-1.0741793155991716e-05
-1.898041268688644e-05,4.55611814749457e-06,2.901574960894465e-06,3.5730162241107144e-05,6.699336349488827e-06,-4.103293685914222e-06,-9.667650293082065e-06
-1.7082371416065733e-05,4.100357996472681e-06,2.6114250707039155e-06,3.2157129038305754e-05,6.029614202957001e-06,-3.692431189701584e-06,-8.700918075374344e-06
-1.5374134274992457e-05,3.6901886998619293e-06,2.3502894128078766e-06,2.894140085109298e-05,5.4268431190218624e-06,-3.322708267021468e-06,-7.830855795451768e-06
-1.3836720846426964e-05,3.3210496845903492e-06,2.115266634857005e-06,2.6047247008477437e-05,4.88433010462086e-06,-2.990005632474979e-06,-7.047796794202709e-06
-1.2453048762850472e-05,2.9888365878083523e-06,1.9037455181239449e-06,2.3442509923643495e-05,4.3960512598334445e-06,-2.6906164498630147e-06,-6.343041030506483e-06
-1.120774388496627e-05,2.6898556146487396e-06,1.7133759561763218e-06,2.109824778867911e-05,3.9565848818090554e-06,-2.4212050532823604e-06,-5.708758447072176e-06
-1.0086969494338838e-05,2.4207824750183127e-06,1.542042853752007e-06,1.898841298497711e-05,3.5610512651718107e-06,-2.1787697822156504e-06,-5.1379019710110115e-06
-9.078272544371657e-06,2.1786254089939394e-06,1.387842610202361e-06,1.708956266010045e-05,3.2050585228871054e-06,-1.960609519298384e-06,-4.624129211192041e-06
-8.17044529100074e-06,1.960691933519665e-06,1.2490619902549849e-06,1.5380598273436602e-05,2.884653813567395e-06,-1.7642936173609125e-06,-4.161731978223181e-06
-7.353400762966089e-06,1.764558899053359e-06,1.1241590677918412e-06,1.384253113741532e-05,2.596279460101436e-06,-1.5876348082796699e-06,-3.74557290276677e-06
-6.618060686136573e-06,1.5880455530997706e-06,1.0117461093049618e-06,1.2458271438510471e-05,2.3367334364143844e-06,-1.428664828551085e-06,-3.3710283204361167e-06
-5.956254614858381e-06,1.4291892904000347e-06,9.105741519688237e-07,1.1212438372300293e-05,2.103133823094794e-06,-1.2856125042384758e-06,-3.0339369226088826e-06
-5.360629151240914e-06,1.286223823213084e-06,8.195191217759412e-07,1.00911892072994e-05,1.8928867950435135e-06,-1.1568839973913336e-06,-2.730553523008078e-06
-4.824566234518102e-06,1.1575595587065557e-06,7.375693585262577e-07,9.082065487303614e-06,1.7036578325163587e-06,-1.0410450746248245e-06,-2.4575074390352156e-06
-4.3421096105333845e-06,1.041765911286019e-06,6.638143557786969e-07,8.173854624152904e-06,1.533345792475993e-06,-9.368050989458365e-07,-2.21176502974681e-06
-3.907898650013387e-06,9.375553954305005e-07,5.974346625158e-07,7.356465271432522e-06,1.3800595855401054e-06,-8.430026709332905e-07,-1.990596027884057e-06
-3.517108785544565e-06,8.437693233276367e-07,5.376927600560244e-07,6.620815242906752e-06,1.242097159209754e-06,-7.585926781600305e-07,-1.791543175808704e-06
-3.1653979064572013e-06,7.593649148374126e-07,4.839248927655804e-07,5.958730568873111e-06,1.11792662312038e-06,-6.826346629282276e-07,-1.6123949417067365e-06
-2.8488581147452334e-06,6.834036975350566e-07,4.355336715132496e-07,5.3628546776568475e-06,1.0061692226198682e-06,-6.142823261931496e-07,-1.4511609213244125e-06
-2.5639723038040074e-06,6.150410746946777e-07,3.919814444905412e-07,4.826566657949172e-06,9.055840332755638e-07,-5.527741098118599e-07,-1.30604975512056e-06
-2.307575075021894e-06,5.535169373682702e-07,3.5278432879495836e-07,4.343907695932708e-06,8.150541894458296e-07,-4.974247174160951e-07,-1.1754492088254798e-06
-2.076817565921374e-06,4.981472205567439e-07,3.175068228750133e-07,3.9095148560500115e-06,7.33574471598053e-07,-4.4761746269272873e-07,-1.0579082791021578e-06
-1.8691358114608647e-06,4.483162749785441e-07,2.8575697322286153e-07,3.5185615121849367e-06,6.602401559502313e-07,-4.0279741307658323e-07,-9.521210362285933e-07
-1.6822222281835837e-06,4.034700485933129e-07,2.571820259429647e-07,3.166703683856603e-06,5.94236956572014e-07,-3.6246519913990527e-07,-8.569121616487652e-07
-1.5140000027007335e-06,3.6310990318699776e-07,2.3146449930344648e-07,2.8500318077946674e-06,5.348319953024649e-07,-3.2617145533792025e-07,-7.712238494330184e-07
-1.3626000008315486e-06,3.2678708623834485e-07,2.0831865606141253e-07,2.565027273845888e-06,4.81365656154753e-07,-2.93511809058844e-07,-6.941040827795897e-07
-1.2263400002154867e-06,2.940977358867336e-07,1.8748733799159312e-07,2.3085233307462705e-06,4.332442656157509e-07,-2.641223772054113e-07,-6.246960295185934e-07
-1.1037060012597522e-06,2.6467838182275827e-07,1.687390936318256e-07,2.0776699034413815e-06,3.8993349721350157e-07,-2.376757162608767e-07,-5.622285460123687e-07
-9.933354032654051e-07,2.38201925809034e-07,1.5186562574848184e-07,1.8699019275585094e-06,3.5095244228788847e-07,-2.1387716685888902e-07,-5.060075977019254e-07
-8.940018645375858e-07,2.1437397407231273e-07,1.3667946255693786e-07,1.6829108494161027e-06,3.1586826107488086e-07,-1.924615672596608e-07,-4.5540855340975295e-07
-8.046016759517653e-07,1.9292959624328532e-07,1.230118741174513e-07,1.5146189611542349e-06,2.842913937317615e-07,-1.73190317850902e-07,-4.098692472907263e-07
-7.241415094227932e-07,1.7363035076378708e-07,1.107110072125217e-07,1.3631563469604369e-06,2.558712126204954e-07,-1.5584870351886826e-07,-3.6888371188377456e-07
-6.517273600796687e-07,1.562616619849022e-07,9.964019609051689e-08,1.2268400677029057e-06,2.302921552621573e-07,-1.4024350748070846e-07,-3.319965935933561e-07
-5.865546235379708e-07,1.4063040550127415e-07,8.967643837232142e-08,1.1041554771155926e-06,2.0727019726940465e-07,-1.262008666458314e-07,-2.9879805815268695e-07
-5.278991590533695e-07,1.2656278633449425e-07,8.070903084050896e-08,9.937394031336866e-07,1.865497091385615e-07,-1.1356431867809436e-07,-2.68919261146687e-07
-4.751092426147352e-07,1.1390238803532515e-07,7.263833848997203e-08,8.943649919546104e-07,1.6790061686811075e-07,-1.021930731079368e-07,-2.4202824471528453e-07
-4.275983194190758e-07,1.0250844004189297e-07,6.53746967220481e-08,8.049280655723912e-07,1.511158448791461e-07,-9.196043188053338e-08,-2.1782623931638698e-07
-3.848384864117878e-07,9.225425563752498e-08,5.8837398876632196e-08,7.244348755319763e-07,1.360090197827235e-07,-8.275239097438325e-08,-1.9604434919103658e-07
-3.4635463563902416e-07,8.302582496511057e-08,5.2953811630757075e-08,6.519910396469986e-07,1.2241240338051185e-07,-7.446635508223665e-08,-1.7644057879583758e-07
-3.1171917314054554e-07,7.472054062984679e-08,4.7658570322822724e-08,5.867916299806542e-07,1.1017501742871527e-07,-6.701000053455086e-08,-1.5879711509495312e-07
-2.805472547606769e-07,6.72460517825435e-08,4.289283821873324e-08,5.281121879356643e-07,9.916098685225361e-08,-6.030025106323889e-08,-1.4291794020676943e-07
-2.5249252821922877e-07,6.051925649508405e-08,3.860366707200691e-08,4.7530071990362077e-07,8.924801074561284e-08,-5.426235443611871e-08,-1.2862663590663959e-07
-2.2724327486400853e-07,5.4465358195754376e-08,3.474340025053091e-08,4.2777041786914993e-07,8.032601990504151e-08,-4.8829034225705836e-08,-1.1576441194495121e-07
-2.0451894577888652e-07,4.9017050154920305e-08,3.126915051887558e-08,3.8499316841467124e-07,7.22959462018391e-08,-4.3939753335831e-08,-1.0418835814452257e-07
-1.840670496022767e-07,4.4113747738050435e-08,2.8142315096346682e-08,3.4649366948552585e-07,6.506863045596667e-08,-3.954004175465986e-08,-9.376987775231577e-08
-1.65660344109142e-07,3.9700938134212826e-08,2.532816002417948e-08,3.11844133227962e-07,5.856381549151912e-08,-3.5580872255469576e-08,-8.43932059556643e-08
-1.4909431023113484e-07,3.572955128983146e-08,2.279540979935324e-08,2.806595751012053e-07,5.270927788680879e-08,-3.201813726649849e-08,-7.595417363635837e-08
-1.341848765434861e-07,3.2155432094782554e-08,2.0515927671993506e-08,2.5259348665832015e-07,4.744000749179467e-08,-2.881214211658545e-08,-6.835901363109326e-08
-1.207663888891375e-07,2.893883944976583e-08,1.8464390551253818e-08,2.2733401982069634e-07,4.2697498883748075e-08,-2.59271623406776e-08,-6.152334830217959e-08
-1.0868975053313079e-07,2.6044014264647863e-08,1.6618001294488316e-08,2.046005124663186e-07,3.842909085394197e-08,-2.3331058959796813e-08,-5.537121966405628e-08
-9.782077547981771e-08,2.343876379096166e-08,1.4956243486741183e-08,1.8414036544872614e-07,3.45873909513017e-08,-2.0994905362836658e-08,-4.983429005350412e-08
-8.803869633311479e-08,2.1094125793319485e-08,1.346065774121552e-08,1.6572623951979781e-07,3.1129742658619897e-08,-1.8892672669357236e-08,-4.4851032068426305e-08
-7.923482669980331e-08,1.8984027294610684e-08,1.2114628435838659e-08,1.4915354002581482e-07,2.8017746234176855e-08,-1.7000935610689272e-08,-4.036607855785468e-08
-7.131134616145118e-08,1.7085007394945784e-08,1.0903197265182962e-08,1.3423811475246628e-07,2.521685349421432e-08,-1.5298616845571544e-08,-3.632960442721822e-08
-6.418021314402722e-08,1.5375950790375015e-08,9.812908673134668e-09,1.2081423947374326e-07,2.269596316439859e-08,-1.3766752307575736e-08,-3.269677237034002e-08
-5.776218969799629e-08,1.3837853127252053e-08,8.831644682932849e-09,1.0873275277031857e-07,2.0427079791551783e-08,-1.2388277237374012e-08,-2.9427210728946718e-08
-5.198597286025855e-08,1.2453618525309906e-08,7.948502293853021e-09,9.785942539988768e-08,1.838501545448068e-08,-1.1147829305502288e-08,-2.648458713450097e-08
-4.678737397512123e-08,1.1207851660643975e-08,7.1536709472797e-09,8.807343609626428e-08,1.654709146092781e-08,-1.0031588219827636e-08,-2.3836214161753605e-08
-4.2108636577609104e-08,1.0086703056133572e-08,6.4383206058171716e-09,7.926604999111686e-08,1.4892903910102007e-08,-9.027115728532653e-09,-2.1452676379676155e-08
-3.7897770255312935e-08,9.077703963522588e-09,5.794505826550722e-09,7.133940354078772e-08,1.3404083926138455e-08,-8.12322219212458e-09,-1.9307478486656204e-08
-3.4107991098153434e-08,8.169638340826957e-09,5.215069862063437e-09,6.420542814078445e-08,1.2064095347708026e-08,-7.309838359614851e-09,-1.737680040874226e-08
-3.06971941199663e-08,7.3524096394494975e-09,4.693575365172231e-09,5.778485883192741e-08,1.0858064045105031e-08,-6.57789845509571e-09,-1.5639177349847933e-08
-2.7627473642155564e-08,6.616928893699026e-09,4.224229781940592e-09,5.200634962260198e-08,9.77259694001642e-09,-5.9192490492465666e-09,-1.4075308057536623e-08
-2.4864728942475267e-08,5.955018589354211e-09,3.801816087639631e-09,4.680568494938586e-08,8.795643505199457e-09,-5.326547813933047e-09,-1.2667820371240618e-08
-2.2378253916599533e-08,5.359322291509372e-09,3.4216448355217643e-09,4.212509738601988e-08,7.916357180892675e-09,-4.7931939459178174e-09,-1.1401079321078644e-08
-2.0140427992032528e-08,4.823213689553185e-09,3.0794901732800195e-09,3.791256432753021e-08,7.1249728478273155e-09,-4.313248425091842e-09,-1.0261005970683273e-08
-1.8126385725736327e-08,4.340733009144948e-09,2.771547252117257e-09,3.41212856407036e-08,6.412700259694759e-09,-3.8813593242204014e-09,-9.234938901699768e-09
-1.6313745021534487e-08,3.906517442864299e-09,2.4944002106896956e-09,3.070914015093629e-08,5.771633657114528e-09,-3.492713493424837e-09,-8.311474278353131e-09
-1.4682372651009246e-08,3.515737354020665e-09,2.2449689537906714e-09,2.7638216663211645e-08,5.194650168349746e-09,-3.142983547033129e-09,-7.480359290757549e-09
-1.3214133787187166e-08,3.1640480097072654e-09,2.020477080783012e-09,2.4874377002603865e-08,4.675346471083586e-09,-2.8282738581686395e-09,-6.73235368972222e-09
-1.1892721474282553e-08,2.8475419799889323e-09,1.8184359990014443e-09,2.238692557374189e-08,4.207958204105466e-09,-2.545073506110551e-09,-6.059144387615678e-09
-1.0703448793947246e-08,2.562695652907898e-09,1.636596892728992e-09,2.01482256816099e-08,3.78729650418741e-09,-2.290234342450237e-09,-5.453249615327421e-09
-9.633104980366625e-09,2.3063424781089026e-09,1.4729400962809613e-09,1.813339046280449e-08,3.408683904582155e-09,-2.060912066004228e-09,-4.907944336097342e-09
-8.669795548577747e-09,2.075630486930713e-09,1.325648452121797e-09,1.6320037661554654e-08,3.0679224299889896e-09,-1.8545509225531553e-09,-4.417164230306053e-09
-7.802814394608504e-09,1.8680008928573244e-09,1.1930859633579871e-09,1.4688023367015468e-08,2.7612243186370122e-09,-1.6688508422402215e-09,-3.9754632120969635e-09
-7.02253188933355e-09,1.6811400882499328e-09,1.0737818655071063e-09,1.3219217963322816e-08,2.485190692125272e-09,-1.5017468865674566e-09,-3.577928036745809e-09
-6.320277634586091e-09,1.5129691111059884e-09,9.664039048173922e-10,1.1897293081264415e-08,2.2367476620877014e-09,-1.3513767743722482e-09,-3.2201463648351414e-09
-5.688249871127482e-09,1.3616221899992453e-09,8.697637436660965e-10,1.0707561764328188e-08,2.0131409039780834e-09,-1.2160597182009347e-09,-2.8981428650161345e-09
-5.119424884014734e-09,1.2254147280232885e-09,7.827902666346365e-10,9.63679719356847e-09,1.8118878897244173e-09,-1.0942962092030939e-09,-2.608336522463839e-09
-4.607482396046941e-09,1.1028328111839514e-09,7.045135967664873e-10,8.673115458462943e-09,1.6307564604245428e-09,-9.84725571917533e-10,-2.3475086826686697e-09
-4.146736287680142e-09,9.925117810949402e-10,6.340651337310987e-10,7.805805096045004e-09,1.4677328380452437e-09,-8.86125853249986e-10,-2.1127710787480214e-09
-3.732065323447387e-09,8.932308087628016e-10,5.706615111011892e-10,7.025220460921133e-09,1.3210057353552074e-09,-7.973977797504084e-10,-1.901501923799731e-09
-3.3588598569167516e-09,8.038811560862058e-10,5.135993262628258e-10,6.322696404631456e-09,1.1889449008650743e-09,-7.175543284554387e-10,-1.7113564758017286e-09
-3.0229738712250764e-09,7.234659260557663e-10,4.6223908728437735e-10,5.6904204855101614e-09,1.0700854091716394e-09,-6.457042053820139e-10,-1.540224503493448e-09
-2.7206770165759397e-09,6.510948585836118e-10,4.160159439159372e-10,5.121379625938616e-09,9.631113129238145e-10,-5.810471548350904e-10,-1.3862089323635196e-09
-2.4486119798439177e-09,5.859630697324647e-10,3.7441297284779296e-10,4.609242855446727e-09,8.668293027813689e-10,-5.228679919588863e-10,-1.2475938567825529e-09
