0.0,0.0,0.0,0.0,0.0,0.0,0.0
32.52620204768932,-9.560562959079862,-44.25986659182762,-21.872202547380066,-40.71340565684568,44.295173266973684,-49.60673802722096
29.27373700697419,-14.574466967488911,-39.835685441271146,-41.404278784257244,-36.6420650911611,39.86552530781195,-44.64595643188074
26.347456135865414,-16.075568115933937,-35.86149885756433,-51.26779728763559,-32.97785858204499,35.87888532677843,-40.179379961643484
23.710502027820162,-12.52089577127671,-32.26531886050562,-46.882494186508545,-29.680072723840496,32.290840187256265,-36.163102458167906
21.33980248016341,-9.2491244941812,-29.055051823965954,-42.19268612748544,-26.712065451456454,29.061614747524395,-32.53996787122044
19.208150950753193,-6.277202850862659,-26.16288339140288,-37.97261382292834,-24.040858906310806,26.15578976639294,-29.28270882951828
17.289235349951458,-3.3133699084118247,-23.552999892796105,-34.17527627620373,-21.636773015679722,23.54054611568686,-26.353857099509323
15.56100270429091,-0.09744285239511963,-21.199754700327645,-30.757882565202642,-19.47309571411175,21.18664922934491,-23.718804425747376
14.005133855601066,3.5924775443223282,-19.082379599924163,-27.68218961929812,-17.52578614270058,19.068128483983436,-21.347172933214413
12.589643210406882,7.930383207843712,-17.154570952481784,-24.914250156326574,-15.773663701844972,17.16363513814484,-19.21189951169375
11.302899034834631,13.070980076398245,-15.438889339217019,-22.422825140693913,-14.197027264991224,15.45345078665153,-17.28673303493625
10.06170598329981,19.131551788034397,-13.89681831679291,-20.180542626624522,-12.777900418868468,13.923629677512162,-15.548226098503946
8.707123261416045,26.25321629556111,-12.517936301054828,-18.162488363962073,-11.496266772416586,12.53525609009819,-13.979444888100058
7.333626298939263,34.320357490872304,-11.272452762150976,-16.34623952756587,-10.334511605926313,11.126929326854839,-12.582374603072807
7.534829478354899,37.51215262558165,-10.132759060962433,-14.711615574809281,-9.314433981805752,10.116435519124664,-11.353246872447448
6.870299982117713,33.7602764602509,-8.225704172010456,-13.240454017328357,-8.398760625177342,9.140089222141569,-10.209853205811843
6.160324060911762,30.384495608570113,-7.4150740275139375,-11.916408615595518,-7.544124815475229,8.21461297048557,-9.196974968330156
5.564335303016659,27.34590064693672,-7.5472397312392765,-10.724767754035966,-6.794117037031524,7.421921078689888,-8.275706712644757
4.989482306907998,24.61145366577651,-6.7944300046085635,-9.652290978632365,-6.110803993527529,6.654062970280854,-7.449537296743944
4.488918066922962,22.15031056610559,-6.115147466812256,-8.687061880769129,-5.499163870805663,5.985866562929464,-6.704803216466893
4.040013681191411,19.93528225800778,-5.503632308444036,-7.818355692692213,-4.949280613159753,5.3873041770056584,-6.034304365493885
3.6359704757721163,17.941755641291294,-4.95327019708084,-7.036520123422986,-4.454356271321299,4.848504021207785,-5.4308679092469205
3.2724245273439183,16.147586013627915,-4.45792829681506,-6.3328681110806855,-4.009017546915018,4.363790728103485,-4.8877267943605425
2.945106012733482,14.532825485141512,-4.012140207453478,-5.69958129997262,-3.608059200970603,3.927199821893756,-4.3989769586635274
2.6505707955525595,13.079543215604067,-3.610921802437159,-5.129623169975357,-3.2472474187996254,3.534365646987708,-3.95907481223506
2.3855198722547137,11.771591843681126,-3.2498128102143458,-4.616660852977816,-2.922565410566188,3.1808151333682275,-3.5631301572949097
2.1470084714564526,10.594440288102382,-2.9247900440016568,-4.154994767680029,-2.6304282902147893,2.8625092629196986,-3.2067203875425707
1.9322701270681217,9.534992807617837,-2.6323173232804837,-3.739495290912025,-2.3673248962093307,2.5760748646664666,-2.8860756354870833
1.7390262799661191,8.581491845422157,-2.36908711042096,-3.365545761820823,-2.1305621713686267,2.3183412681646423,-2.5974793972478967
1.565116912474596,7.723341914652675,-2.132177576030082,-3.0289911856387417,-1.9174912001311526,2.086413169611552,-2.3377348676527396
1.4086033945170529,6.95100743608017,-1.9189580786427964,-2.726092067074866,-1.7257348331284388,1.8776993769682908,-2.1039613983852226
1.2677434599382489,6.255906594956948,-1.7270604546680473,-2.4534828603673837,-1.5531572960438769,1.6898738239045539,-1.8935644011380715
1.1409702999437608,5.630315877025585,-1.5543529985077054,-2.2081345743306464,-1.3978383805685992,1.5208453864675378,-1.7042075899463478
1.0268744394584286,5.067284189915961,-1.3989169450073993,-1.9873211168975828,-1.2580510203687905,1.3687328368787353,-1.5337876182652994
0.9241877218537504,4.560555592855431,-1.2590252550117862,-1.7885890052078288,-1.1322415024689079,1.231843239899159,-1.380411058442906
0.8317690282174866,4.10449976455129,-1.1331234959167804,-1.6097301046870494,-1.0190118595031579,1.1086529242123673,-1.2423735780577372
0.748591488182013,3.694049430670531,-1.0198126180077987,-1.4487570942183472,-0.9171041325894141,0.997790531859611,-1.1181411373749595
0.6737310023539265,3.324644052429939,-0.9178334422538148,-1.3038813847965114,-0.8253862711149969,0.8980218270657457,-1.0063330290021342
0.6063559308927884,2.992179148767679,-0.8260526914624641,-1.1734932463168628,-0.7428394807454808,0.808236038279651,-0.9057065887605027
0.545717824555458,2.6929606878920445,-0.7434504124886065,-1.056143921685173,-0.6685468605915569,0.7274335590942668,-0.8151434188200509
0.4911430901479303,2.423664040734538,-0.6691086518799292,-0.9505295295166614,-0.6016831920198035,0.6547148651957319,-0.7336369772477183
0.43384099140636084,2.1798106937068202,-0.6089270309224143,-0.8585725969707936,-0.5091510307804632,0.6515615328921158,-0.6484968897568584
0.3885960131926908,1.9612070235924575,-0.5491686230949477,-0.7741927023857722,-0.44753043547951693,0.5939722842752422,-0.5490696622965654
0.3493033679995319,1.7649754516774738,-0.49448828837168574,-0.697021769071042,-0.4012111733775403,0.5368498348956454,-0.4932735260472669
0.3144243971727796,1.5884980974178875,-0.4449276079381037,-0.6272796691084471,-0.36196453661176753,0.48290153538308056,-0.44855303492083526
0.2835690794438815,1.4297179686791637,-0.3998746456933675,-0.5644470720709074,-0.3278128533008611,0.429225613805698,-0.40255447842969727
0.25566034412532734,1.2867953181947631,-0.3595774098053129,-0.5079622027450681,-0.2959305814344954,0.3811502786208223,-0.357890763482824
0.23020160594906686,1.1581466442359654,-0.3234978518439959,-0.4571331924931305,-0.2671192597054822,0.3424444661988041,-0.32535097864744256
0.20769175874654797,1.0423984692415704,-0.2907439095395378,-0.4113445511082737,-0.24183123977498194,0.30326410332759085,-0.29002396782373724
0.1870165966739241,0.9381862844089452,-0.2615925512558187,-0.3701768020347862,-0.2182456523677541,0.2724278070259157,-0.2614472900091686
0.16881627835971483,0.8444663097706636,-0.23495852126327127,-0.33305303122217045,-0.19887846747726245,0.2410141163834582,-0.2385063932997069
0.15199137944026722,0.7600167551223718,-0.21137857893324707,-0.2998012691093903,-0.1791869095653067,0.21636323065706325,-0.21238665341602758
0.13658891594786943,0.6839903854932198,-0.19044664047409354,-0.26981420253406485,-0.16018972009706153,0.196736295211422,-0.19710526637652917
0.1230010819678713,0.6156121875882442,-0.1713353746864289,-0.24281071584449504,-0.1446004213977427,0.17665767870143526,-0.1790811304629627
0.11074529806758189,0.5540641495833921,-0.1541699650273003,-0.21852457244773585,-0.1303283351674925,0.15849718380061042,-0.16291191352154183
0.09972304754929415,0.49867358881646384,-0.13870537545281894,-0.19665523951989225,-0.11760990934143425,0.14232495553273938,-0.1479891861506624
0.08979678736355717,0.4488204074690316,-0.124791338255445,-0.1769743764004762,-0.10613741220951874,0.1278276864307747,-0.1344204166955831
0.08085861954428399,0.40395101408473105,-0.11227277720784021,-0.15926338692495,-0.09578182039362218,0.1148043728833523,-0.12206457696330118
0.0728106093809863,0.3635671519687485,-0.10100917065785868,-0.14332529196652075,-0.0864351690661541,0.10310132567216149,-0.11080743396663667
0.06556439378769903,0.3272203795172824,-0.09087430723181428,-0.1289827894962269,-0.0779997372179924,0.09258215558066542,-0.10054720900060067
0.059040600805288175,0.29450707333513954,-0.08175438472886881,-0.11607641732565029,-0.07038758560539644,0.0831226371873183,-0.09118637477381492
0.05316785610919257,0.2650639431129179,-0.0735468642436562,-0.10446276211042012,-0.06351950098595278,0.07461040065769209,-0.08263279151433033
0.047880751439402666,0.23856406675202835,-0.0661609019217885,-0.0940123470995518,-0.057322391441300316,0.06695483367079716,-0.07482544026576338
0.04318776841238127,0.21466793141763962,-0.059311912713883135,-0.08464140510645646,-0.052351339672013456,0.05990375649203393,-0.07010794994724548
0.03897764824994725,0.19315281993034267,-0.05310964563932737,-0.07621247445562776,-0.04799142590849184,0.05352101250786172,-0.0662332362148102
0.03516994753795724,0.17380348216331595,-0.047590010154248366,-0.06861511755688786,-0.04387136602715355,0.04780678801161749,-0.061882086703531396
0.03172899138545044,0.15639948929637565,-0.04266869702627799,-0.06176964505246868,-0.04001432631554851,0.04268513365876318,-0.05730854675953155
0.028621256705700593,0.1407435049154448,-0.03827435603806977,-0.055603254331606816,-0.036428875693654605,0.03809262576911089,-0.05269434279450263
0.025815608588727963,0.12665863244862866,-0.03434582744974223,-0.05004969590540014,-0.03311438702721135,0.033975524167964,-0.048170893319811975
0.023283399434328993,0.1139861934087931,-0.030830250761208468,-0.04504885178403202,-0.030064025336475717,0.030286910309689594,-0.043829153569382946
0.020998324466612775,0.10258377399704607,-0.027681756952525303,-0.04054622375916919,-0.02726682493618436,0.02698601318460688,-0.03973160869780841
0.01893655425205306,0.09232351681896989,-0.024860131213897678,-0.03649257523513589,-0.02470921798442309,0.02403476230191079,-0.035911589410726315
0.01707644170989208,0.08309058092208729,-0.022330065032863992,-0.03284341722662222,-0.022376176275461138,0.021398640337104195,-0.032384601375814906
0.015398397559298043,0.07478178576955713,-0.020060407850608135,-0.029558598475944775,-0.0202520208688763,0.019045911147926142,-0.029152120225793145
0.013887129504737432,0.06730092686641473,-0.01800405575169358,-0.02660259564132654,-0.018394363569351216,0.016999592457172537,-0.02653382577406214
0.012513130161635916,0.0605793533074466,-0.01621098155283953,-0.023938966828977774,-0.01648304830402693,0.015072600745801447,-0.023106040487134948
0.011283431098679063,0.05452156172978166,-0.014563201938053709,-0.02154495817501919,-0.014914179651868295,0.013405383559963291,-0.020787110612950386
0.010174142403177034,0.04906991655701638,-0.013084460482362649,-0.019390089014943407,-0.013488500076434692,0.01191963749106003,-0.018676010928255597
0.009183101935809151,0.044165445675900875,-0.011760115100003195,-0.01744642934138136,-0.012205423242157676,0.010503433047061486,-0.016734300310427688
0.008279500878191147,0.03974982418139654,-0.010568312201256973,-0.015701125093222003,-0.011029176625396167,0.009334334606473406,-0.01500148838325505
0.00746462853734575,0.03577575423965468,-0.009497730729662125,-0.014130390244145107,-0.009964016256470323,0.008293460641311312,-0.013440236131011586
0.0067298001089231094,0.03219904765575328,-0.0085359138051126,-0.012716784461964808,-0.008999975897289653,0.007367039797571043,-0.01203600143501465
0.0060671829468122995,0.028979948951088727,-0.007671712819462585,-0.011444609875343764,-0.008127825198641234,0.006542624454888568,-0.010774310306357743
0.0054697047867378595,0.02608268722748286,-0.006895148327262728,-0.010299730718192145,-0.007339082588251528,0.005809096367653664,-0.009641620075889286
0.004930981141683992,0.023475074810943714,-0.0061972806840488795,-0.009269419449675388,-0.006625980585377847,0.005156532633486914,-0.008625398109589308
0.004445249421126687,0.021128146861801936,-0.005570096627241762,-0.008342217658216633,-0.0059814245997383275,0.0045760822212612545,-0.007714139426236477
0.004007309165643235,0.019015837635641172,-0.005006409507320557,-0.007507810412434104,-0.005398948278052623,0.004059853330817743,-0.006897344639935243
0.003612467860353424,0.017114689556428045,-0.0044997712218723465,-0.006756912828346069,-0.004872667740268871,0.0036008113881714,-0.00616547402398568
0.0032564918357707497,0.015403591695378166,-0.004044394247344631,-0.006081167718929879,-0.004397236276916655,0.003192687147373613,-0.005509888265369209
0.002935561804681279,0.013863544624988705,-0.0036350824344811433,-0.005473053284706243,-0.003967800529839513,0.0028298941948849965,-0.004922782885862905
0.002646232619603505,0.012477448945885886,-0.0032671694495867154,-0.004925799892076525,-0.0035799587897343,0.0025074550782834756,-0.0043971208502097325
0.0023784463745993006,0.01124691789322843,-0.0030185352024012374,-0.004420677263673636,-0.002958194290231697,0.00200043467075732,-0.00275662557234252
0.0021595232367444686,0.010093432446905484,-0.0025758584370251664,-0.004001436648610163,-0.0031146501462797765,0.0020745999170115534,-0.004329243202741464
0.0019448396367431576,0.00908116741188486,-0.0022984091174539506,-0.003602446141499245,-0.00287133794766839,0.0019306190482909144,-0.004177715680298549
0.0017480663945308788,0.008177091135536663,-0.0020822812041690203,-0.003238269163660594,-0.0025418981904656718,0.0017223425956936836,-0.003572337041045438
0.001571918976571194,0.007362378065506922,-0.001883801412952274,-0.0029115672323341696,-0.0022568377028067688,0.0015349483454058302,-0.0030731587312059017
0.0014140521538840642,0.006628373148271152,-0.0017023082559331354,-0.00261831725206961,-0.0020085095205495396,0.0013665405322359214,-0.002656761018225071
0.0012724472602150825,0.005967196798186164,-0.0015368514267119632,-0.002354982819686123,-0.0017910807501401033,0.0012153522450737836,-0.002306348015074481
0.0011453341707178787,0.00537170861063381,-0.0013863859591192323,-0.0021184271411378228,-0.0015998639362893585,0.0010797867311553647,-0.0020091527354135557
0.0010311551411167734,0.004835446056061829,-0.001249830047501621,-0.0019058617478213552,-0.0014310562802541255,0.0009583937241789478,-0.001755389583376746
0.0009257652513502187,0.004358748968066456,-0.0011564919563251258,-0.0017102030061031184,-0.0011816284658158621,0.000771377744519415,-0.001117632802269977
0.0008387630848621748,0.003915567216683055,-0.0010041326873044404,-0.0015452567990721852,-0.0011781262585177366,0.000754289397571925,-0.0014525091703179894
0.0007549600449439,0.003524770001270508,-0.0009057406562037462,-0.0013901410294268127,-0.0010519411879322677,0.0006690596745639391,-0.0012623666968388464
0.0006796996464335809,0.003172825259706205,-0.0008163805717793238,-0.001250764646781602,-0.0009407672355431357,0.0005928110535434253,-0.0011012524716138288
0.0006120587195123945,0.0028559232778080923,-0.0007354357715337045,-0.0011254815365191254,-0.0008422602896116377,0.0005246387314894047,-0.0009627923212170801
0.000551237676396899,0.0025705972908225405,-0.0006622106704663316,-0.001012842141849428,-0.000754744848168884,0.0004637712876430361,-0.0008432210646012982
0.0004965274885632394,0.002313718047551677,-0.0005960418285131525,-0.0009115516469301449,-0.0006768176955135319,0.00040949422377754147,-0.0007395189740223682
0.000447297987801608,0.0020824622724581604,-0.0005363038969328354,-0.0008204521676187584,-0.0006072948468957007,0.00036114961050470046,-0.0006492458530866613
0.0004029879030236971,0.0018742837914178107,-0.0004824129566035479,-0.0007385072397258913,-0.0005451694881098007,0.0003181347564502196,-0.0005704124193425421
0.00036309641129366604,0.0016868871121644147,-0.00043382772758626675,-0.0006647883048366346,-0.0004895792354155382,0.0002799000082967171,-0.0005013829545058656
0.00032717592566421094,0.0015182033240439124,-0.0003900493139041006,-0.0005984628839414904,-0.0004397804799061156,0.00024594596204901426,-0.00044080118596355076
0.00029482590023386344,0.0013663681666488542,-0.0003506199667367843,-0.0005387841873826515,-0.00039512814106160143,0.00021582031361497972,-0.00038753352108925163
0.00026568747775145094,0.0012297021111636747,-0.00031512121657346903,-0.00048508195494958994,-0.0003550595683091129,0.00018911452644543303,-0.00034062530258494625
0.00023943884015678162,0.001106692298481038,-0.00028317162642811644,-0.00043675435614286273,-0.00031908163874083684,0.0001654604494413653,-0.00029926687879921414
0.00021579114990609525,0.0009959761821305008,-0.00025442434575675965,-0.0003932608091322537,-0.0002867603304349542,0.00014452698159914124,-0.0002627671057354534
0.00019448499145761043,0.0008963267308659539,-0.00022856459106938842,-0.00035411559982129887,-0.00025771222461161425,0.00012601685045655897,-0.00023053250367959546
0.00017528723900548087,0.000806639053819766,-0.00020530714030955743,-0.00031888220098529735,-0.00023159751971570108,0.00010966354861786931,-0.00020205073688603066
0.0001579882899892509,0.0007259183201642622,-0.00018439389924836125,-0.0002871682062415004,-0.0002081142391419516,9.522845536367314e-05,-0.00017687741663568817
0.00014239961427638895,0.0006532688544219484,-0.00016559157747209063,-0.00025862080601449233,-0.0001869933878723834,8.249815754645534e-05,-0.00015462547331775026
0.00012835157735156116,0.0005878842978240539,-0.00014868949663084108,-0.00023292274264784946,-0.00016799486961249777,7.12819745516749e-05,-0.0001349565267971418
0.00011569150255838836,0.0005290387351271353,-0.0001334975428825408,-0.00020978869030728597,-0.0001509040182281346,6.140968567032445e-05,-0.00011757382113793027
0.00010428194276445105,0.00047607869482563236,-0.00011984426802442993,-0.00018896201221513947,-0.0001355286295818825,5.272945358403974e-05,-0.00010221639261977347
9.399913630976035e-05,0.0004284159387984293,-0.00010757513864002866,-0.00017021185388062937,-0.0001216964045616803,4.5105934672683146e-05,-8.865421720432361e-05
8.473162563511164e-05,0.000385520965021674,-9.655092904557738e-05,-0.00015333053585047524,-0.00010925273271604474,3.841856521155651e-05,-7.668414171014919e-05
7.637901999008045e-05,0.0003469171539385585,-8.664625170899665e-05,-0.00013813121394147532,-9.805876055457574e-05,3.256001131746872e-05,-6.612644727134633e-05
5.583491057522573e-05,0.0003216128593348522,-0.00013783986646351276,-0.00011891407238447116,0.00010557630376147042,-5.122385032048371e-05,0.0005788976213100727
5.504787425335365e-05,0.00028624708467715754,-0.00010970850567947055,-0.00011068840422497755,5.5561236106199674e-05,-6.167657046462355e-05,0.0004072999126414048
5.313749663128815e-05,0.0002552365520959027,-8.801696580615359e-05,-0.0001023448704926544,2.0454105009129475e-05,-6.717609403937563e-05,0.0002817710951997403
5.053428695412851e-05,0.00022791274645046766,-7.11195858831698e-05,-9.415854552644737e-05,-3.978291398462619e-06,-6.915511340536279e-05,0.00018924755981083164
4.7524198496299436e-05,0.00020376427081834902,-5.789668896749589e-05,-8.62800564178437e-05,-2.0542415411092807e-05,-6.870902266001983e-05,0.00012151565017570336
4.4311293320993365e-05,0.00018236546312543067,-4.7496465814977906e-05,-7.880420333164495e-05,-3.134302241787623e-05,-6.663505629016242e-05,7.234758422246343e-05
4.103906251422783e-05,0.00016335954070861858,-3.927050182006564e-05,-7.178549204289036e-05,-3.795413180184004e-05,-6.351112044959695e-05,3.7035545282994065e-05
3.780643561443215e-05,0.00014644532524563103,-3.2724548260129604e-05,-6.524974025147456e-05,-4.154985296379865e-05,-5.975370500869992e-05,1.2027986548908821e-05
3.467969278401692e-05,0.00013136684066029913,-2.748129294385948e-05,-5.920265051156948e-05,-4.30032896030913e-05,-5.5660404538172836e-05,-5.348971065265921e-06
3.170132751835822e-05,0.00011790512428513922,-2.32521893498705e-05,-5.363612046024174e-05,-4.296126580789761e-05,-5.144127053306746e-05,-1.710427546113783e-05
2.889663498237792e-05,0.00010587174700003865,-1.9816129707875274e-05,-4.853286517682298e-05,-4.1900746246700815e-05,-4.724200142927626e-05,-2.4743957803102567e-05
2.627860197554864e-05,9.51036562337193e-05,-1.700329135255474e-05,-4.386978179080764e-05,-4.017140451810508e-05,-4.3161132064206686e-05,-2.93942549146495e-05
2.38515275680631e-05,8.545904609691402e-05,-1.4682895239273575e-05,-3.962037800515211e-05,-3.802771556701834e-05,-3.926279015124823e-05,-3.18950113657427e-05
2.1613694977355366e-05,7.681402790306324e-05,-1.2753924106573278e-05,-3.575650567286953e-05,-3.565312937718612e-05,-3.558616542174986e-05,-3.287043102656503e-05
1.9559334557456114e-05,6.905992692674001e-05,-1.113808040434372e-05,-3.224957975216103e-05,-3.3178262043687123e-05,-3.2152533936395666e-05,-3.278260278188468e-05
1.7680057512989115e-05,6.210107154665245e-05,-9.774439914969624e-06,-2.9071417797815746e-05,-3.069456916074409e-05,-2.8970460669561215e-05,-3.1971947889606944e-05
1.5965895094282277e-05,5.58529714955458e-05,-8.615389487737213e-06,-2.619480091867188e-05,-2.8264609846367916e-05,-2.6039642951794506e-05,-3.0687751481821296e-05
1.4406044262182255e-05,5.024080538201803e-05,-7.623537741127673e-06,-2.359383170523477e-05,-2.592973909118501e-05,-2.3353739460982292e-05,-2.9111184332402843e-05
1.2989395605484712e-05,4.519815565513785e-05,-6.769363116498894e-06,-2.1244145289957272e-05,-2.3715861861950405e-05,-2.0902442142901878e-05,-2.737264291419704e-05
1.1704900242817326e-05,4.066594281361413e-05,-6.0294211872424786e-06,-1.9123015452052194e-05,-2.163772732118041e-05,-1.8672983534848142e-05,-2.5564794122748572e-05
1.0541818267575422e-05,3.659152119599163e-05,-5.384976197439495e-06,-1.720938665113192e-05,-1.97021245586515e-05,-1.6651223715219432e-05,-2.375237571288402e-05
9.489880515006939e-06,3.2927906797722284e-05,-4.820954770307084e-06,-1.5483854978071143e-05,-1.791025260344803e-05,-1.4822424901396458e-05,-2.1979547895002467e-05
8.539387352256289e-06,2.9633113752675078e-05,-4.32514436361775e-06,-1.3928614782665605e-05,-1.6259470491372663e-05,-1.317179458201062e-05,-2.0275398149832566e-05
7.681262253695156e-06,2.666958097446992e-05,-3.887577848429857e-06,-1.2527383275603987e-05,-1.4744582736717082e-05,-1.1684857879827593e-05,-1.8658054649533146e-05
6.907073211106021e-06,2.4003674094316696e-05,-3.5000597840839642e-06,-1.126531199830555e-05,-1.3358777108826714e-05,-1.034770447404243e-05,-1.7137751990594952e-05
-3.6041206450896914,-0.2568129516672637,2.7584986084003558,5.455928873790096,4.380288247452896,-1.9851845640751224,-7.730394122167547
0.36296007708584144,0.026508791612450427,-0.2746682261410234,-0.5436683141594791,-0.44702730190491025,0.1796719650835752,0.7763618614730818
0.30205662208867995,0.020143787265985647,-0.18572086983011696,-0.34080776840330074,-0.30278014706301665,0.1514178763088371,0.5739703817957813
0.24610275436864038,0.014332499193260642,-0.10619451191418036,-0.15702964615074358,-0.17476002229996568,0.12457093637620995,0.38921905526353284
0.19483307040057554,0.008835693267060782,-0.034440766754318744,0.009319072061120842,-0.06285734731689735,0.09822321675185276,0.2177371805205827
0.1477667796944594,0.003902574478170398,0.02725781609825518,0.16082394074678963,0.04024689822941502,0.0621272669590731,0.057895906950400144
0.10274902675454056,0.0005233035862530905,0.07662100020197979,0.29981574441473,0.1460000429251143,0.03012361997372509,-0.05532991155461303
0.06240322508549086,-0.003611110898824668,0.12725737395776093,0.4242511643566159,0.22486882848854572,0.0038418131583807524,-0.16650248655172822
0.024907256025280752,-0.007410361397564666,0.1723921871399784,0.5374682383423451,0.2936576565489731,-0.01952520019932523,-0.27300790702010447
-0.009838541734718407,-0.010874342980907434,0.21269281723069505,0.6405782606245795,0.3531559347201849,-0.04181098982293935,-0.3706662143818878
-0.042115212897764584,-0.01403831913114259,0.2486862689509814,0.7345557816346363,0.40435770167422136,-0.06293905867690229,-0.4604761337819813
-0.07210229802653774,-0.01694975229335735,0.28088852297116784,0.8203394548246628,0.44789743656234005,-0.08448207855171481,-0.5398983504864171
-0.10125625593141749,-0.01977205914476249,0.30816676602869253,0.8982035276972116,0.49121142585932986,-0.09825819274535583,-0.6137826528137502
-0.12919169472303021,-0.022471478977641623,0.33157750772443834,0.9691616430544608,0.5318318895479913,-0.10790356490925575,-0.6776436904682066
-0.15475715992216452,-0.02482930406402402,0.35287192479346047,1.0340966134666525,0.5648666555698433,-0.12143028770158076,-0.7253481426236795
-0.17923670985036522,-0.02676396769096015,0.37113019934352776,1.094220973932989,0.5900019514813766,-0.12564027291122337,-0.7944380511878545
-0.20224849407267598,-0.028299184979709777,0.3862930330482627,1.148503088459583,0.6170154887597162,-0.12381734167588014,-0.8598939290658525
-0.22427103209901436,-0.03029221600123458,0.4006304809977707,1.1986697235583401,0.6382082672922554,-0.13491831742215654,-0.8907113426902769
-0.2447968607215796,-0.0321745013117002,0.4135947000718399,1.24513296229977,0.6544255568644399,-0.15111359159265636,-0.9140090488179871
-0.28339672272762456,-0.03831494870502043,0.40826902289637895,1.2781056153976065,0.7666911146136398,-0.08148582874887256,-1.0039854581996803
-0.30184363415211757,-0.03983464961332274,0.4178127748923482,1.3181345695768523,0.7764920587265837,-0.09808386760962204,-1.0085536986921648
-0.31490160026486225,-0.0403532014887783,0.4326369997714292,1.356236739683249,0.758471196382958,-0.125066340255804,-1.0270964897029182
-0.3285432599289895,-0.040411700358846905,0.4423781274630616,1.3928729721705642,0.7431382519994008,-0.14187545144834907,-1.0686204541252016
-0.3439463960600317,-0.041061972239138586,0.4484116725772547,1.4260476746416904,0.7410153962308578,-0.15203281182161327,-1.108233062484767
-0.3590932743017989,-0.042024143987904855,0.4550478042197063,1.4569250424338993,0.734895329485545,-0.162642245842791,-1.1325725180734805
-0.37273784644866115,-0.0428801817327506,0.46061830964503886,1.486321441689613,0.7277806363853685,-0.191345551343857,-1.1184829890306962
-0.3876165988619992,-0.04375014668173209,0.46456686819471477,1.5122333663577952,0.7267802493448267,-0.19646697798835014,-1.0982003367881188
-0.4025467244413568,-0.04351632672900986,0.46491682750809676,1.5405384355072085,0.7109558478739509,-0.19301941928732974,-1.2005716676714184
-0.41793520978081594,-0.045102171609854844,0.4682603329827668,1.5622653227478185,0.7147168501159504,-0.1917035364168576,-1.1616976988048697
-0.4335309131544957,-0.04625422923030173,0.46685966735897716,1.58409791882004,0.723766876924385,-0.194557484384393,-1.1351052202508114
-0.4431273758784047,-0.044912753720186244,0.47015925489362775,1.6088775849474168,0.6888267467017839,-0.20334136004380948,-1.2328267046741457
-0.46094677200593287,-0.04587527205488255,0.4645527691657012,1.6272075769956371,0.7072050094444576,-0.16293224927751182,-1.2508965073979537
-0.47060823495236714,-0.04491419756090581,0.4653223696041268,1.6493136177082621,0.6829706546235328,-0.1830075960380199,-1.3258948577789873
-0.4584771776830206,-0.03996627456373514,0.4773537859835937,1.6805975576030552,0.5851477491651418,-0.4219954703532049,-1.4154306207080012
-0.46627669211125544,-0.03903011702955052,0.47654436678361173,1.697386917384725,0.5771147737545023,-0.4558026493115313,-1.400249556168995
-0.4805093701681714,-0.0395733920020596,0.4724331555028893,1.7123966924464282,0.5859488297848151,-0.4418249836513441,-1.383309845991491
-0.49521184102946725,-0.04022676995670374,0.4678248800567494,1.7276302876528769,0.5921994607012732,-0.42727432898816886,-1.376535042116249
-0.5099647550349451,-0.04096019124601044,0.4629353238143346,1.7421626941847714,0.6005565971117683,-0.41536796770358636,-1.3716092216614855
-0.5390015106678654,-0.04450088763639992,0.451011956721587,1.7525564414782977,0.6489549585355546,-0.2719602498604863,-1.3254607844963937
-0.549383839316974,-0.04402834742606701,0.448977036965263,1.7680460514269625,0.6379392694162964,-0.2821153749864564,-1.2945859798192174
-0.5553201675006635,-0.042280143071562984,0.4482938911524377,1.7848092574190768,0.6107821888407192,-0.32630307865484276,-1.3083801667827688
-0.568840935498338,-0.04224868513024835,0.44295684093894144,1.7986734577226853,0.6120209706772755,-0.3076743239722909,-1.305114691919666
-0.5798960052804343,-0.042172387466892364,0.4390382185306897,1.8124223479155495,0.6090728050251891,-0.3196743244295334,-1.305682738549346
-0.5915041462136215,-0.04217702259398233,0.4343373606754717,1.8260224741168907,0.6069167821695549,-0.3266249825750415,-1.3152494820841856
-0.6018635704500719,-0.04135423176334317,0.430472602335968,1.8398358572109967,0.5983728446315466,-0.3264119254195043,-1.2948583592008485
-0.6044407250015394,-0.0410085256942702,0.4308768150459532,1.8520738433646142,0.5864701977193142,-0.4117120646637693,-1.2944677347382791
-0.6177878125966836,-0.04114207123187734,0.42601761190485027,1.8659784762679261,0.5834192559321185,-0.4062751012657988,-1.291870197199884
-0.6288452123812602,-0.04144820261992806,0.4228263720449216,1.8786982291465835,0.5817616299206416,-0.43386935537613275,-1.3280523763850862
-0.6338316291083934,-0.038938615566324664,0.41981793391050726,1.8914465624392267,0.5645527610201608,-0.4491227881795108,-1.2972209931033605
-0.648208042743835,-0.03963018808433594,0.41526324115820584,1.905170649761704,0.5617953667120064,-0.4486708703635965,-1.2920571639230503
-0.6858519483959292,-0.04898197731044081,0.38424861069602073,1.9109891473953033,0.7352888214415241,-0.43472929234696966,-1.5774735545619325
-0.6850368748713596,-0.04813784336711549,0.3959870159246551,1.922617504432079,0.6635405762238393,-0.4429406637365779,-1.4229283752472486
-0.6754310542510926,-0.0397126539688344,0.40729815654416485,1.9402794184541239,0.5546850242261965,-0.5046227712294541,-1.2895786294251468
-0.6888482506945949,-0.03973243763330905,0.4010909672848048,1.9526338808865544,0.5566426317034117,-0.4908376807072809,-1.3040289295751402
-0.7008309024382137,-0.03963602954936116,0.3962868746929117,1.9650232785722375,0.5558976319353026,-0.4864196081896014,-1.3050727277195047
-0.7129509428277722,-0.0398071242351231,0.39139594475588513,1.9774651015495688,0.5571583055174644,-0.484780548802414,-1.3071429869426816
-0.7213355002427604,-0.038560182612631305,0.3889861632918349,1.9902210009478525,0.5446951312241748,-0.49056295020194945,-1.290185784739034
-0.7339277339312488,-0.03863870402989855,0.3831923121901504,2.0030106667243293,0.5449375916869601,-0.48511148412392974,-1.2947606304851496
-0.7464635004443655,-0.0386739767083743,0.3774350942407344,2.0158968082908557,0.5444193548077353,-0.4796971918990089,-1.2991752912849097
-0.755435096119128,-0.037141342854924375,0.3729977367546561,2.0290368822032425,0.5308943783490445,-0.4779112632096024,-1.2890174994504915
-0.7672910316083431,-0.036985435435704844,0.36816570675980753,2.042405052233758,0.5248842370669609,-0.4748714485803061,-1.2853049714977616
-0.7801215451450967,-0.037326337527612524,0.3629126500818359,2.0558080513110637,0.5231156580355176,-0.47459091988278235,-1.288177122021473
-0.796018047014915,-0.03757100970222993,0.357041431844276,2.0711939222614513,0.5034913038198079,-0.43915056106607053,-1.244700187939058
-0.8080801716369911,-0.037983830062181645,0.35277656884137754,2.0844099157689353,0.5042936306100043,-0.44565021850518427,-1.2576263690501377
-0.7266206082148096,-0.034076210950190075,0.31767796046010144,1.8756981912101773,0.45309662759340064,-0.40656129428552507,-1.1379112571895889
-0.6509154085802492,-0.029500605108679467,0.2881832703681698,1.6884032232220825,0.39479703203618466,-0.3726984696549574,-1.0170753338884049
-0.5847152541644667,-0.026447272962555446,0.26085011276159664,1.5193589937582306,0.35114302695701044,-0.3413301299330978,-0.9185080445309697
-0.5262517857282423,-0.024152246365913593,0.23693721495824993,1.3672524230610592,0.31728349993022187,-0.3021872921252333,-0.8383221231510556
-0.4732494325839903,-0.021981805448605216,0.2148293833190631,1.230511999055388,0.28617009522999015,-0.2768948030703795,-0.7656936402363582
-0.42196689160997236,-0.01808057934872162,0.1961443771693679,1.1084123587820869,0.23583018364271865,-0.24746793439342546,-0.6704725349307664
-0.37893777194600986,-0.01684094836212674,0.1800270462179652,0.9973643052991803,0.21275038705980565,-0.23167688079106452,-0.6201874343056173
-0.3397078196718416,-0.015339196586499862,0.1647729859480891,0.8976417060791544,0.1895517238570842,-0.2203633312219631,-0.572788321277122
-0.30486345073857707,-0.014243665657669838,0.15174096110514293,0.8077575896854201,0.1706532210053453,-0.20345296226913417,-0.5311131432356199
-0.27148618058398777,-0.01103684086911684,0.13720389601461952,0.7282873708188083,0.13383973108632513,-0.17139073422680612,-0.45888608851911866
-0.2413320520805292,-0.010402426290901004,0.1311989541888506,0.6554888239876694,0.1154278443679119,-0.16950954238894317,-0.4388863439231286
-0.21497160761384473,-0.009715099926180193,0.1231466282376092,0.5900146089093777,0.10085964586593776,-0.16968416415467474,-0.4214833971835342
-0.19357177122823366,-0.007946364237399986,0.10869934249003646,0.5319213813878498,0.0816813293164623,-0.13499952501290738,-0.3613486978965754
-0.18666323164006327,-0.004111937438178781,0.06307101226846641,0.4803630078062504,0.08428857714612102,-0.03478250769848609,-0.23777257647794256
-0.16269669633630185,-0.0030434093153205444,0.06471468526331436,0.4332303701617172,0.05784550459603535,-0.05872231851582698,-0.2560202621703886
-0.15625545542871208,-0.00335344724821178,0.041328577000485735,0.3890217551353429,0.08382586756424873,-0.005906472728810178,-0.2067557054703088
-0.14354320922774183,-0.0035123814989422852,0.03319152102230455,0.3497224390879027,0.0873359416365874,0.005815997156290359,-0.1872204098096066
-0.13621159951082612,-0.004249501933436942,0.019470024114806493,0.3133054045323771,0.10592495907188461,0.025484762231254756,-0.1486423961859895
-0.12268813092107678,-0.0036294079808933816,0.017333953711411294,0.2820980487603832,0.09571556925771821,0.023251856485087256,-0.13395394054237156
-0.11041931782896697,-0.003265630192307162,0.015600926350054962,0.2538883579266293,0.08614519628235873,0.020926664204838547,-0.12055864285374321
-0.09937738604607028,-0.0029381972849167465,0.014041134990472895,0.2284997277932177,0.07753187315509569,0.01883394258200654,-0.10850287020451131
-0.08943964744146271,-0.0026435977230493957,0.012637293366792077,0.2056499367145606,0.06977976109750075,0.016950500131051996,-0.09765266555890348
-0.08049568269731644,-0.002378538940778774,0.011373809365299359,0.18508510354141508,0.06280275102699459,0.015255408083192777,-0.08788747304187844
-0.07244611442758318,-0.0021400583152405006,0.010236649735970292,0.16657673515369045,0.056523343897559794,0.013729830536286014,-0.07909879228756632
-0.06520150298482542,-0.0019254904077603135,0.009213184334277893,0.14991918737898458,0.05087178943265237,0.01235681530891284,-0.07118897288085821
-0.058681352686342336,-0.00173243714624928,0.008292045825508125,0.1349273801502952,0.04578531135879205,0.011121105547726454,-0.06407012937076095
-0.052813217417709175,-0.0015587409986063672,0.007463003418599342,0.12143474114081611,0.04120741010760515,0.010008970177068081,-0.05766316478166959
-0.04753189567593984,-0.0014024608382589565,0.00671684922643279,0.1092913550283627,0.03708723523856372,0.009008051306518924,-0.05189689177286549
-0.04277870610834533,-0.0012618502318068603,0.006045295989645913,0.09836229782753428,0.033379020610822346,0.008107226900128654,-0.04670724168136016
-0.038500835497510266,-0.001135337905780423,0.005440885027384056,0.08852613778371517,0.030041576029679856,0.0072964871807216225,-0.04203655265991576
-0.034650751947761904,-0.001021510173859555,0.004896903392252339,0.07967358617348791,0.027037829720876982,0.006566823395455487,-0.03783292900061609
-0.031185676752986786,-0.000919095127683095,0.004407309308894814,0.07170628302149704,0.024334416550514285,0.00591012770626205,-0.034049664525602014
-0.028067109077689167,-0.0008269484142807565,0.003966665067912937,0.06453570424261006,0.021901307416648988,0.005319103092357995,-0.030644723638260207
-0.025260398169921316,-0.0007440404408097512,0.0035700766295117224,0.058082178067403886,0.01971147569598955,0.004787182263510242,-0.0275802742688449
-0.022734358352927583,-0.0006694448632721256,0.003213139265972099,0.052273999822926846,0.017740597040759545,0.004308454682773882,-0.024822267525168175
-0.020460922517633758,-0.0006023282303494332,0.002891888639089582,0.04704663523362693,0.015966779191199723,0.0038776008876104315,-0.02234005937788247
-0.018414830265871984,-0.0005419406663391274,0.002602756769115658,0.04234200339065725,0.014370318802619825,0.003489833379479536,-0.020106070176873547
-0.01657334723928372,-0.0004876074889117732,0.0023425324061361885,0.03810783142297605,0.012933482586012124,0.0031408434249225944,-0.018095478215784517
-0.014916012515355348,-0.00043872166783687216,0.002108325363615604,0.03429707370026223,0.011640310331224618,0.0028267531769290977,-0.016285943939818415
-0.013424411263818214,-0.0003947370402574424,0.001897534418035328,0.030867389114583872,0.010476437624829762,0.0025440725844828663,-0.014657361732534185
-0.012081970137433728,-0.0003551622065915,0.0017078184179937887,0.027780670633150165,0.009428936293474077,0.0022896606114396825,-0.013191636523737622
-0.010873773123691421,-0.0003195550387361107,0.0015370702818809853,0.02500262189511092,0.008486170800539067,0.0020606903337409,-0.011872482736463288
-0.009786395811323345,-0.0002875177391195999,0.0013833935953459983,0.02250237614809367,0.00763766900094065,0.0018546175270927057,-0.010685243339024
-0.008807756230190478,-0.00025869239537774924,0.001245081548576412,0.02025215329061995,0.006874005818558834,0.001669152396031888,-0.00961672699176376
-0.007926980607173562,-0.00023275698083971563,0.0011205979794762198,0.018226951209843394,0.006186698554185521,0.001502234130230845,-0.008655061478968657
-0.007134282546456205,-0.00020942175618279824,0.0010085603121668119,0.016404267985182627,0.005568112661160737,0.0013520080052921296,-0.007789561797523993
-0.0064208542918127165,-0.00018842603192245622,0.0009077242013254758,0.01476385187124268,0.005011376942044482,0.001216804773536112,-0.007010611436515627
-0.005778768862629846,-0.00016953525562449223,0.0008169697118025447,0.013287476282208761,0.004510307224415491,0.0010951221158194066,-0.006309555528862672
-0.005200891976366862,-0.00015253839117097823,0.0007352888800186072,0.011958737277562076,0.004059337667976989,0.000985607948222035,-0.005678604687674319
-0.004680802778727511,-0.00013724556089812767,0.0006617745189789123,0.010762871299017405,0.003653458939960011,0.0008870453981361937,-0.005110748458850255
-0.0042127225008563585,-0.00012348592410552084,0.0005956101425732656,0.00968659113360305,0.0032881625721277036,0.0007983392827881353,-0.00459967742844003
-0.003791450250769657,-0.00011110576835844654,0.0005360608972558092,0.008717938280267717,0.0029593908812636655,0.0007185039399646292,-0.004139713119135503
-0.0034123052256926916,-9.996679214606397e-05,0.00048246540039297015,0.007846150079703067,0.0026634918969184046,0.0006466522756862075,-0.003725744897090908
-0.003071074703123955,-8.994455976205074e-05,0.0004342283946013256,0.0070615401310804606,0.002397178795731078,0.0005819859071646699,-0.003353173188004776
-0.0027639672328110265,-8.092711108569073e-05,0.0003908141365076591,0.006355390666987341,0.0021574933917600236,0.0005237862914745164,-0.0030178583715601143
-0.0024875705095315226,-7.281371078740606e-05,0.0003517404465374144,0.005719855690796041,0.0019417732772702145,0.00047140674139505706,-0.0027160747863508635
-0.0022388134585789037,-6.551372293547852e-05,0.0003165733535676063,0.005147873800205857,0.0017476222489821586,0.0004242652396853827,-0.0024444693343259865
-0.0020149321127220787,-5.894559843536151e-05,0.0002849222750310118,0.0046330897283879055,0.0015728836912665828,0.0003818379719442294,-0.002200024224717446
-0.0018134389014488055,-5.303596399378052e-05,0.00025643567891418806,0.0041697837309209555,0.0014156166206799048,0.00034365350621099605,-0.001980023443589012
-0.0016320950113044574,-4.771880243366333e-05,0.00023079717947841263,0.0037528080340060114,0.0012740741256970778,0.00030928755461646223,-0.0017820225763681714
-0.0014688855101745446,-4.2934715184878014e-05,0.00020772202331202985,0.0033775296378001796,0.001146683962160569,0.0002783582588613831,-0.0016038216480905743
-0.0013219969591560243,-3.863025872714865e-05,0.0001869539267287633,0.003039778839362241,0.0010320310889515016,0.00025052194719526327,-0.0014434406796486957
-0.0011897972632404215,-3.4757347547390016e-05,0.00016826222934717902,0.0027358029032933835,0.0009288419498211797,0.00022546931567314632,-0.0012990976883707449
-0.0010708175369185113,-3.127271696425071e-05,0.00015143933227721937,0.00246222436526255,0.0008359703268362162,0.0002029219913125685,-0.001169188888508572
-0.0009637357832250619,-2.8137439819289622e-05,0.00013629839240886232,0.002216003505158619,0.0007523846082802127,0.0001826294389455363,-0.0010522708717054779
-0.0008673622049020224,-2.5316491596164004e-05,0.00012267124726033501,0.0019944045728782552,0.000677156329601275,0.0001643661773709365,-0.0009470445693532566
-0.0007806259844134189,-2.277835918476634e-05,0.00011040654727821966,0.0017949653915483015,0.0006094498600919956,0.00014792927391393124,-0.0008523408187315739
-0.0007025633859747415,-2.049468880815919e-05,9.936807486874213e-05,0.001615470000380972,0.000548513120784036,0.00013313608953669648,-0.0007671073725259436
-0.000632307047377267,-1.8439969313763238e-05,8.9433231506824e-05,0.0014539240332099527,0.000493669230386018,0.00011982224943193898,-0.0006903972073608131
-0.0005690763426411394,-1.659124716764382e-05,8.049167610761632e-05,0.0013085325591998924,0.0004443089865610178,0.00010783981656209418,-0.0006213580014899859
-0.0005121687083775583,-1.4927870049072367e-05,7.244409950238687e-05,0.0011776801394324573,0.0003998840989430791,9.705564787201165e-05,-0.0005592226647041093
-0.00046095183754246705,-1.3431256127419133e-05,6.520112148011153e-05,0.0010599128778354967,0.0003599010987626605,8.734991483193982e-05,-0.0005033008152602082
-0.00041485665378715496,-1.208468649950556e-05,5.8682298092430085e-05,0.0009539222670003657,0.0003239158574432216,7.86147719929603e-05,-0.00045297110905108927
-0.0003733709884095049,-1.0873118415480332e-05,5.281522818239778e-05,0.0008585306494163433,0.00029152865323416044,7.075315863320358e-05,-0.0004076743359206856
-0.00033603388956748815,-9.783017236392189e-06,4.7534749290634865e-05,0.0007726781325614069,0.0002623797311523818,6.367772027311008e-05,-0.0003669072063233348
-0.00030243050061073973,-8.8022052421588e-06,4.2782213908073435e-05,0.0006954108124794141,0.00023614530682841695,5.730983804227291e-05,-0.00033021675928409863
-0.0002721874505517974,-7.91972558618348e-06,3.850483812050526e-05,0.0006258701750043311,0.00021253396995195295,5.1578755090667117e-05,-0.0002971953295768763
-0.00024496870549661764,-7.12571991141886e-06,3.465511536144064e-05,0.0005632835568234011,0.0001912834472898306,4.642079038213315e-05,-0.0002674760182188301
-0.0002204718349485546,-6.411318200741367e-06,3.1190288783910364e-05,0.0005069555604640449,0.00017215768938005915,4.1778631093059015e-05,-0.00024072861583647985
-0.0001984246514510346,-5.768539708184139e-06,2.807187637423811e-05,0.0004562603277512081,0.000154944248505276,3.7600695777219306e-05,-0.00021665593374528905
-0.00017858218630806277,-5.1902037952883395e-06,2.5265243565161105e-05,0.0004106345859269545,0.00013945191884710828,3.384056123529461e-05,-0.00019499050191168835
-0.00016072396767619068,-4.6698497275926565e-06,2.2739218563626318e-05,0.0003695713891503673,0.00012550861257987211,3.0456446662517622e-05,-0.00017549159710183483
-0.0001446515709080387,-4.2016644842407525e-06,2.046574613090088e-05,0.00033261448582916006,0.00011295944833146498,2.7410749408984802e-05,-0.00015794256823044306
-0.0001301864138198998,-3.7804178342343286e-06,1.841957600548505e-05,0.0002993532492512503,0.00010166503076043665,2.4669627151939488e-05,-0.00014214842916297765
-0.00011716777243897525,-3.4014039092533643e-06,1.657798244688452e-05,0.0002694181151038904,9.14999021862789e-05,2.2202621864614303e-05,-0.00012793369223017444
-0.00010545099519454482,-3.060388626477395e-06,1.492051184218135e-05,0.0002424764752647305,8.235114898610951e-05,1.9982321371632417e-05,-0.00011514041838898807
-9.490589567562324e-05,-2.753562389948283e-06,1.3428755535324632e-05,0.0002182289822217267,7.4117147371211e-05,1.798405476598902e-05,-0.00010362646239407171
-8.541530610806135e-05,-2.4774975417862777e-06,1.208614537513003e-05,0.00019640622301381368,6.670643456523073e-05,1.6185618276827463e-05,-9.32638934116204e-05
-7.687377549459072e-05,-2.2291100605642544e-06,1.0877769696264472e-05,0.0001767657258099544,6.003669282156343e-05,1.4567028545159344e-05,-8.393757359633457e-05
-6.918639794406545e-05,-2.0056251223837807e-06,9.790207703117698e-06,0.0001590892658042218,5.403383505754589e-05,1.3110300584262546e-05,-7.55438788149574e-05
-6.226775814965847e-05,-1.8045460922488932e-06,8.811380413226155e-06,0.00014318044052552027,4.863118190109872e-05,1.1799247936018775e-05,-6.798954725588911e-05
-5.604098233469301e-05,-1.6236266299624047e-06,7.930416503147686e-06,0.00012886248763451479,4.37687210080584e-05,1.0619302817017895e-05,-6.11906432204639e-05
-5.0436884098559176e-05,-1.4608456167519712e-06,7.137531575544809e-06,0.00011597632090734784,3.9392440458974054e-05,9.557354245168237e-06,-5.5071624510598036e-05
-4.5393195687637444e-05,-1.314384550588077e-06,6.423919467684475e-06,0.0001043787626368968,3.545372879770747e-05,8.601602361699157e-06,-4.956450311710027e-05
-4.085387611674207e-05,-1.1826072546933242e-06,5.781654466314318e-06,9.394095280342366e-05,3.1908835051081e-05,7.741427317749239e-06,-4.4608089754955005e-05
-3.676848850453496e-05,-1.0640415842450013e-06,5.203603272867924e-06,8.454691730117037e-05,2.8718382756892646e-05,6.967271260052699e-06,-4.0147314038866885e-05
-3.309163965248274e-05,-9.573629815018414e-07,4.683345775819553e-06,7.609227936654882e-05,2.5846932559650537e-05,6.270532147398256e-06,-3.613261256130672e-05
-2.9782475685635745e-05,-8.613796925877049e-07,4.215103745836696e-06,6.84830998414869e-05,2.3262588568412346e-05,5.643468145327679e-06,-3.251937824378173e-05
-2.680422811707217e-05,-7.75019437529445e-07,3.7936766651737452e-06,6.163483342279744e-05,2.093664404240192e-05,5.079111624242683e-06,-2.9267464662344547e-05
-2.412380530536452e-05,-6.973174427743478e-07,3.414383961276163e-06,5.547138928639443e-05,1.8843262526990756e-05,4.5711917265461866e-06,-2.6340740018390013e-05
-2.17114247753618e-05,-6.274056592592281e-07,3.073013031984484e-06,4.9924285635695453e-05,1.695919086867892e-05,4.114064693264141e-06,-2.370668564947477e-05
-1.9540282298891043e-05,-5.645030658751882e-07,2.765772449588727e-06,4.4931888821680976e-05,1.5263500912604533e-05,3.702651150350178e-06,-2.1336034752997626e-05
-1.7586254069001505e-05,-5.079069390623303e-07,2.489249853465658e-06,4.043872850855758e-05,1.373735703220913e-05,3.332379672954522e-06,-1.920244717677766e-05
-1.5827628663700466e-05,-4.569850100832884e-07,2.2403740518942006e-06,3.639488136524677e-05,1.2363806916659836e-05,2.9991359824302344e-06,-1.7282216769991254e-05
-1.424486579892914e-05,-4.111684017982231e-07,2.0163809121669096e-06,3.275541636602736e-05,1.1127593245910394e-05,2.6992172328169084e-06,-1.5554007979843437e-05
-1.2820379216904598e-05,-3.699452707089934e-07,1.8147826604565653e-06,2.94798955504591e-05,1.001498423838787e-05,2.4292908750028763e-06,-1.3998618773644611e-05
-1.1538341295747045e-05,-3.3285508520275453e-07,1.63334025074513e-06,2.653192473224021e-05,9.013621095149693e-06,2.186357619088364e-06,-1.2598767328370064e-05
-1.0384507163507806e-05,-2.994834856495654e-07,1.4700384990407045e-06,2.387874912125089e-05,8.112380735933455e-06,1.967718105781724e-06,-1.1338899983044312e-05
-9.346056446091211e-06,-2.694576576589558e-07,1.3230636949461416e-06,2.1490889382474662e-05,7.301252235275557e-06,1.7709429191437032e-06,-1.0205018439592844e-05
-8.411450799883369e-06,-2.424421594315884e-07,1.1907834671573414e-06,1.9341814097227975e-05,6.571225624751875e-06,1.5938455891553738e-06,-9.184524197769148e-06
-7.570305720960846e-06,-2.1813518717717084e-07,1.0717286468425735e-06,1.7407644971684233e-05,5.91419181066033e-06,1.4344582959582852e-06,-8.266078625474016e-06
-6.813275149397235e-06,-1.9626519323634462e-07,9.64576958639718e-07,1.5666891530674923e-05,5.322852503680808e-06,1.2910100043936334e-06,-7.439476927167607e-06
-6.131947632326707e-06,-1.765878459153436e-07,8.681383205956517e-07,1.410021232898552e-05,4.7906391374141766e-06,1.161906788657574e-06,-6.695534784734863e-06
-5.518752868027832e-06,-1.5888331555968804e-07,7.81341641355876e-07,1.2690200052579634e-05,4.311639917861654e-06,1.0457141182002028e-06,-6.025986295886757e-06
-4.966877581225049e-06,-1.429538166036748e-07,7.032229120892963e-07,1.1421188106586905e-05,3.880534151609605e-06,9.411409128690096e-07,-5.423392154953535e-06
-4.470189823635017e-06,-1.2862138547287127e-07,6.329145131114822e-07,1.0279076547530658e-05,3.492533138152454e-06,8.470252074663231e-07,-4.881056978304002e-06
-4.023170841804379e-06,-1.1572590330466426e-07,5.696355648530937e-07,9.25117542048895e-06,3.143326982743555e-06,7.623212338603302e-07,-4.392954921741271e-06
-3.6208537554927034e-06,-1.0412330632425526e-07,5.126832645120649e-07,8.32606375268663e-06,2.829036726131884e-06,6.86087803354607e-07,-3.953662705231953e-06
-3.25876838047634e-06,-9.368396690356828e-08,4.614250645358642e-07,7.493462663817757e-06,2.5461712491736677e-06,6.174778456463637e-07,-3.558299384212593e-06
-2.932891540297078e-06,-8.429126729936343e-08,4.152916715932653e-07,6.744121154108815e-06,2.291588498168351e-06,5.55729002781058e-07,-3.202472100038642e-06
-2.639602387333184e-06,-7.584026358309348e-08,3.7377070619473707e-07,6.069713317954223e-06,2.0624605842622934e-06,5.001551504346669e-07,-2.882227276745225e-06
-2.3756421470011446e-06,-6.823655321341882e-08,3.364010178058541e-07,5.462745837051322e-06,1.8562423676343753e-06,4.501387773081511e-07,-2.5940066991515104e-06
-2.1380779333668443e-06,-6.139517984282694e-08,3.0276755916616716e-07,4.916474719625363e-06,1.6706431902185903e-06,4.051241316999077e-07,-2.334607960809837e-06
-1.9242701405635006e-06,-5.523971939591643e-08,2.7249678297494584e-07,4.424830368802632e-06,1.5036014227448602e-06,3.646110238106348e-07,-2.1011489087039564e-06
-1.7318431275725743e-06,-4.9701398885382275e-08,2.452524859967997e-07,3.9823501383397936e-06,1.3532615789346725e-06,3.2814929932373227e-07,-1.8910355838053922e-06
-1.5586588126836887e-06,-4.471834270936004e-08,2.2073207946171625e-07,3.584117650839644e-06,1.2179536897083398e-06,2.9533380867946546e-07,-1.7019334336426661e-06
-1.402792932481134e-06,-4.023488377191686e-08,1.9866323239942085e-07,3.225708159268134e-06,1.09617476069801e-06,2.6579992529196517e-07,-1.5317413599291035e-06
-1.2625136402988346e-06,-3.6200932793106766e-08,1.7880083468327368e-07,2.903139386398537e-06,9.865720780322107e-07,2.3921947936433874e-07,-1.3785683667492943e-06
-1.136262273604416e-06,-3.257142812407299e-08,1.6092428510236512e-07,2.612827288627287e-06,8.879281829521357e-07,2.1529712342094331e-07,-1.2407125535053576e-06
-1.0226360451781602e-06,-2.9305812082602856e-08,1.4483503504858497e-07,2.351546216075237e-06,7.991473479768141e-07,1.9376704417373158e-07,-1.116642218192479e-06
-9.203724395945301e-07,-2.636760361440782e-08,1.3035439348427214e-07,2.1163930854061624e-06,7.192433967156964e-07,1.7439001023106249e-07,-1.0049788258126996e-06
-8.283351977667053e-07,-2.372398143213328e-08,1.173215288460816e-07,1.9047551179252747e-06,6.473287644248593e-07,1.5695071277355144e-07,-9.044816927285954e-07
-7.455016763908799e-07,-2.1345410258777342e-08,1.0559169491899945e-07,1.7142808122049685e-06,5.826046246409922e-07,1.4125537284304102e-07,-8.140341951415331e-07
-6.709515076868018e-07,-1.9205309176317797e-08,9.503461097931654e-08,1.5428538159729943e-06,5.243520231762444e-07,1.2712959359534315e-07,-7.326313844254612e-07
-6.038563569177313e-07,-1.7279774180978258e-08,8.553302867364554e-08,1.3885694142776184e-06,4.7192389561467873e-07,1.1441641523113333e-07,-6.593687961551492e-07
-5.4347071909433e-07,-1.55472948265567e-08,7.698141598483366e-08,1.2497133519348558e-06,4.247378745797503e-07,1.0297457764957274e-07,-5.934324102223332e-07
-4.891236482507111e-07,-1.3988513847262851e-08,6.928479563336754e-08,1.1247428088733552e-06,3.822698155242499e-07,9.267694305731267e-08,-5.340896127841582e-07
-4.402112807611047e-07,-1.2586018768856455e-08,6.235768491499871e-08,1.0122692406262096e-06,3.440479941219099e-07,8.340908902448874e-08,-4.8068105351802e-07
-3.9619015268499425e-07,-1.1324133492029986e-08,5.612314726496925e-08,9.110429561448585e-07,3.0964783678810726e-07,7.506804011736534e-08,-4.3261330221790184e-07
-3.565711352848666e-07,-1.018876885638953e-08,5.051193975244561e-08,8.199392355547758e-07,2.7868723144475194e-07,6.756110626504608e-08,-3.8935229406886207e-07
-3.2091402069099953e-07,-9.167235498486193e-09,4.546174588518359e-08,7.379458336655154e-07,2.508222703562213e-07,6.080488074849955e-08,-3.504173504940977e-07
-2.888226191544163e-07,-8.248120908493917e-09,4.091646696111062e-08,6.641517197036872e-07,2.257434242730616e-07,5.47242916468238e-08,-3.1537587143366796e-07
-2.599403572389747e-07,-7.421156092424219e-09,3.682563066986777e-08,5.977369680523065e-07,2.031721269835085e-07,4.9251770536939965e-08,-2.8383851789250125e-07
-2.3394632364627174e-07,-6.677103064900436e-09,3.314379435487291e-08,5.379636510323416e-07,1.828576529500081e-07,4.432651168340129e-08,-2.554548741290352e-07
-2.105516934132294e-07,-6.007648351014083e-09,2.983007079196409e-08,4.841676267668821e-07,1.6457435181305158e-07,3.9893784602174076e-08,-2.2990957874655105e-07
-1.8949652513811088e-07,-5.4053117953811736e-09,2.6847654047840175e-08,4.357511691928384e-07,1.4811913880141692e-07,3.590433716310626e-08,-2.069187969178793e-07
-1.705468726242998e-07,-4.863366695473381e-09,2.4163419830997013e-08,3.921763280234636e-07,1.333092247840506e-07,3.2313841422104694e-08,-1.8622707621644696e-07
-1.534921842960557e-07,-4.3757594769822106e-09,2.174755255393568e-08,3.529589443097142e-07,1.1998010233937872e-07,2.908240324256406e-08,-1.6760451159586465e-07
-1.3814296373525561e-07,-3.93704041590226e-09,1.957322564097308e-08,3.1766327335952527e-07,1.0798371247178196e-07,2.6174114757526734e-08,-1.5084418744995554e-07
-1.2432866469680448e-07,-3.542304630177462e-09,1.7616287196348113e-08,2.8589714603892424e-07,9.718679851167256e-08,2.355665992825884e-08,-1.357598861263104e-07
-1.1189579929293814e-07,-3.1871495581592413e-09,1.5855004222714575e-08,2.5730760959581656e-07,8.746942992132745e-08,2.1200952174393883e-08,-1.2218399894972642e-07
-1.0070621669867538e-07,-2.8676001295746545e-09,1.426981758451129e-08,2.3157701075152137e-07,7.872366490635496e-08,1.908082002816114e-08,-1.0996569302194892e-07
-9.063559502919816e-08,-2.5800871994441366e-09,1.2843118162714218e-08,2.0841945741305323e-07,7.085236231052505e-08,1.7172703203893747e-08,-9.896920596767778e-08
-8.157203446046424e-08,-2.3214049293951433e-09,1.1559060441451718e-08,1.8757764234239582e-07,6.376808391050925e-08,1.5455402353758974e-08,-8.907236442000366e-08
-7.341483154732487e-08,-2.0886575663459084e-09,1.0403381319606941e-08,1.6881999756641897e-07,5.739213530808751e-08,1.390983371540866e-08,-8.016519849850245e-08
-6.607334945884016e-08,-1.879243052838042e-09,9.363250917659993e-09,1.5193810447115819e-07,5.165369730553149e-08,1.2518826746077405e-08,-7.214873744623707e-08
-5.946601611128699e-08,-1.690826437195092e-09,8.427112792308566e-09,1.3674439161559526e-07,4.64890215906566e-08,1.1266921541575048e-08,-6.493392249763696e-08
-5.3519412901870816e-08,-1.521302722684581e-09,7.584566624058153e-09,1.2307004043296543e-07,4.184074837987328e-08,1.0140208998865585e-08,-5.844058371430594e-08
-4.816747001300595e-08,-1.368775079391149e-09,6.826261743364537e-09,1.107631147703736e-07,3.765723533000198e-08,9.126170909257159e-09,-5.2596566019191826e-08
-4.33507203463461e-08,-1.2315390929273917e-09,6.143769243349695e-09,9.968687155088862e-08,3.3892019274395224e-08,8.213536094314744e-09,-4.733695116096448e-08
-3.9015649377915906e-08,-1.1080613371294845e-09,5.529512663721148e-09,8.971824731404676e-08,3.050327253284468e-08,7.392168502318164e-09,-4.260329032612642e-08
-3.511408230849611e-08,-9.969633590900528e-10,4.976672154238804e-09,8.074647802648605e-08,2.7453355699869064e-08,6.652939261997393e-09,-3.834299664058627e-08
-3.160267247892534e-08,-8.970055948021027e-10,4.4791045004932695e-09,7.267187874561432e-08,2.4708391124783624e-08,5.987636157722687e-09,-3.45087269940092e-08
-2.844240576393986e-08,-8.070712986807393e-10,4.031284556171855e-09,6.540473512436917e-08,2.2237884617082315e-08,5.388862286959117e-09,-3.1057881114127106e-08
-2.5598163588824718e-08,-7.261507090072783e-10,3.628235958202941e-09,5.886430158412448e-08,2.0014395182843536e-08,4.849966872555456e-09,-2.7952111295720394e-08
-2.3038349894477506e-08,-6.533460716884321e-10,3.265483151243531e-09,5.297790608982389e-08,1.8013225924762288e-08,4.364959935165835e-09,-2.515691739472803e-08
-2.0734512773401548e-08,-5.878401238001985e-10,2.938998173301899e-09,4.768015063501274e-08,1.621214693048323e-08,3.9284590303001465e-09,-2.264124181541871e-08
-1.8661062028968445e-08,-5.289007704023518e-10,2.645157953784505e-09,4.291216542176568e-08,1.4591150218623561e-08,3.535603948501276e-09,-2.0377139125365984e-08
-1.6794954760691178e-08,-4.758707594643141e-10,2.380696438597507e-09,3.8620974456698987e-08,1.3132231371781877e-08,3.1820354476352897e-09,-1.8339445635728868e-08
-1.5115460882952902e-08,-4.281570792352696e-10,2.142672528987477e-09,3.475889886681016e-08,1.1819186823691652e-08,2.8638259194635474e-09,-1.6505512972012082e-08
-1.3603912663029405e-08,-3.8523077783292337e-10,1.9284488936288646e-09,3.128302921567849e-08,1.0637427480530981e-08,2.5774368195286e-09,-1.485497357067711e-08
-1.2243523528354672e-08,-3.466056192058531e-10,1.7356438890281378e-09,2.8154746003344888e-08,9.573829742870466e-09,2.319686630281037e-09,-1.3369484914982355e-08
-1.1019169576798049e-08,-3.1185418136736587e-10,1.562115665987296e-09,2.5339287907516495e-08,8.616575244979607e-09,2.087713592280327e-09,-1.2032548322299386e-08
-9.917251020397089e-09,-2.8058640133554746e-10,1.4059354548623393e-09,2.280537348721412e-08,7.755033906708952e-09,1.8789383868234033e-09,-1.0829306451576315e-08
-8.925526984171483e-09,-2.5245500134829513e-10,1.2653716650878888e-09,2.0524849460648587e-08,6.979636049675442e-09,1.6910428335403793e-09,-9.746383438161144e-09
-8.032976949855913e-09,-2.2714476133334216e-10,1.1388578587123721e-09,1.8472376224140663e-08,6.281765746463108e-09,1.5219379020936508e-09,-8.771756994374602e-09
-7.229678189446531e-09,-2.0437244951931888e-10,1.0249927885619403e-09,1.662515083065974e-08,5.6536755138614225e-09,1.369742416712505e-09,-7.894587861906333e-09
-6.506709837594826e-09,-1.838816460209003e-10,9.225136765600439e-10,1.4962645853225376e-08,5.088385254814476e-09,1.2327669857148393e-09,-7.105134576176897e-09
-5.856040985463551e-09,-1.654425624275646e-10,8.302803410076276e-10,1.3466390847913234e-08,4.579612841726366e-09,1.109487522688024e-09,-6.394625556502276e-09
-5.2704347552889885e-09,-1.4885220833704693e-10,7.472698224098018e-10,1.2119759196238533e-08,4.121715524441072e-09,9.985344009977304e-10,-5.7551631741509235e-09
-4.743389681038934e-09,-1.3392889575136735e-10,6.725550186215123e-10,1.0907792310013709e-08,3.709599419310372e-09,8.986819136080904e-10,-5.179649160969024e-09
-4.269049114213885e-09,-1.205016503247336e-10,6.053154158469631e-10,9.817018385704923e-09,3.338687423748432e-09,8.088109487713879e-10,-4.661688680906995e-09
-3.842142604071341e-09,-1.0842081399342618e-10,5.447944560754703e-10,8.835324517147969e-09,3.00486613369344e-09,7.279302785545561e-10,-4.195526381173265e-09
-3.4579272778501036e-09,-9.754759500157917e-11,4.903261199840081e-10,7.951796828636892e-09,2.7044216033278445e-09,6.551339401528189e-10,-3.7759717835123e-09
-3.1121345500650932e-09,-8.776959714573707e-11,4.41303018433592e-10,7.1566245984922006e-09,2.4340184034965517e-09,5.896172439179281e-10,-3.3983779765961453e-09
