"[0.4987611863888349, -0.011934331857011479, 0.7263945855723111]","(-0.6346928813541622, 0.38277184522093277, -0.3985008535240092, 0.5402293314927927)"
0.0,0.0,0.0
-2.8912057932946785e-20,3.7060441973897657e-07,-5.583653908492724e-09
-2.8912057932946785e-20,7.037038813257326e-07,-1.0602222903155606e-08
-5.782411586589357e-20,1.0031948082550156e-06,-1.5114416357346848e-08
-5.782411586589357e-20,1.2724681499107816e-06,-1.9171327296926948e-08
-5.782411586589357e-20,1.5145727547946197e-06,-2.2818893949278866e-08
-5.782411586589357e-20,1.732249853264488e-06,-2.6098419352143153e-08
-5.782411586589357e-20,1.92796409513832e-06,-2.9047039046617432e-08
-5.782411586589357e-20,1.7330982091362162e-06,-2.6111156093044122e-08
-2.8912057932946785e-20,1.558250195459904e-06,-2.347686580660147e-08
6.118683349339479e-11,1.401041773732129e-06,-2.104980847365592e-08
5.494577648770816e-11,1.2596937630115685e-06,-1.8926204875217617e-08
4.9403700806231283e-11,1.1326060409581216e-06,-1.7016780632193634e-08
4.446413168213148e-11,1.0183399185434038e-06,-1.5299952490620967e-08
4.024991526417147e-11,9.15601852892937e-07,-1.375611420268222e-08
3.6188888026302454e-11,1.1938252529317375e-06,-1.795176927026886e-08
3.253787135559794e-11,1.4438646169428737e-06,-2.1722388978748e-08
2.9255197367637306e-11,1.6686759191196152e-06,-2.5112551880600992e-08
2.63037050763267e-11,1.8708045484981074e-06,-2.8160645735393273e-08
2.3649982348652088e-11,2.0525391073104138e-06,-3.0901185472581005e-08
2.126398785060972e-11,2.2159372858300083e-06,-3.336520344865192e-08
1.9118711070316895e-11,2.3628491605902944e-06,-3.5580600840620065e-08
1.7189866515175218e-11,2.494938141883628e-06,-3.75724635834785e-08
1.5455618844935813e-11,2.6136998077308004e-06,-3.9363346429448217e-08
1.3896335586867835e-11,2.7204788375698963e-06,-4.097352834554757e-08
1.2494364975505308e-11,2.8164842373942675e-06,-4.2421242141381834e-08
1.1233836083590634e-11,2.9028030287283017e-06,-4.372288092744566e-08
1.0100479162546604e-11,2.980412556432423e-06,-4.489318374157937e-08
9.081464110808718e-12,3.0501915546946146e-06,-4.5945402445702696e-08
8.165255248558195e-12,3.1129300965019947e-06,-4.68914517825613e-08
7.341480693044228e-12,3.1693385392450115e-06,-4.7742044291749e-08
6.600814917804659e-12,3.2200555677421023e-06,-4.850681161251643e-08
5.934873281478645e-12,3.2656554257510488e-06,-4.9194413547122555e-08
5.3361170227842865e-12,3.306654417846379e-06,-4.981263611969315e-08
4.797767969947724e-12,3.3435167552797764e-06,-5.036847974079483e-08
4.313731750277273e-12,3.376659812013946e-06,-5.0868238476260354e-08
3.878528921641423e-12,3.406458850440915e-06,-5.131757131768103e-08
3.4872326958960523e-12,3.4332512702922923e-06,-5.17215662617475e-08
3.135413456645254e-12,3.4573404288486783e-06,-5.208479792381352e-08
2.8190885100846486e-12,3.1081249563764043e-06,-4.6823870101843815e-08
2.5346768954548357e-12,2.7945535512548613e-06,-4.209992014936441e-08
2.278958937072344e-12,2.512617213983243e-06,-3.785255216423588e-08
2.0490398151366372e-12,2.259124811708208e-06,-3.403369176361558e-08
1.842316721632302e-12,2.0312066981279546e-06,-3.060010775588796e-08
1.6564494567661298e-12,1.8262827397306129e-06,-2.7512930456556496e-08
1.4893339455220502e-12,1.6420331069762196e-06,-2.4737211657722962e-08
1.3390785008615685e-12,1.4763720128043775e-06,-2.2241528998956135e-08
1.2039818216476784e-12,1.6980156659891715e-06,-2.5581001707215597e-08
1.0825147491363064e-12,1.8971839834469114e-06,-2.858182856130669e-08
9.733022258521616e-13,2.07625694947644e-06,-3.127987104059708e-08
8.751079143739151e-13,2.237262080612962e-06,-3.3705679722952875e-08
7.86820203898161e-13,2.3820223581079563e-06,-3.5886723130868275e-08
7.074396624062734e-13,2.512176830780494e-06,-3.7847698199392964e-08
6.360676453135803e-13,2.629199173166023e-06,-3.96108099308025e-08
5.718961762490876e-13,2.734414371202072e-06,-4.119602283193858e-08
5.141988108451721e-13,2.8290137243870095e-06,-4.262128698114622e-08
4.623224257131284e-13,2.91406833427339e-06,-4.3902741285158426e-08
4.1567973022016473e-13,2.9905412320197355e-06,-4.505489622721262e-08
3.7374273236430957e-13,3.059298282314495e-06,-4.609079817572148e-08
3.36036667242246e-13,3.121117987132709e-06,-4.70221771141626e-08
3.0213470614270985e-13,3.176700300327521e-06,-4.785957946500975e-08
2.716530414966413e-13,3.226674552860638e-06,-4.86124875116242e-08
2.4424657898055273e-13,3.271606578404453e-06,-4.928942677033763e-08
2.1960506330076565e-13,3.312005119996283e-06,-4.989806252873874e-08
1.9744957983440094e-13,3.3483275902833945e-06,-5.044528664318396e-08
1.7752931647889027e-13,3.3809852505796225e-06,-5.0937295578426636e-08
1.5961878809441458e-13,3.410347867372817e-06,-5.1379660572830355e-08
1.4351517659457427e-13,3.4367478990079103e-06,-5.1777390724146856e-08
1.29036249278218e-13,3.4604842599476007e-06,-5.213498970974064e-08
1.1601807477686593e-13,3.481825705232651e-06,-5.245650678375839e-08
1.0431325941917588e-13,3.5010138734616375e-06,-5.274558262860264e-08
9.378932815569912e-14,3.5182660227451942e-06,-5.3005490580042506e-08
8.432710548363603e-14,3.533777490612025e-06,-5.3239173692717676e-08
7.581950114040297e-14,3.547723905718009e-06,-5.3449278065607546e-08
6.817023797308324e-14,3.5602631764035492e-06,-5.363818280501355e-08
6.129269545610973e-14,3.57153727861054e-06,-5.380802696429431e-08
5.510904232952694e-14,3.5816738634055353e-06,-5.396073376520241e-08
4.9549253589021274e-14,3.590787702310191e-06,-5.409803237554505e-08
4.455032986035684e-14,3.5989819868014633e-06,-5.422147748928261e-08
4.005574807027473e-14,3.606349496697837e-06,-5.433246693092169e-08
3.601462299681296e-14,3.612973650659205e-06,-5.4432257483854925e-08
3.2381215764321606e-14,3.618929450694669e-06,-5.4521979121367394e-08
2.911435560230415e-14,3.624284331374018e-06,-5.460264780195698e-08
2.617703507660642e-14,3.6290989233546905e-06,-5.467517697339887e-08
2.353609205677933e-14,3.633427739873403e-06,-5.474038791612097e-08
2.1161573650804342e-14,3.6373197939722392e-06,-5.479901904292642e-08
1.9026620556861752e-14,3.640819153449214e-06,-5.48517342604908e-08
1.7107062294519617e-14,3.6439654398156367e-06,-5.4899130486887524e-08
1.538115699621236e-14,3.6467942769113913e-06,-5.4941744410937877e-08
1.3829389022835241e-14,3.6493376942555465e-06,-5.498005856929427e-08
1.2434179843165029e-14,3.6516244897011477e-06,-5.501450681039999e-08
1.1179685649454467e-14,3.6536805554987497e-06,-5.50454792071827e-08
1.005179735743228e-14,3.6555291714611154e-06,-5.507332647402181e-08
9.037706925434172e-15,3.657191268549987e-06,-5.5098363938050933e-08
8.125936266460762e-15,3.6586856658660723e-06,-5.512087510975368e-08
7.306134863772056e-15,3.660029283728872e-06,-5.514111489322847e-08
6.569021946771578e-15,3.6612373352570163e-06,-5.5159312472681626e-08
5.9063286668905045e-15,3.66232349861867e-06,-5.5175673907501454e-08
5.310451152892471e-15,3.663300071902809e-06,-5.5190384465562484e-08
4.7746818073370345e-15,3.6641781123640855e-06,-5.520361072114224e-08
4.2929490980582755e-15,3.66496756161942e-06,-5.521550244108607e-08
3.8598175581648e-15,3.6656773582108914e-06,-5.522619428067279e-08
3.4704010498659394e-15,3.6663155388132403e-06,-5.5235807308436646e-08
3.120276028297954e-15,3.6668893292287977e-06,-5.524445037700363e-08
2.8054815415240293e-15,3.667405226201924e-06,-5.525222135572814e-08
2.5224035823025472e-15,3.6678690709779134e-06,-5.525920823890664e-08
2.2679196483767495e-15,3.668286115441344e-06,-5.526549014215943e-08
2.0390807098374756e-15,3.66866108157954e-06,-5.5271138198285235e-08
1.8333714176445593e-15,3.6689982149482805e-06,-5.527621636280896e-08
1.6484209830474987e-15,3.6693013327414184e-06,-5.528078213805527e-08
1.4821188258171888e-15,3.6695738670111725e-06,-5.528488722433485e-08
1.332585662187988e-15,3.6698189035279227e-06,-5.5288578105413625e-08
1.1981445927997854e-15,3.6700392167187362e-06,-5.5291896574784444e-08
1.0772632785821348e-15,3.670237301080417e-06,-5.529488020897196e-08
9.685828528121879e-16,3.6704153994241574e-06,-5.529756279300245e-08
8.708890090567607e-16,3.670575528269056e-06,-5.5299974702997096e-08
7.829963529406025e-16,3.670719500674509e-06,-5.5302143250095355e-08
7.040086106677919e-16,3.6708489467686163e-06,-5.530409298974171e-08
6.330005963844746e-16,3.6709653322055056e-06,-5.530584599970402e-08
5.691338604105951e-16,3.6710699747594917e-06,-5.530742213010498e-08
5.117145133557628e-16,3.671164059246528e-06,-5.530883922817003e-08
4.6007757788751985e-16,3.6712486509384763e-06,-5.531011334035153e-08
4.1367372490514026e-16,3.6713247076250653e-06,-5.531125889399769e-08
3.719247132499651e-16,3.671393090458485e-06,-5.531228886072013e-08
3.3436794999506723e-16,3.671454573703655e-06,-5.531321490329609e-08
3.0062757838731835e-16,3.6715098535048164e-06,-5.531404750770974e-08
2.703277416735901e-16,3.6715595557676334e-06,-5.5314796101937435e-08
2.430636710428213e-16,3.6716042432463074e-06,-5.531546916264761e-08
2.1851733385774946e-16,3.671644421915018e-06,-5.5316074311203294e-08
1.9645743365491106e-16,3.671680546696801e-06,-5.5316618399964606e-08
1.7659484985497662e-16,3.6717130266147244e-06,-5.531710758990316e-08
1.587850221682814e-16,3.671742229422608e-06,-5.5317547420337967e-08
1.4279665413136182e-16,3.671768485769542e-06,-5.531794287166012e-08
1.2842736133868727e-16,3.6717920929429995e-06,-5.531829842175469e-08
1.1544584732679417e-16,3.671813318235472e-06,-5.531861809668358e-08
1.0379428797981661e-16,3.67183240197026e-06,-5.531890551622198e-08
9.332812300808987e-17,3.6718495602230987e-06,-5.531916393500025e-08
8.390279212194922e-17,3.671864987268406e-06,-5.531939627920778e-08
7.543155914759581e-17,3.6718788577788754e-06,-5.531960517978402e-08
6.785659996916375e-17,3.6718913288034898e-06,-5.531979300218343e-08
6.100444223905536e-17,3.671902541545419e-06,-5.531996187319147e-08
5.484617389933769e-17,3.6719126229608634e-06,-5.532011370505163e-08
4.929505877621191e-17,3.671921687196922e-06,-5.532025021699054e-08
4.432218481174506e-17,3.6719298368832624e-06,-5.532037295480582e-08
3.984081583213831e-17,3.6719371642947625e-06,-5.53204833083001e-08
3.582203977945871e-17,3.671943752396109e-06,-5.532058252708144e-08
3.2208032537840364e-17,3.6719496757812382e-06,-5.5320671734657954e-08
2.896988204935032e-17,3.6719550015173723e-06,-5.532075194113021e-08
2.6049764198122697e-17,3.671959789905501e-06,-5.532082405474159e-08
2.341876692622454e-17,3.6719640951620065e-06,-5.532088889205535e-08
2.1047978175722904e-17,3.671967966033219e-06,-5.532094718724983e-08
1.8966310004550737e-17,3.6719714463470393e-06,-5.5320999600430686e-08
1.7087026238909195e-17,3.6719745755094488e-06,-5.5321046725090184e-08
1.5352302762932388e-17,3.6719773889504077e-06,-5.5321089094872635e-08
1.3791051634553261e-17,3.6719799185250223e-06,-5.5321127189515814e-08
1.2403272853771815e-17,3.6719821928743184e-06,-5.532116144038763e-08
1.1160054362655104e-17,3.6719842377497055e-06,-5.532119223531442e-08
1.0003572045337232e-17,3.6719860763046215e-06,-5.532121992303344e-08
8.991650017684095e-18,3.671987729355607e-06,-5.532124481703812e-08
8.124288279695691e-18,3.67198921561937e-06,-5.5321267199221036e-08
7.343662715506128e-18,3.6719905519243843e-06,-5.5321287323010825e-08
6.591949209249511e-18,3.671991753400911e-06,-5.532130541632124e-08
5.926971876791735e-18,3.6719928336526735e-06,-5.532132168400867e-08
5.348730718132799e-18,3.671993804910842e-06,-5.532133631027183e-08
4.828313675339757e-18,3.671994678172519e-06,-5.532134946073345e-08
4.336808690479662e-18,3.671995463325238e-06,-5.532136128431954e-08
3.90312782148546e-18,3.6719961692586366e-06,-5.5321371914907383e-08
3.498359010424205e-18,3.6719968039659044e-06,-5.532138147285788e-08
3.1514143152288437e-18,3.6719973746334483e-06,-5.5321390066403315e-08
2.833381677966429e-18,3.671997887722661e-06,-5.5321397792876136e-08
2.0090989057658486e-16,3.301126100549582e-06,-4.973393641833668e-08
3.7874795892214056e-16,2.9680832361812453e-06,-4.471639611174603e-08
5.386605513492692e-16,2.6686398721913095e-06,-4.0205057455052036e-08
4.841324100877316e-16,2.3994066895327616e-06,-3.614885800685568e-08
4.678838335294155e-16,2.1573358470726142e-06,-3.2501879516430337e-08
4.532543322153444e-16,1.9396869973607407e-06,-2.9222836632582115e-08
4.400704337979207e-16,1.7439962594770187e-06,-2.627460914439843e-08
4.0101024353050955e-16,1.568048328007724e-06,-2.3623821843177233e-08
3.658820931419792e-16,1.4098513948104122e-06,-2.1240466619191692e-08
3.2899030721953913e-16,1.2676146008965708e-06,-1.909756284631733e-08
2.9666662645050464e-16,1.1397277629999325e-06,-1.7170851901767095e-08
2.676100082278931e-16,1.0247431457748365e-06,-1.5438522569802382e-08
2.407507064081856e-16,9.213590726688037e-07,-1.3880964119473169e-08
2.16609138034175e-16,8.284051904023608e-07,-1.2480544301747665e-08
1.947805342948002e-16,7.4482922005399e-07,-1.1221409747053908e-08
1.7514924695832933e-16,6.696850447988868e-07,-1.0089306497120667e-08
1.5748397956129884e-16,6.021219994495924e-07,-9.07141864416559e-09
1.415823476981781e-16,5.413752405505341e-07,-8.156223248959729e-09
1.272997910793024e-16,4.867570880138306e-07,-7.333359896214093e-09
1.14462837357074e-16,4.376492402769717e-07,-6.5935134100555464e-09
1.0292692624182824e-16,3.934957748567327e-07,-5.92830840212381e-09
9.254749744390034e-17,3.537968550616218e-07,-5.330214458510703e-09
8.320890273155853e-17,3.18103071620192e-07,-4.792460892138099e-09
7.482440593100396e-17,2.8601035516999387e-07,-4.30896009559131e-09
6.727835881050485e-17,2.5715540201427627e-07,-3.8742386267281036e-09
6.048402519626236e-17,2.3121156136398998e-07,-3.483375246900406e-09
5.438358097241059e-17,2.0788513750687895e-07,-3.131945210338782e-09
4.8890289965150696e-17,1.8691206504254138e-07,-2.8159701741277147e-09
4.3946328058616794e-17,1.6805491954570746e-07,-2.5318731615749303e-09
3.9522783194875934e-17,1.5110022981708775e-07,-2.2764380692696437e-09
3.5532919200129277e-17,1.3585606129529194e-07,-2.0467732593712224e-09
3.1947824016443876e-17,1.2214984327299015e-07,-1.8402788249868822e-09
2.873858558588678e-17,1.0982641532062202e-07,-1.6546171581014799e-09
2.5847379792592103e-17,9.874627080119061e-08,-1.487686486804568e-09
2.3245294578626892e-17,8.878397759478968e-08,-1.3375970823147037e-09
2.0903417886058203e-17,7.982675815092283e-08,-1.2026498663984548e-09
1.8792837656953088e-17,7.177321279712435e-08,-1.081317177103443e-09
1.68846418333786e-17,6.453217184996681e-08,-9.72225474909699e-10
1.5178830415334742e-17,5.802166353406854e-08,-8.741397936514339e-10
1.3646491344888563e-17,5.216798602544183e-08,-7.859497601781615e-10
1.2258712564107118e-17,4.6904873114379674e-08,-7.066570244327438e-10
1.1015494072990406e-17,4.2172744042738074e-08,-6.353639576990326e-10
9.945747929471375e-18,3.791802902349203e-08,-5.71263491039884e-10
8.933825901818238e-18,3.409256280714007e-08,-5.136299788989234e-10
8.037552105896888e-18,3.0653039429836146e-08,-4.6181098454882134e-10
7.228014483774378e-18,2.756052197079919e-08,-4.15219894101326e-10
6.534125093383655e-18,2.4780001769207925e-08,-3.733292758846047e-10
5.869147760925879e-18,2.2280002110721158e-08,-3.356649096406878e-10
5.290906602266943e-18,2.0032221897198538e-08,-3.018004181345519e-10
4.7704895594739014e-18,1.8011215265793424e-08,-2.71352440401696e-10
4.278984574613806e-18,1.6194103530580885e-08,-2.4397629190368554e-10
3.8453037056196045e-18,1.456031618572619e-08,-2.1936206255681383e-10
3.469446952491296e-18,1.3091358038312365e-08,-1.9723110847071221e-10
3.1225022572959347e-18,1.1770599834589212e-08,-1.7733289746935725e-10
2.80446962003352e-18,1.0583090009498353e-08,-1.5944217303502802e-10
2.515349040704052e-18,9.51538542836288e-09,-1.4335640427925238e-10
2.284052577240478e-18,8.555399204678101e-09,-1.2889349321661288e-10
2.0527561137769036e-18,7.692263871227818e-09,-1.1588971330610417e-10
1.850371708246276e-18,6.916208355566231e-09,-1.0419785604365909e-10
1.6768993606485954e-18,6.218447367168042e-09,-9.368556444221746e-11
1.5034270130509148e-18,5.591081944072752e-09,-8.423383472214777e-11
1.3588667233861808e-18,5.027010033144234e-09,-7.573566913945177e-11
1.2143064337214468e-18,4.519846091709158e-09,-6.809486471509737e-11
1.0986582019896597e-18,4.063848800386528e-09,-6.122492417562042e-11
9.830099702578726e-19,3.653856068839272e-09,-5.504807677400269e-11
8.962737964590321e-19,3.285226598617943e-09,-4.94943978741397e-11
8.095376226601918e-19,2.9537873416283937e-09,-4.450101736760658e-11
7.2280144886135145e-19,2.655786259379526e-09,-4.001140798889601e-11
6.360652750625111e-19,2.387849848264524e-09,-3.5974745390383986e-11
5.782411591966176e-19,2.146944949999388e-09,-3.234533276346488e-11
5.20417043330724e-19,1.9303444149473587e-09,-2.9082083572922956e-11
4.625929274648304e-19,1.7355962295740918e-09,-2.614805637637628e-11
4.047688115989369e-19,1.5604957585735317e-09,-2.3510036712550905e-11
3.758567536659901e-19,1.4030607874301758e-09,-2.1138161027687308e-11
3.4694469573304333e-19,1.261509082871025e-09,-1.9005578635759045e-11
3.1803263780009655e-19,1.13423821720395e-09,-1.7088147780463732e-11
2.8912057986714977e-19,1.019807428133603e-09,-1.536416227171528e-11
2.60208521934203e-19,9.169213086816836e-10,-1.3814105863255733e-11
2.312964640012562e-19,8.24415143435679e-10,-1.2420431248884427e-11
2.312964640012562e-19,7.412417208376679e-10,-1.1167361378795875e-11
2.0238440606830944e-19,6.664594812680271e-10,-1.0040710985446145e-11
2.0238440606830944e-19,5.992218567143058e-10,-9.027725846966784e-12
2.0238440606830944e-19,5.387676875335216e-10,-8.116938530451761e-12
1.7347234813536266e-19,4.84412606073427e-10,-7.298038547905288e-12
1.7347234813536266e-19,4.355412886638225e-10,-6.561755565983804e-12
1.4456029020241588e-19,3.9160049064036227e-10,-5.899754556417877e-12
1.4456029020241588e-19,3.520927826050271e-10,-5.3045413547749695e-12
1.156482322694691e-19,3.1657092008473446e-10,-4.769377919217633e-12
1.4456029020241588e-19,2.8463277973979406e-10,-4.288205944846454e-12
1.4456029020241588e-19,2.559168078072934e-10,-3.855578327666721e-12
1.4456029020241588e-19,2.3009792691263604e-10,-3.466597552992968e-12
1.156482322694691e-19,2.0688385983270936e-10,-3.1168602565778924e-12
1.156482322694691e-19,1.8601180871473443e-10,-2.802407177840069e-12
1.156482322694691e-19,1.6724549274319621e-10,-2.5196785774706197e-12
1.156482322694691e-19,1.503724689497851e-10,-2.2654738617443094e-12
1.156482322694691e-19,1.3520172717831378e-10,-2.0369152834308113e-12
1.156482322694691e-19,1.2156152813498918e-10,-1.831415488009677e-12
1.156482322694691e-19,1.0929745865136174e-10,-1.64664809565139e-12
8.673617433652232e-20,9.827070830160408e-11,-1.480521839381544e-12
1.156482322694691e-19,8.835642232955273e-11,-1.3311557007110218e-12
1.4456029020241588e-19,7.944236677537929e-11,-1.196858772387644e-12
1.156482322694691e-19,7.142763069281802e-11,-1.0761107716691222e-12
8.673617433652232e-20,6.422148363498649e-11,-9.67544765368445e-13
1.156482322694691e-19,5.774234874868392e-11,-8.699317452709693e-13
8.673617433652232e-20,5.19168795184172e-11,-7.821666780664692e-13
1.156482322694691e-19,4.667912897118814e-11,-7.032560442521658e-13
1.4456029020241588e-19,4.196980351048835e-11,-6.323065335180758e-13
1.4456029020241588e-19,3.773559149519188e-11,-5.68514954438793e-13
5.464378949864624e-18,3.392853096537426e-11,-5.111536049721742e-13
1.026378056673379e-17,3.0505556398822354e-11,-4.595793363895009e-13
1.4600589256675808e-17,2.7427918174981043e-11,-4.1320826968081727e-13
1.8474805019690676e-17,2.466077607864676e-11,-3.7151547752229273e-13
2.1973164029577235e-17,2.2172804838305044e-11,-3.340289705681719e-13
5.2359736917104304e-17,1.993583951974001e-11,-3.0029834232394643e-13
7.962380754787313e-17,1.7924556698315484e-11,-2.6997076449063155e-13
1.04141232675012e-16,1.6116187756166528e-11,-2.427028630121866e-13
1.2617222081991745e-16,1.4490261160115014e-11,-2.1818595830209055e-13
1.1339309121355499e-16,1.3028370709841257e-11,-1.9617369071469669e-13
1.0194391627210806e-16,1.1713967157840469e-11,-1.7638215829713245e-13
9.165122364797901e-17,1.0532170877357384e-11,-1.585873504245334e-13
8.239936510943603e-17,9.469603413508735e-12,-1.425878223332517e-13
7.410160448268031e-17,8.514236034695778e-12,-1.2820245443636642e-13
6.661338147804708e-17,7.65525356403945e-12,-1.1526837065551231e-13
5.990578403760343e-17,6.882931936815018e-12,-1.0363920369740383e-13
5.386316392961755e-17,6.1885281322475306e-12,-9.318327359418535e-14
4.8427697038223556e-17,5.564181193081482e-12,-8.378221438067941e-14
4.354155924755555e-17,5.002823237880505e-12,-7.532961522766379e-14
3.9146926441747635e-17,4.498099450521047e-12,-6.772976276735147e-14
3.518597450493393e-17,4.044296128922195e-12,-6.08966580834209e-14
3.1629791379181473e-17,3.6362760232281117e-12,-5.47529325088435e-14
2.844946500655733e-17,3.269420164747474e-12,-4.9229009176203655e-14
2.5587171271195597e-17,2.9395755857247134e-12,-4.426240912830826e-14
2.3013998115163334e-17,2.643008297491797e-12,-3.97968695004198e-14
2.070103348052759e-17,2.376361028267543e-12,-3.578185201527148e-14
1.8619365309355423e-17,2.136615211029456e-12,-3.217190691779271e-14
1.674008154371388e-17,1.9210568203032686e-12,-2.892613810203734e-14
1.5063182183602967e-17,1.7272456386453602e-12,-2.6007827254430523e-14
1.3530843113156788e-17,1.552987642013424e-12,-2.338395680481284e-14
1.217197639030829e-17,1.3963101498526734e-12,-2.1024805157629212e-14
1.0957669957124525e-17,1.2554395013731104e-12,-1.890364311532064e-14
9.859011755672546e-18,1.1287809833533058e-12,-1.6996502581860704e-14
8.904913843885302e-18,1.014900763718198e-12,-1.5281757337915563e-14
8.008640047963952e-18,9.12509668260586e-13,-1.3740007392612209e-14
7.199102425841442e-18,8.204485836658801e-13,-1.2353804318988108e-14
6.4763009775177726e-18,7.376753386658146e-13,-1.1107463325614637e-14
5.8113236450599966e-18,6.632529043048046e-13,-9.986860872191552e-15
5.233082486401061e-18,5.96338783214684e-13,-8.97930456528629e-15
4.712665443608019e-18,5.361754794776095e-13,-8.073403054073269e-15
4.25007251668087e-18,4.820819189728692e-13,-7.258892557986293e-15
3.8163916476866686e-18,4.334457370854289e-13,-6.526564586573718e-15
3.44053489455836e-18,3.8971635426805687e-13,-5.868106923179821e-15
3.093590199362999e-18,3.5039873103681083e-13,-5.276089168915836e-15
2.775557562100584e-18,3.150479578021968e-13,-4.743789270312353e-15
2.4864369827711162e-18,2.832636459299304e-13,-4.265193519319318e-15
2.2262284613745953e-18,2.5468598124502884e-13,-3.834880905074305e-15
1.994931997911021e-18,2.289914125211718e-13,-3.447979745815611e-15
1.7925475923803935e-18,2.058891567356986e-13,-3.1001243207953615e-15
1.6190752447827129e-18,1.8511763565846818e-13,-2.7873536780767433e-15
1.4456028971850322e-18,1.664417075223119e-13,-2.5061405465919363e-15
1.3010426075202982e-18,1.4964990953550815e-13,-2.2533045999683167e-15
1.1564823178555642e-18,1.3455219912725645e-13,-2.0259546324125895e-15
1.040834086123777e-18,1.2097770603517308e-13,-1.821560838855622e-15
9.2518585439199e-19,1.0877266870715616e-13,-1.637781342604846e-15
8.384496805931496e-19,9.779897062845275e-14,-1.4725344754890887e-15
7.517135067943093e-19,8.793242728222636e-14,-1.3239698658006417e-15
6.64977332995469e-19,7.906130079258064e-14,-1.1903961581504275e-15
6.071532171295754e-19,7.108511814419135e-14,-1.0702954694969666e-15
5.493291012636819e-19,6.391367733031495e-14,-9.623089331174103e-16
4.915049853977883e-19,5.746574631018157e-14,-8.65222242578575e-16
4.336808695318947e-19,5.166833297953226e-14,-7.779367396790086e-16
3.758567536660012e-19,4.645581058086646e-14,-6.994549584200246e-16
3.469446957330544e-19,4.176916598993578e-14,-6.288950810346679e-16
3.1803263780010763e-19,3.755530582635362e-14,-5.654475699008162e-16
2.8912057986716085e-19,3.376661554471165e-14,-5.084040795991122e-16
2.6020852193421407e-19,3.03601571249722e-14,-4.571140888260646e-16
2.312964640012673e-19,2.729736910986721e-14,-4.109993564230145e-16
2.0238440606832051e-19,2.4543578713920585e-14,-3.695394653471688e-16
1.7347234813537373e-19,2.206761151066613e-14,-3.322573666426339e-16
1.4456029020242696e-19,1.9841440873945095e-14,-2.987338354693821e-16
1.1564823226948018e-19,1.7839862717254432e-14,-2.685930150742851e-16
1.1564823226948018e-19,1.6040173847102292e-14,-2.414879607621475e-16
1.1564823226948018e-19,1.442209606885596e-14,-2.1712955195363981e-16
1.1564823226948018e-19,1.2967262997713526e-14,-1.9522866806943263e-16
1.1564823226948018e-19,1.1659162234588039e-14,-1.755251005881294e-16
1.1564823226948018e-19,1.0483073927984388e-14,-1.578164651041995e-16
1.1564823226948018e-19,9.425597339050651e-15,-1.419003772121123e-16
1.4456029020242696e-19,8.474806243889488e-15,-1.2757445250633717e-16
1.1564823226948018e-19,7.61993812893536e-15,-1.1469413069720939e-16
1.1564823226948018e-19,6.851361664889352e-15,-1.0312930752403068e-16
1.1564823226948018e-19,6.160323726212266e-15,-9.272096666816983e-17
1.1564823226948018e-19,5.53900360123324e-15,-8.336791592686155e-17
1.1564823226948018e-19,4.980321449765943e-15,-7.495450706837403e-17
1.1564823226948018e-19,4.4780033552389254e-15,-6.739400391890845e-17
1.1564823226948018e-19,4.026407852348022e-15,-6.059967030466596e-17
1.1564823226948018e-19,3.6203741387522005e-15,-5.4484770051847714e-17
1.1564823226948018e-19,3.255258215145982e-15,-4.897702301562135e-17
1.1564823226948018e-19,2.9269798673535796e-15,-4.403306110908745e-17
1.1564823226948018e-19,2.631863650010267e-15,-3.9595060216380116e-17
1.1564823226948018e-19,2.3665196243234063e-15,-3.560519622163346e-17
1.4456029020242696e-19,2.127904796195555e-15,-3.2005645008981585e-17
1.1564823226948018e-19,1.9133628703041235e-15,-2.8767494520491544e-17
1.4456029020242696e-19,1.7204652337827442e-15,-2.586183269823039e-17
1.1564823226948018e-19,1.5470290262574798e-15,-2.325974748426518e-17
1.1564823226948018e-19,1.3911315958757891e-15,-2.091787079169649e-17
1.1564823226948018e-19,1.2509623250096214e-15,-1.8807290562591376e-17
1.1564823226948018e-19,1.1249346644799064e-15,-1.691355076798336e-17
1.1564823226948018e-19,1.0116246954334463e-15,-1.5207739349939502e-17
1.1564823226948018e-19,9.097458312922252e-16,-1.3675400279493324e-17
1.1564823226948018e-19,8.181452037461665e-16,-1.2302077527678351e-17
1.1564823226948018e-19,7.35785592716926e-16,-1.1058859036561639e-17
1.1564823226948018e-19,6.61734584336166e-16,-9.945744806143188e-18
1.1564823226948018e-19,5.951537289238312e-16,-8.948278807456523e-18
1.1564823226948018e-19,5.352913129736649e-16,-8.052005011535173e-18
1.1564823226948018e-19,4.814679031242428e-16,-7.242467389412663e-18
1.1564823226948018e-19,4.3307273215173147e-16,-6.50520991212252e-18
1.1564823226948018e-19,3.8956008496264655e-16,-5.8546886086312176e-18
1.1564823226948018e-19,3.504384565721279e-16,-5.261991421005808e-18
1.1564823226948018e-19,3.152199560025571e-16,-4.71266232027982e-18
1.1564823226948018e-19,2.8359739263839656e-16,-4.235613364386198e-18
1.1564823226948018e-19,2.551226295816856e-16,-3.787476466425523e-18
1.1564823226948018e-19,2.295643703689607e-16,-3.4116197132972145e-18
1.1564823226948018e-19,2.0653953023261017e-16,-3.0502189891353798e-18
1.1564823226948018e-19,1.8583849675262026e-16,-2.732186351872965e-18
1.1564823226948018e-19,1.6722635945828576e-16,-2.443065772543497e-18
1.1564823226948018e-19,1.5049350592959282e-16,-2.1828572511469762e-18
1.1564823226948018e-19,1.3544839378273564e-16,-1.951560787683402e-18
1.1564823226948018e-19,1.2192116467735816e-16,-1.7491763821527745e-18
1.1564823226948018e-19,1.097564163020708e-16,-1.5757040345550938e-18
1.1564823226948018e-19,9.882043038893368e-17,-1.4166877159238865e-18
1.1564823226948018e-19,8.898671668449015e-17,-1.2721274262591525e-18
